-5555.56,15.5247,-18.5016
-5550.13,-5.07558,-41.5358
-5544.7,6.00616,-39.0684
-5539.28,-4.3878,-41.2025
-5533.85,-40.4198,-22.4746
-5528.43,-46.3571,25.1979
-5523,5.22731,62.687
-5517.58,30.678,51.6382
-5512.15,-4.9717,1.33865
-5506.73,-16.1883,-24.5332
-5501.3,50.2746,-14.134
-5495.88,67.6049,5.19112
-5490.45,-13.6821,-3.89126
-5485.03,-30.9406,-10.1039
-5479.6,0.113605,-4.36031
-5474.17,-10.2194,-33.6176
-5468.75,-23.5029,-43.8174
-5463.32,-32.6728,-37.665
-5457.9,-29.4456,-56.1965
-5452.47,-34.7893,-69.4583
-5447.05,-14.4006,-39.5839
-5441.62,52.0018,-18.1347
-5436.2,46.8248,-35.0455
-5430.77,12.8436,-28.7743
-5425.35,27.0783,-9.42935
-5419.92,53.1493,-0.893753
-5414.5,61.1529,-32.2174
-5409.07,48.2621,-57.6866
-5403.65,10.7228,-35.112
-5398.22,-22.4906,-23.1793
-5392.79,-15.0178,-12.0982
-5387.37,5.25925,1.20914
-5381.94,11.1385,0.629405
-5376.52,28.0625,19.9758
-5371.09,81.8332,45.2452
-5365.67,65.4127,36.1357
-5360.24,-3.73049,5.52481
-5354.82,-6.89375,-13.6591
-5349.39,8.02311,-2.57663
-5343.97,-15.2926,-20.4425
-5338.54,-51.2829,-41.2551
-5333.12,-32.5745,2.90875
-5327.69,36.8632,-2.1036
-5322.27,61.7016,-18.7315
-5316.84,31.5956,14.655
-5311.41,-6.9359,2.65711
-5305.99,-49.6264,-17.444
-5300.56,-35.9617,-29.2888
-5295.14,-6.41725,-32.897
-5289.71,-10.7656,-15.3144
-5284.29,33.3351,-1.45877
-5278.86,71.1732,-3.29753
-5273.44,29.8978,-16.3841
-5268.01,-10.3182,-13.6716
-5262.59,-0.465367,-9.20136
-5257.16,16.4337,-0.487183
-5251.74,8.25941,-9.11567
-5246.31,-7.03014,-32.9868
-5240.88,14.9983,-13.8789
-5235.46,35.1401,5.86587
-5230.03,6.5126,-7.36664
-5224.61,-30.9499,-16.364
-5219.18,-54.1512,-28.8491
-5213.76,-43.9974,-41.7584
-5208.33,1.25815,-17.2184
-5202.91,42.2927,5.29557
-5197.48,58.2928,-33.1209
-5192.06,43.2625,-74.9605
-5186.63,29.7573,-59.1028
-5181.21,53.6867,-9.85024
-5175.78,57.5616,16.6864
-5170.36,5.14134,-18.4314
-5164.93,16.0258,-64.6636
-5159.5,60.1954,-76.3967
-5154.08,26.565,-55.1629
-5148.65,-5.97458,-13.4699
-5143.23,-36.2761,-19.6829
-5137.8,-43.0723,-59.7297
-5132.38,4.61779,-50.7039
-5126.95,22.5462,12.6752
-5121.53,13.8838,51.5483
-5116.1,21.3996,24.2375
-5110.68,17.8838,-1.56026
-5105.25,15.3277,-16.9541
-5099.83,57.1637,-13.8484
-5094.4,59.0841,21.1135
-5088.98,14.2089,20.6394
-5083.55,0.809023,12.7806
-5078.12,-13.9288,30.9867
-5072.7,1.42212,30.9346
-5067.27,39.8171,29.104
-5061.85,20.3454,0.589511
-5056.42,-9.818,-72.4331
-5051,-32.6993,-78.0453
-5045.57,-74.3262,-2.75399
-5040.15,-64.3915,46.6836
-5034.72,-7.01855,32.6256
-5029.3,1.87637,25.5206
-5023.87,-10.4001,52.5236
-5018.45,-3.76307,68.5917
-5013.02,-2.97858,56.9851
-5007.6,-4.92027,24.664
-5002.17,7.47963,21.2604
-4996.74,35.5598,16.1302
-4991.32,37.1046,-9.72713
-4985.89,25.2097,8.9499
-4980.47,-6.41643,40.585
-4975.04,-43.1341,42.4084
-4969.62,-35.3293,-7.29972
-4964.19,-25.0932,-71.7087
-4958.77,-5.27967,-35.1927
-4953.34,-4.13055,25.3535
-4947.92,4.79255,8.41142
-4942.49,26.1232,7.15531
-4937.07,-11.1604,31.9396
-4931.64,-45.9835,5.20581
-4926.21,-28.8091,-44.8204
-4920.79,14.5885,-53.4526
-4915.36,23.5005,-19.1185
-4909.94,3.66532,-0.558846
-4904.51,12.2925,0.487349
-4899.09,13.2621,14.6626
-4893.66,-14.0639,-7.6355
-4888.24,0.373976,-33.6164
-4882.81,30.0363,-21.1852
-4877.39,26.0541,-27.5594
-4871.96,18.9416,-35.5481
-4866.54,10.199,7.10253
-4861.11,-6.70339,28.919
-4855.69,-12.063,10.7899
-4850.26,14.327,22.9898
-4844.83,37.2916,7.16139
-4839.41,27.4694,-28.5691
-4833.98,13.47,-11.4609
-4828.56,-7.84001,-3.74055
-4823.13,-6.5015,-4.34263
-4817.71,21.0082,-1.73563
-4812.28,9.8774,-17.6056
-4806.86,-7.18962,-12.6034
-4801.43,16.5621,11.3324
-4796.01,49.8824,44.0972
-4790.58,50.1654,54.0869
-4785.16,19.1392,41.6351
-4779.73,-16.4137,29.4515
-4774.31,-23.8758,-0.274659
-4768.88,-5.28668,-34.7002
-4763.45,-7.52016,-45.3417
-4758.03,-4.04166,-14.0513
-4752.6,36.3774,0.104836
-4747.18,33.5568,-32.7291
-4741.75,-13.5463,-33.9599
-4736.33,-21.1795,15.9806
-4730.9,10.4865,53.3431
-4725.48,29.2916,17.7766
-4720.05,20.0222,-16.1551
-4714.63,3.06814,30.642
-4709.2,-6.53806,43.9805
-4703.78,-1.17278,-1.65543
-4698.35,14.7144,-31.1087
-4692.92,46.3562,-22.9608
-4687.5,64.9149,19.1358
-4682.07,29.0724,30.8235
-4676.65,8.72907,15.871
-4671.22,35.8931,27.9876
-4665.8,49.1805,20.7114
-4660.37,47.5427,-3.58644
-4654.95,37.7327,2.14892
-4649.52,17.9611,-18.0287
-4644.1,8.84656,-38.5498
-4638.67,-4.17531,-12.5754
-4633.25,-19.147,-26.443
-4627.82,0.272484,-75.697
-4622.4,13.3765,-54.415
-4616.97,1.12705,14.4976
-4611.54,-10.1646,26.251
-4606.12,6.66079,-4.59718
-4600.69,25.676,-17.3257
-4595.27,0.513832,-50.4535
-4589.84,11.4927,-105.008
-4584.42,46.838,-116.123
-4578.99,24.9297,-50.4136
-4573.57,6.12905,27.3606
-4568.14,-9.87834,31.4782
-4562.72,-29.2811,30.1777
-4557.29,-15.063,47.9475
-4551.87,4.83473,49.0608
-4546.44,44.1999,41.9603
-4541.02,54.525,5.71197
-4535.59,-0.755713,-4.43245
-4530.16,-36.4938,15.2076
-4524.74,-27.3906,-13.4647
-4519.31,2.98447,-39.8196
-4513.89,24.8746,-16.0619
-4508.46,13.4463,32.1779
-4503.04,12.5423,56.0182
-4497.61,28.5584,26.3616
-4492.19,-12.3939,-16.4645
-4486.76,-52.7573,-34.1418
-4481.34,-27.4575,-27.1274
-4475.91,-7.95806,-29.0061
-4470.49,14.6351,-31.2298
-4465.06,29.4354,-10.5438
-4459.63,1.60524,10.8423
-4454.21,-18.5569,48.8014
-4448.78,-16.9208,75.8098
-4443.36,0.487207,46.1126
-4437.93,18.4833,14.5006
-4432.51,24.8356,1.50861
-4427.08,49.3845,-34.0252
-4421.66,11.3369,-61.8094
-4416.23,-90.8554,-38.3799
-4410.81,-96.8788,2.928
-4405.38,-29.3671,20.864
-4399.96,-0.309319,30.7538
-4394.53,-17.1893,40.756
-4389.11,-8.44881,11.1709
-4383.68,55.3573,-8.54031
-4378.25,75.5606,3.68565
-4372.83,23.7862,-28.5188
-4367.4,-9.26693,-57.6337
-4361.98,7.40662,-40.8016
-4356.55,11.8181,-36.3635
-4351.13,-15.5282,-52.9156
-4345.7,-4.6188,-42.1671
-4340.28,5.87056,2.62077
-4334.85,-5.3932,34.1795
-4329.43,22.4526,50.9305
-4324,7.92223,38.2106
-4318.58,-67.0308,8.43354
-4313.15,-72.8698,8.41766
-4307.73,31.9812,49.8933
-4302.3,109.507,101.437
-4296.87,56.2633,97.6826
-4291.45,-18.0958,26.0524
-4286.02,-34.8949,-36.0619
-4280.6,-2.50282,-29.3986
-4275.17,31.0411,-2.12549
-4269.75,-14.5024,4.49006
-4264.32,-73.2353,22.592
-4258.9,-34.596,65.9345
-4253.47,40.4309,47.2836
-4248.05,49.9393,5.54755
-4242.62,1.29666,-10.2397
-4237.2,-34.2355,-23.2353
-4231.77,7.23915,20.7674
-4226.35,50.8478,42.5082
-4220.92,49.5861,-20.3137
-4215.49,75.4043,-59.0245
-4210.07,71.1773,-25.339
-4204.64,15.6773,27.8239
-4199.22,-15.3444,50.8322
-4193.79,10.3148,6.48252
-4188.37,41.933,-30.3456
-4182.94,-6.70475,7.58002
-4177.52,-57.6023,35.1595
-4172.09,-31.6522,26.6484
-4166.67,35.0118,-14.6515
-4161.24,88.2056,-73.3464
-4155.82,35.4042,-81.9495
-4150.39,-42.1967,-44.5104
-4144.96,-13.2677,-2.89007
-4139.54,20.9722,34.2477
-4134.11,33.194,70.4043
-4128.69,57.4906,68.251
-4123.26,54.7669,28.766
-4117.84,20.4937,7.95092
-4112.41,-14.823,-8.19204
-4106.99,6.42281,-47.7141
-4101.56,50.0679,-52.3086
-4096.14,67.3963,5.57335
-4090.71,46.0899,40.558
-4085.29,8.12571,48.5352
-4079.86,2.26509,47.1012
-4074.44,5.98295,2.86569
-4069.01,9.92852,-3.69946
-4063.58,-15.6175,35.6114
-4058.16,-36.4866,45.4361
-4052.73,2.91467,8.41078
-4047.31,36.8752,-40.209
-4041.88,6.34169,-50.8944
-4036.46,-39.5701,-42.5544
-4031.03,-31.7162,-27.7349
-4025.61,-15.0911,-35.8042
-4020.18,8.76022,-54.6405
-4014.76,54.3877,-27.6673
-4009.33,46.4154,-7.37778
-4003.91,-17.0136,-9.7001
-3998.48,-43.5965,-15.2146
-3993.06,-34.6024,-39.6342
-3987.63,-33.8751,-27.5555
-3982.2,-15.1921,-10.7602
-3976.78,-5.59257,-25.0557
-3971.35,-10.5632,-5.78455
-3965.93,14.0602,2.43191
-3960.5,25.0407,-18.2105
-3955.08,-4.23794,-15.3715
-3949.65,-47.6545,-13.6247
-3944.23,-76.9127,-24.5812
-3938.8,-33.2791,4.32177
-3933.38,35.4204,33.7871
-3927.95,42.4509,8.10151
-3922.53,14.3799,-32.9524
-3917.1,6.14566,-51.7238
-3911.68,33.7783,-50.0584
-3906.25,56.7624,-35.8364
-3900.82,42.54,-43.6138
-3895.4,-16.2892,-30.7202
-3889.97,-68.7479,77.9107
-3884.55,-26.001,126.877
-3879.12,49.8985,54.7277
-3873.7,68.2023,-8.9991
-3868.27,73.9881,-36.9489
-3862.85,96.2084,-11.6019
-3857.42,122.577,50.1801
-3852,92.0334,46.5836
-3846.57,17.9201,9.54742
-3841.15,15.6659,12.5842
-3835.72,47.191,12.4792
-3830.29,26.0197,10.9262
-3824.87,-0.761512,5.5901
-3819.44,10.2565,-16.5213
-3814.02,-8.90658,-29.2179
-3808.59,-37.4165,-28.4145
-3803.17,-40.9134,13.0838
-3797.74,-26.3688,29.4672
-3792.32,11.6754,-13.7511
-3786.89,-6.06674,6.81342
-3781.47,-55.9508,61.4201
-3776.04,-50.756,38.0402
-3770.62,4.68785,-7.71759
-3765.19,40.8548,-10.2933
-3759.77,35.7264,-21.3184
-3754.34,13.8489,-46.1674
-3748.91,-7.8889,4.3469
-3743.49,-20.6178,75.4337
-3738.06,-46.0488,78.7054
-3732.64,-54.1682,57.1886
-3727.21,-34.4606,28.4759
-3721.79,-22.2692,6.3939
-3716.36,-9.35852,-4.37905
-3710.94,15.1359,-12.7624
-3705.51,31.7701,-3.38298
-3700.09,32.6131,23.1145
-3694.66,0.0286369,34.5241
-3689.24,-22.3043,37.7063
-3683.81,-6.97816,20.5014
-3678.39,2.6146,-20.2328
-3672.96,37.7662,-21.8162
-3667.53,66.6245,-3.65239
-3662.11,28.0184,45.7729
-3656.68,-26.0391,53.5907
-3651.26,-30.9339,7.97831
-3645.83,18.7621,6.45058
-3640.41,50.5751,-14.3547
-3634.98,25.2841,-32.5745
-3629.56,-21.0376,-20.1336
-3624.13,-68.3347,-49.6171
-3618.71,-63.4059,-87.1111
-3613.28,-25.1603,-48.978
-3607.86,-25.4029,-18.5698
-3602.43,-40.5518,-56.9529
-3597,-32.1481,-85.1967
-3591.58,-26.6993,-53.2118
-3586.15,-41.4074,2.23415
-3580.73,-20.4037,-6.73511
-3575.3,4.70992,-39.5358
-3569.88,-21.9812,-5.92935
-3564.45,-29.6533,43.733
-3559.03,-15.2226,47.6014
-3553.6,-16.0162,44.3002
-3548.18,-26.0453,30.0353
-3542.75,-43.9588,-3.91728
-3537.33,-19.9443,-17.9852
-3531.9,35.9406,-6.5038
-3526.48,44.5188,20.1614
-3521.05,13.0671,17.5744
-3515.62,21.2584,-14.7344
-3510.2,22.4707,-24.7837
-3504.77,0.477225,-23.9618
-3499.35,26.9124,-23.6031
-3493.92,31.2001,6.15103
-3488.5,-14.9257,17.7489
-3483.07,-49.1487,-32.0216
-3477.65,-31.6178,-78.64
-3472.22,2.85336,-61.1253
-3466.8,-12.8616,-37.5291
-3461.37,-9.70663,-79.8811
-3455.95,14.7665,-105.264
-3450.52,7.08362,-86.1672
-3445.1,2.0893,-49.6422
-3439.67,-25.7432,5.75248
-3434.24,-51.5771,35.4194
-3428.82,-11.8716,25.3387
-3423.39,46.9372,4.19926
-3417.97,34.9087,42.7556
-3412.54,9.12234,70.9852
-3407.12,37.168,30.2917
-3401.69,76.2241,29.5382
-3396.27,66.2974,46.1989
-3390.84,-26.8056,20.2451
-3385.42,-85.4893,32.9317
-3379.99,-60.8495,64.2151
-3374.57,-16.4016,38.6745
-3369.14,6.24782,21.2661
-3363.71,9.1658,-28.2701
-3358.29,5.57796,-116.768
-3352.86,-57.6144,-94.8536
-3347.44,-59.1382,8.07606
-3342.01,32.3515,44.1904
-3336.59,43.2606,22.2067
-3331.16,29.3003,36.3086
-3325.74,38.148,47.3879
-3320.31,30.8043,-1.82785
-3314.89,24.3427,-23.599
-3309.46,31.0571,-12.8246
-3304.04,35.8299,-5.66467
-3298.61,7.99918,-8.82676
-3293.19,18.5719,-34.1875
-3287.76,65.5403,-28.2786
-3282.33,52.5515,-10.442
-3276.91,-11.2634,-30.6845
-3271.48,-48.4501,-33.4616
-3266.06,-13.1316,10.2413
-3260.63,-25.7471,-24.8617
-3255.21,-70.6378,-66.7699
-3249.78,-33.5531,-3.19101
-3244.36,-17.0976,32.2419
-3238.93,-4.39709,7.73685
-3233.51,9.1523,-18.7428
-3228.08,-19.4296,-29.3086
-3222.66,4.62171,-21.4634
-3217.23,22.9044,-58.2764
-3211.81,-7.71896,-95.8865
-3206.38,-43.4715,-92.5431
-3200.95,-65.254,-82.7994
-3195.53,5.20031,-25.8309
-3190.1,58.4535,35.8481
-3184.68,34.5316,66.9568
-3179.25,20.4348,44.3984
-3173.83,5.43003,7.77381
-3168.4,3.19644,-25.8647
-3162.98,-1.98003,-25.2358
-3157.55,-23.4302,85.4446
-3152.13,-49.8339,125.815
-3146.7,-45.7189,68.1204
-3141.28,5.76604,23.7003
-3135.85,26.6185,-30.9152
-3130.43,-28.6323,-65.7262
-3125,-84.4446,-36.955
-3119.57,-53.9942,13.1558
-3114.15,-14.0092,-5.99833
-3108.72,2.65538,-30.8856
-3103.3,26.6002,13.033
-3097.87,-5.12417,54.9184
-3092.45,-46.4594,61.0735
-3087.02,-11.9286,27.2737
-3081.6,38.6523,-6.86944
-3076.17,47.194,-10.1343
-3070.75,45.4838,-3.26907
-3065.32,16.716,3.96149
-3059.9,-79.0503,35.9507
-3054.47,-101.187,58.8831
-3049.04,-18.7151,20.3212
-3043.62,24.1014,-28.6508
-3038.19,5.50751,-53.7398
-3032.77,-27.9068,-21.0924
-3027.34,-19.4784,5.99451
-3021.92,-19.6234,-26.1046
-3016.49,-74.735,-14.3953
-3011.07,-128.884,5.70892
-3005.64,-91.3454,-36.9507
-3000.22,17.5554,-71.9377
-2994.79,54.833,-57.6173
-2989.37,32.2087,-19.3252
-2983.94,43.3682,32.254
-2978.52,108.243,52.6307
-2973.09,121.634,7.12203
-2967.66,69.8217,-10.2512
-2962.24,-3.58728,-84.0689
-2956.81,-101.423,-238.742
-2951.39,-88.2154,-180.656
-2945.96,-34.9207,-9.58188
-2940.54,-49.7967,-0.635935
-2935.11,-31.5049,-65.0165
-2929.69,41.8638,-69.5555
-2924.26,75.2495,-32.4845
-2918.84,39.2224,27.665
-2913.41,11.3259,47.6083
-2907.99,16.6749,6.36143
-2902.56,25.7934,16.9233
-2897.14,-2.47279,37.7645
-2891.71,-6.84045,34.4377
-2886.28,8.11692,20.1415
-2880.86,-26.6801,5.30289
-2875.43,-23.4935,14.7454
-2870.01,-13.8425,14.8709
-2864.58,-60.5345,1.52355
-2859.16,-68.1459,-42.5456
-2853.73,-17.7164,-52.5915
-2848.31,41.4091,-22.1972
-2842.88,103.121,-47.1834
-2837.46,107.882,-68.3376
-2832.03,51.6788,-65.9269
-2826.61,15.9141,-36.2767
-2821.18,0.0772123,-22.1197
-2815.75,11.6968,-71.9349
-2810.33,-0.260786,-40.2739
-2804.9,-17.6109,9.74597
-2799.48,49.6353,-18.4789
-2794.05,70.7919,-56.1432
-2788.63,24.9715,-54.9705
-2783.2,42.8543,-3.6729
-2777.78,61.374,-2.53155
-2772.35,37.7755,-8.53858
-2766.93,5.40022,61.1414
-2761.5,44.0529,53.2925
-2756.08,149.097,18.4316
-2750.65,88.6532,17.3848
-2745.23,-21.3724,-32.8257
-2739.8,47.31,19.337
-2734.37,64.1747,128.723
-2728.95,-7.34782,128.016
-2723.52,32.2208,96.7077
-2718.1,37.6776,41.6317
-2712.67,-5.55488,-8.60719
-2707.25,53.9306,43.1928
-2701.82,83.9541,38.4146
-2696.4,25.6211,-9.79571
-2690.97,-25.8657,27.1538
-2685.55,-13.0195,33.6491
-2680.12,-23.4046,17.8755
-2674.7,-87.7487,37.5834
-2669.27,-71.5019,22.4799
-2663.85,121.83,-16.0182
-2658.42,424.539,-41.4196
-2652.99,382.025,-61.8315
-2647.57,80.15,-10.0568
-2642.14,16.9002,39.5815
-2636.72,86.2122,16.1373
-2631.29,54.3372,37.6512
-2625.87,5.42447,41.3574
-2620.44,48.0644,-28.9572
-2615.02,33.016,-54.7461
-2609.59,19.4791,-52.6731
-2604.17,23.9274,-67.7391
-2598.74,-26.3933,-29.3811
-2593.32,20.9823,57.5946
-2587.89,106.479,65.3682
-2582.47,55.9397,12.3579
-2577.04,-54.4524,-16.5611
-2571.61,-40.8581,9.36436
-2566.19,33.5962,90.9086
-2560.76,90.2963,124.941
-2555.34,94.9743,106.746
-2549.91,47.8194,50.7804
-2544.49,53.6884,-7.61795
-2539.06,66.7459,21.5291
-2533.64,-18.7265,45.0292
-2528.21,-158.117,-19.0735
-2522.79,-162.712,-49.2885
-2517.36,11.9768,-23.9674
-2511.94,137.028,-80.6609
-2506.51,108.167,-65.7769
-2501.08,94.7024,77.9349
-2495.66,97.6604,69.379
-2490.23,-11.9804,-0.493167
-2484.81,-129.143,29.1542
-2479.38,-52.6859,32.1373
-2473.96,19.9787,54.6397
-2468.53,-49.0553,149.562
-2463.11,-14.217,199.212
-2457.68,3.23172,267.27
-2452.26,-90.4634,245.063
-2446.83,-85.1377,57.6038
-2441.41,-36.8819,-5.72416
-2435.98,-36.949,42.6442
-2430.56,25.8038,-2.61011
-2425.13,70.2506,-56.5374
-2419.7,2.16904,-52.4242
-2414.28,-14.8595,-35.4527
-2408.85,21.5552,42.6736
-2403.43,-50.9321,58.2959
-2398,-86.105,-54.2047
-2392.58,18.1338,-184.3
-2387.15,13.165,-163.4
-2381.73,-96.0176,-19.7189
-2376.3,-38.7491,59.8497
-2370.88,129.804,49.1804
-2365.45,122.913,-61.2842
-2360.03,-198.809,-127.278
-2354.6,-409.204,-82.6207
-2349.18,-175.595,-61.954
-2343.75,-51.4725,-52.7755
-2338.32,-100.75,31.7493
-2332.9,-60.9759,77.5184
-2327.47,-59.1892,-26.7718
-2322.05,-2.12428,-104.93
-2316.62,67.8191,-3.32838
-2311.2,136.877,39.8074
-2305.77,193.55,-79.5108
-2300.35,113.816,-78.8621
-2294.92,148.305,-35.8888
-2289.5,165.467,-52.4065
-2284.07,52.194,-52.6565
-2278.65,107.345,-61.3672
-2273.22,121.608,-98.2342
-2267.79,-52.6088,-80.2329
-2262.37,-53.5462,-180.477
-2256.94,127.717,-546.526
-2251.52,96.3592,-459.889
-2246.09,16.1214,-6.24594
-2240.67,67.2702,163.395
-2235.24,63.2169,97.2837
-2229.82,66.4735,-8.69749
-2224.39,91.9613,115.786
-2218.97,88.0429,290.959
-2213.54,27.8121,245.393
-2208.12,-120.851,10.4113
-2202.69,-152.742,-224.83
-2197.27,0.0592346,-161.387
-2191.84,98.1097,-4.32483
-2186.41,86.686,21.2873
-2180.99,-1.15694,-49.9254
-2175.56,-55.9288,-137.598
-2170.14,15.0026,-54.4847
-2164.71,-6.88012,37.764
-2159.29,-115.667,196.243
-2153.86,-92.9398,349.159
-2148.44,-7.01215,-5.64738
-2143.01,-4.89004,-249.099
-2137.59,-66.4307,-33.6992
-2132.16,-23.3499,7.05412
-2126.74,219.597,-104.104
-2121.31,148.731,-194.131
-2115.89,-405.756,-326.738
-2110.46,-525.279,-193.878
-2105.03,-30.6128,173.366
-2099.61,287.388,306.601
-2094.18,268.205,34.4499
-2088.76,52.9959,-376.645
-2083.33,-406.188,-369.272
-2077.91,-642.424,-8.6091
-2072.48,-491.23,-40.2706
-2067.06,-421.636,-276.114
-2061.63,-165.994,183.833
-2056.21,406.504,1082.6
-2050.78,558.819,709.123
-2045.36,178.439,-80.183
-2039.93,-27.2568,-169.987
-2034.51,305.716,8.48119
-2029.08,390.334,33.3058
-2023.65,56.188,1228.99
-2018.23,-725.889,-2200.26
-2012.8,-2928.82,-18432.1
-2007.38,-3459.78,-21461.7
-2001.95,-1291.7,-5716.74
-1996.53,-275.848,495.088
-1991.1,-307.597,-254.983
-1985.68,-76.8508,-404.35
-1980.25,110.066,-728.234
-1974.83,33.6381,-501.288
-1969.4,109.722,-247.014
-1963.98,-6.33062,-50.7434
-1958.55,-1171.28,-523.44
-1953.12,-1561.82,-1003.48
-1947.7,-452.839,-712.579
-1942.27,-55.1613,-293.61
-1936.85,-327.454,-358.731
-1931.42,-53.8014,-426.465
-1926,300.368,-408.656
-1920.57,327.414,-330.969
-1915.15,205.427,81.5953
-1909.72,-37.5859,421.079
-1904.3,-140.976,208.394
-1898.87,-73.292,-203.528
-1893.45,21.9001,-420.035
-1888.02,100.537,-375.287
-1882.6,-59.6256,-344.505
-1877.17,-27.1641,-319.675
-1871.74,253.66,-242.981
-1866.32,296.815,-119.373
-1860.89,462.061,-94.9932
-1855.47,857.652,-348.951
-1850.04,764.451,-316.71
-1844.62,300.754,80.0313
-1839.19,111.005,149.227
-1833.77,24.6791,15.2738
-1828.34,-120.615,-74.445
-1822.92,-116.063,-178.442
-1817.49,-62.0562,-99.4046
-1812.07,-39.9052,-20.4955
-1806.64,-11.2678,-2.1377
-1801.22,-9.81707,161.569
-1795.79,2.18638,188.655
-1790.36,22.8972,35.222
-1784.94,97.8188,-90.4016
-1779.51,126.479,-83.8642
-1774.09,26.1267,74.35
-1768.66,-62.2267,167.257
-1763.24,-53.7409,70.2262
-1757.81,94.9451,12.5936
-1752.39,103.717,120.416
-1746.96,-68.381,134.537
-1741.54,-47.5511,58.7298
-1736.11,92.233,110.492
-1730.69,137.131,168.94
-1725.26,163.733,93.5847
-1719.83,152.904,88.3037
-1714.41,-23.0415,209.635
-1708.98,-139.63,102.314
-1703.56,-57.6773,-129.623
-1698.13,26.6543,-83.6072
-1692.71,40.2813,108.334
-1687.28,-24.4617,132.792
-1681.86,-91.0904,8.0311
-1676.43,-124.821,-77.9601
-1671.01,-171.544,-89.0993
-1665.58,-153.02,10.9754
-1660.16,-67.3134,140.266
-1654.73,-10.4918,95.3402
-1649.31,17.7336,16.604
-1643.88,30.0826,29.2877
-1638.45,-37.6398,-37.0358
-1633.03,-95.9705,-129.517
-1627.6,-35.4781,-64.7466
-1622.18,65.3853,-4.86381
-1616.75,40.1008,-30.8257
-1611.33,-53.9148,-60.4855
-1605.9,-25.4773,-81.3098
-1600.48,54.3033,-41.7525
-1595.05,131.632,22.6688
-1589.63,128.721,49.1099
-1584.2,70.0879,10.2087
-1578.78,80.62,-26.7492
-1573.35,58.1267,34.8026
-1567.93,-0.438568,102.306
-1562.5,-31.1095,32.7973
-1557.07,-80.2254,-166.117
-1551.65,-85.2677,-213.531
-1546.22,43.5882,-36.9737
-1540.8,129.821,54.1325
-1535.37,87.5461,16.5715
-1529.95,73.3927,16.3893
-1524.52,76.5967,73.9906
-1519.1,68.7107,70.1112
-1513.67,32.6214,68.5791
-1508.25,-68.8421,129.573
-1502.82,-82.81,45.4404
-1497.4,-25.958,-69.6576
-1491.97,-14.5313,-24.6064
-1486.55,29.3265,-11.9458
-1481.12,57.1379,-55.9727
-1475.69,9.4054,-42.82
-1470.27,5.61121,7.97584
-1464.84,12.1887,71.6605
-1459.42,93.1623,-75.0311
-1453.99,286.428,-276.509
-1448.57,303.216,-109.958
-1443.14,125.652,45.6015
-1437.72,-8.71731,2.11014
-1432.29,-13.7575,-14.4485
-1426.87,34.3416,-60.377
-1421.44,22.904,-80.1634
-1416.02,-25.0279,-51.1059
-1410.59,4.78647,-27.4347
-1405.16,36.2378,0.798103
-1399.74,17.0802,8.33488
-1394.31,19.4141,-11.4536
-1388.89,-1.3434,-47.3332
-1383.46,19.1913,-59.9312
-1378.04,49.488,-22.9571
-1372.61,-22.8114,29.1409
-1367.19,-55.9282,75.9082
-1361.76,-25.6262,30.0725
-1356.34,36.3803,-52.5313
-1350.91,60.047,-74.8211
-1345.49,-4.07245,-112.643
-1340.06,-22.3527,-71.1796
-1334.64,8.55121,42.4962
-1329.21,55.277,45.4717
-1323.78,91.8727,7.56496
-1318.36,69.5888,3.61917
-1312.93,38.8829,-22.7201
-1307.51,72.4918,-55.8645
-1302.08,73.5048,-35.2271
-1296.66,-8.49735,-19.6286
-1291.23,-23.2343,-50.2562
-1285.81,14.8387,-51.4721
-1280.38,2.80246,-39.4781
-1274.96,-35.8602,-44.5233
-1269.53,-22.9894,-23.5824
-1264.11,20.3256,47.2304
-1258.68,131.106,158.201
-1253.26,240.867,184.864
-1247.83,130.064,68.8979
-1242.4,11.8448,-1.31685
-1236.98,-4.95854,17.442
-1231.55,-10.6822,33.011
-1226.13,58.5727,72.1494
-1220.7,94.4295,90.6443
-1215.28,44.586,13.1521
-1209.85,10.5146,-68.7025
-1204.43,-29.5307,-44.9566
-1199,-46.3441,9.56084
-1193.58,3.98112,43.4577
-1188.15,11.1606,62.1543
-1182.73,-29.1786,10.27
-1177.3,-48.1126,-15.2852
-1171.87,-42.4849,28.6288
-1166.45,-46.7683,-13.0389
-1161.02,-12.0851,-53.6471
-1155.6,90.6463,72.4246
-1150.17,82.9579,112.101
-1144.75,-51.442,36.6936
-1139.32,-111.482,18.2719
-1133.9,-54.9928,-9.41033
-1128.47,28.9289,51.3613
-1123.05,67.4821,136.36
-1117.62,81.7154,107.429
-1112.2,42.8975,70.6301
-1106.77,-33.7312,71.689
-1101.35,-24.883,54.6085
-1095.92,1.58947,-7.21311
-1090.49,10.8244,-50.9426
-1085.07,37.5482,-83.1954
-1079.64,17.6257,-75.7777
-1074.22,12.7678,18.7216
-1068.79,19.5605,54.4897
-1063.37,-47.3333,-13.9086
-1057.94,31.7497,423.249
-1052.52,144.122,951.676
-1047.09,14.0015,520.994
-1041.67,-84.1736,37.4734
-1036.24,-39.9208,10.9511
-1030.82,4.19925,-3.66941
-1025.39,22.3352,-31.4724
-1019.97,-2.82647,-82.3127
-1014.54,-63.9626,-72.802
-1009.11,-19.0829,-54.8649
-1003.69,78.295,-68.7937
-998.264,78.5917,-53.129
-992.838,54.8553,-41.3523
-987.413,-7.8118,-5.57364
-981.988,-48.9298,76.9054
-976.562,-101.469,67.6737
-971.137,-183.516,14.3591
-965.712,-128.969,-6.44083
-960.286,-28.7859,84.1356
-954.861,16.5601,331.259
-949.436,17.3384,335.082
-944.01,-12.7612,64.4671
-938.585,-45.7594,-89.0045
-933.16,-54.4688,-103.186
-927.734,-68.4226,-70.4179
-922.309,-105.174,-43.124
-916.884,-62.2639,-33.8763
-911.458,32.7912,-15.2755
-906.033,73.455,47.6217
-900.608,65.0647,88.7039
-895.182,26.8353,24.7835
-889.757,19.8447,-19.4697
-884.331,55.9374,-52.6278
-878.906,32.9601,-113.506
-873.481,-7.78638,-101.323
-868.055,40.9379,-42.3769
-862.63,48.5376,21.5147
-857.205,240.717,445.087
-851.779,468.441,811.981
-846.354,189.086,420.278
-840.929,-62.063,17.9284
-835.503,-17.815,-57.0579
-830.078,-2.05091,-67.1787
-824.653,11.1076,-21.1272
-819.227,60.4841,-19.4823
-813.802,84.1141,-6.63757
-808.377,83.9342,37.35
-802.951,44.0144,30.6924
-797.526,-27.848,-13.4609
-792.101,0.255734,-12.584
-786.675,42.2749,11.4178
-781.25,-16.695,-11.8784
-775.825,-44.8712,-47.5101
-770.399,-21.5281,-35.6518
-764.974,11.85,13.9126
-759.549,-69.2969,-32.1481
-754.123,-354.595,-203.899
-748.698,-329.701,-169.371
-743.273,-22.2423,4.17646
-737.847,-2.16813,50.5775
-732.422,-72.0563,53.586
-726.996,-16.9406,40.5116
-721.571,6.66275,42.7578
-716.146,-46.9459,43.8164
-710.72,-77.6515,40.2533
-705.295,-45.0491,43.5908
-699.87,-35.3013,36.6272
-694.444,-56.974,66.8128
-689.019,-53.6878,68.6964
-683.594,-23.8034,12.1601
-678.168,12.3129,4.57705
-672.743,10.043,40.1887
-667.318,-24.9221,-7.93801
-661.892,-38.3942,-79.8909
-656.467,-152.269,-380.673
-651.042,-243.194,-592.344
-645.616,-133.956,-232.281
-640.191,-37.3542,1.53985
-634.766,7.89726,-28.4635
-629.34,12.8818,-13.0391
-623.915,-26.6952,0.557613
-618.49,-22.7646,4.86741
-613.064,-0.52485,8.44607
-607.639,13.6328,14.9633
-602.214,22.605,-9.69189
-596.788,30.3403,0.306669
-591.363,34.4461,30.637
-585.937,24.0317,32.5488
-580.512,13.8163,-1.85861
-575.087,40.8821,-11.3673
-569.661,38.1199,27.0511
-564.236,65.6904,64.4238
-558.811,-215.42,-115.463
-553.385,-945.384,-545.983
-547.96,-833.082,-511.102
-542.535,-128.72,-105.709
-537.109,12.7389,24.1814
-531.684,-14.7695,37.0975
-526.259,-19.9374,34.021
-520.833,-54.2243,-22.1666
-515.408,-5.47472,-65.03
-509.983,4.8059,-73.773
-504.557,-36.8085,-67.0085
-499.132,-5.46293,-16.1482
-493.707,10.6458,17.181
-488.281,11.8104,-1.271
-482.856,21.5397,-7.20992
-477.431,-9.83072,-17.1446
-472.005,8.94328,-13.449
-466.58,45.6045,43.613
-461.154,95.2565,-10.9356
-455.729,794.175,-1045.07
-450.304,1278.7,-1759.43
-444.878,506.638,-697.076
-439.453,-41.347,69.739
-434.028,54.1316,9.83477
-428.602,77.6062,32.683
-423.177,-1.58515,39.2361
-417.752,-82.3252,-1.58133
-412.326,-81.9554,-17.428
-406.901,-58.5511,19.6594
-401.476,-41.8945,49.4644
-396.05,-3.27295,57.5434
-390.625,33.3353,12.8041
-385.2,20.0337,-49.8464
-379.774,-60.7904,-73.6236
-374.349,-100.907,-85.2772
-368.924,-24.6518,-18.8676
-363.498,-4.65596,5.41517
-358.073,77.6117,393.72
-352.648,294.966,1214.8
-347.222,213.278,924.161
-341.797,-9.18533,79.6039
-336.371,8.03151,-37.0019
-330.946,37.1196,-34.4752
-325.521,-13.0856,-65.2428
-320.095,-48.0865,-29.5121
-314.67,-39.41,-5.04731
-309.245,8.56014,33.3244
-303.819,36.1988,84.6681
-298.394,26.6094,105.574
-292.969,31.8052,71.0522
-287.543,31.3994,44.4402
-282.118,3.51995,30.4026
-276.693,-22.5811,11.672
-271.267,8.2402,-6.63444
-265.842,4.18531,21.1627
-260.417,98.9913,-50.8973
-254.991,1321.1,-830.703
-249.566,2039.36,-1250.86
-244.141,781.148,-444.736
-238.715,-25.5853,45.1225
-233.29,37.9135,-4.82233
-227.865,24.4433,16.7796
-222.439,11.6934,54.3095
-217.014,1.10509,67.16
-211.589,2.22084,12.258
-206.163,-34.2671,-25.589
-200.738,-74.0255,-26.5134
-195.312,-68.8566,-38.1892
-189.887,-15.2572,-33.6628
-184.462,40.1707,5.93043
-179.036,25.2195,59.2699
-173.611,-17.0534,60.6595
-168.186,-47.9777,36.0896
-162.76,7.35126,-15.2917
-157.335,-402.684,203.645
-151.91,-1260.32,686.69
-146.484,-949.4,503.172
-141.059,-99.3608,29.5484
-135.634,23.1547,-28.9321
-130.208,24.114,5.01042
-124.783,38.5037,15.649
-119.358,-5.82986,-5.2706
-113.932,-35.4561,-21.6175
-108.507,-1.93556,2.06459
-103.082,201.916,44.7836
-97.6562,257.454,35.5761
-92.2309,61.1766,-14.9727
-86.8055,-7.20514,-55.9816
-81.3802,19.4393,-84.5237
-75.9549,12.1885,-33.7484
-70.5295,12.1946,13.3093
-65.1042,46.1422,30.4778
-59.6788,-68.8803,48.4386
-54.2535,-847.21,-79.0043
-48.8281,-1175.39,-153.858
-43.4028,-376.944,-39.1732
-37.9774,44.2916,-3.16378
-32.5521,-22.5942,-20.1793
-27.1267,-1.86363,-10.5539
-21.7014,35.9321,-14.7783
-16.276,49.0523,2.05911
-10.8507,18.9567,14.0864
-5.42535,-155.134,177.793
0,-302.014,359.926
5.42535,-148.153,183.65
10.8507,-17.1642,-16.2227
16.276,-10.5457,-47.9496
21.7014,8.31411,-37.9524
27.1267,10.7171,0.00261545
32.5521,23.7962,18.7468
37.9774,-4.57548,-44.1681
43.4028,104.034,364.415
48.8281,355.624,1130.81
54.2535,224.92,820.62
59.6788,-35.7418,76.245
65.1042,-38.0273,-40.1488
70.5295,-15.2248,-9.69804
75.9549,31.119,-17.864
81.3802,79.864,-33.8213
86.8055,56.3823,-2.6254
92.2309,4.12202,-62.8471
97.6562,-79.7419,-247.365
103.082,-79.1654,-191.072
108.507,-1.6972,2.26474
113.932,27.446,31.1636
119.358,6.20283,4.82603
124.783,-22.0973,-35.2012
130.208,-9.12168,-22.8776
135.634,24.4718,-27.8268
141.059,-11.8458,102.982
146.484,-330.667,1022.35
151.91,-457.406,1360.41
157.335,-130.626,431.929
162.76,13.7828,-9.89486
168.186,-27.2102,53.5157
173.611,-56.7766,27.3277
179.036,-62.7487,-14.5443
184.462,-12.8159,-38.5307
189.887,35.8007,9.17986
195.312,49.5658,61.1791
200.738,38.965,68.2969
206.163,31.1506,29.303
211.589,-12.4575,-0.0584126
217.014,-66.3316,10.5739
222.439,-55.5149,-2.08501
227.865,-20.7692,-21.1582
233.29,-1.8346,-38.1749
238.715,-39.9941,33.0319
244.141,302.335,-846.508
249.566,877.731,-2225.59
254.991,588.676,-1445.28
260.417,32.9344,-106.326
265.842,-21.568,-0.446904
271.267,5.10288,-9.26711
276.693,-7.57403,24.2648
282.118,-30.5519,1.81287
287.543,-49.2175,-23.2056
292.969,-75.4957,-18.9839
298.394,-108.591,-7.87246
303.819,-89.6677,-20.9465
309.245,-34.3045,-2.64335
314.67,11.8141,37.9348
320.095,37.4137,42.2314
325.521,66.5239,1.55759
330.946,27.5058,-42.5423
336.371,35.0451,-14.335
341.797,-76.7995,22.8689
347.222,-947.156,-49.5589
352.648,-1247.56,-79.5381
358.073,-401.216,-8.06407
363.498,-4.52445,5.52552
368.924,22.8617,21.001
374.349,101.504,84.5658
379.774,83.0612,47.0822
385.2,45.6103,-28.385
390.625,-18.3982,-30.6054
396.05,-56.1009,13.2155
401.476,-41.4381,49.8475
406.901,-9.19354,61.0755
412.326,31.3946,77.684
417.752,15.8528,80.7999
423.177,-38.3649,8.37434
428.602,-45.6628,-70.7519
434.028,-19.0852,-51.6014
439.453,-61.4997,52.8288
444.878,598.509,-619.986
450.304,1510.65,-1564.8
455.729,891.287,-963.584
461.154,-5.77165,-95.7084
466.58,-50.8696,-37.3384
472.005,11.6917,-11.1428
477.431,18.5912,6.70424
482.856,3.36002,-22.4645
488.281,-0.799175,-11.8517
493.707,-18.7687,-7.5007
499.132,16.8516,2.57587
504.557,72.3823,24.6136
509.983,71.8177,-17.5435
515.408,64.9927,-5.9008
520.833,31.2458,49.5513
526.259,-30.0421,25.5422
531.684,-33.9694,20.987
537.109,-26.0262,-8.34642
542.535,126.455,108.408
547.96,648,731.674
553.385,701.852,836.213
558.811,151.116,192.098
564.236,-74.8521,-53.5053
569.661,-33.2596,-32.8435
575.087,4.09546,-42.2349
580.512,-0.56884,-13.9292
585.937,-36.2274,-18.0147
591.363,-36.1531,-28.6029
596.788,-5.57053,-29.826
602.214,5.6194,-23.9445
607.639,-17.1033,-10.8273
613.064,-8.22688,1.98334
618.49,-0.841104,23.2636
623.915,4.08652,26.386
629.34,10.604,-14.9503
634.766,26.6597,-12.7199
640.191,4.96999,37.0541
645.616,252.013,91.5856
651.042,625.575,136.64
656.467,401.331,83.8525
661.892,85.3442,23.938
667.318,12.1451,23.1651
672.743,-41.3221,-2.91171
678.168,-6.64567,-11.331
683.594,-7.84193,25.5533
689.019,-58.33,64.8012
694.444,-55.9043,67.7104
699.87,-29.9408,41.1252
705.295,-35.1059,51.934
710.72,-26.1577,83.4617
716.146,-34.9986,53.8413
721.571,-43.2652,0.863369
726.996,-36.9544,23.7179
732.422,-40.2595,80.2667
737.847,-49.4326,10.9179
743.273,-0.250702,22.6297
748.698,224.049,295.282
754.123,262.376,313.802
759.549,43.6928,62.6616
764.974,-15.7584,-9.25411
770.399,38.8481,15.0107
775.825,54.58,35.9391
781.25,14.597,14.3787
786.675,-18.5853,-39.6501
792.101,12.3483,-2.43715
797.526,18.092,25.0873
802.951,-37.8691,-38.0162
808.377,-51.3576,-76.1734
813.802,-8.06953,-83.9889
819.227,8.6834,-62.9483
824.653,18.8775,-14.6075
830.078,66.5142,-9.64568
835.503,59.2846,7.63649
840.929,-6.87907,64.2334
846.354,-446.727,-113.233
851.779,-880.989,-320.326
857.205,-480.125,-159.771
862.63,-29.6163,-44.0643
868.055,34.6244,-47.6746
873.481,101.135,-9.92638
878.906,106.058,-52.1695
884.331,42.1149,-64.2264
889.757,15.7279,-22.9241
895.182,-29.0669,-22.124
900.608,-98.6546,-48.673
906.033,-59.6535,-64.0697
911.458,9.34923,-34.9456
916.884,44.1737,55.4354
922.309,60.7322,96.0881
927.734,81.2295,55.1552
933.16,111.077,35.7232
938.585,95.598,29.6084
944.01,-61.2718,23.7618
949.436,-333.002,41.1112
954.861,-329.102,41.2139
960.286,-77.8588,42.9585
965.712,28.7381,125.892
971.137,17.7258,183.221
976.562,-49.0257,111.679
981.988,-67.2404,61.5409
987.413,6.84545,6.72532
992.838,31.1986,-61.2027
998.264,38.6746,-86.6235
1003.69,54.1528,-89.0515
1009.11,57.3452,9.26582
1014.54,82.8029,50.349
1019.97,81.553,-11.5099
1025.39,27.1158,-27.461
1030.82,2.88441,-4.77266
1036.24,-3.85247,41.216
1041.67,-22.2875,89.402
1047.09,-515.51,76.6807
1052.52,-962.244,23.3241
1057.94,-422.332,42.2289
1063.37,21.9166,44.199
1068.79,-57.0585,-9.80137
1074.22,-20.6543,-9.32286
1079.64,71.5658,-30.5166
1085.07,75.4113,-51.4244
1090.49,48.289,-19.5061
1095.92,6.82753,-2.8178
1101.35,-49.458,33.9876
1106.77,-64.7426,45.6674
1112.2,-77.0066,-29.9812
1117.62,-119.987,-61.8193
1123.05,-146.007,-42.7783
1128.47,-55.6045,-19.5707
1133.9,18.8168,52.5231
1139.32,1.36425,112.961
1144.75,-27.2034,57.032
1150.17,-124.803,-62.2316
1155.6,-87.0649,-76.6928
1161.02,54.9306,2.58582
1166.45,20.962,43.7936
1171.87,-20.8165,46.8109
1177.3,23.4076,44.7274
1182.73,-5.04718,30.5187
1188.15,-63.1481,-0.198086
1193.58,-43.4888,3.62572
1199,-1.36809,47.3002
1204.43,49.4015,21.2754
1209.85,65.833,-22.2849
1215.28,-20.6945,-41.6248
1220.7,-105.665,-77.2547
1226.13,-81.2245,-45.1544
1231.55,-30.6547,16.2522
1236.98,-16.316,7.91201
1242.4,-0.760057,-11.8934
1247.83,-90.4364,-116.124
1253.26,-223.882,-205.106
1258.68,-178.564,-101.643
1264.11,-50.0424,-11.8154
1269.53,27.2162,18.5451
1274.96,50.0739,27.584
1280.38,38.3916,-9.61517
1285.81,48.1134,-23.5514
1291.23,53.5271,14.1545
1296.66,20.8059,4.95975
1302.08,21.928,-78.5052
1307.51,42.4278,-81.0913
1312.93,15.6223,-42.2376
1318.36,-15.6492,-67.9033
1323.78,-23.4035,-89.1633
1329.21,-54.3797,-46.5412
1334.64,-43.3355,-1.04193
1340.06,73.9797,9.65294
1345.49,111.639,-15.5497
1350.91,63.2573,-72.1273
1356.34,45.4159,-44.9495
1361.76,-25.1657,30.459
1367.19,-65.0432,68.2598
1372.61,-24.7372,27.525
1378.04,14.0148,-52.7228
1383.46,55.6882,-29.3066
1388.89,46.8474,-6.89633
1394.31,7.90834,-21.1081
1399.74,-11.1744,-15.3735
1405.16,-7.0787,-35.5487
1410.59,26.1867,-9.4777
1416.02,54.6755,15.7733
1421.44,74.9683,-36.4762
1426.87,53.4964,-44.3042
1432.29,16.6179,11.0395
1437.72,-0.564334,8.95129
1443.14,-66.7278,-115.824
1448.57,55.6351,-317.704
1453.99,222.57,-330.092
1459.42,57.7136,-104.776
1464.84,-72.6881,0.440079
1470.27,-8.82914,-4.14088
1475.69,40.5363,-16.6981
1481.12,45.2004,-65.9893
1486.55,6.67148,-30.9556
1491.97,26.7557,10.0376
1497.4,73.1069,13.4677
1502.82,-30.3703,89.4425
1508.25,-115.65,90.2963
1513.67,-73.2019,-20.2172
1519.1,-80.9775,-55.4921
1524.52,-86.1673,-62.5847
1529.95,-28.8848,-69.4317
1535.37,-31.522,-83.3384
1540.8,-75.8534,-118.449
1546.22,28.843,-49.3464
1551.65,225.093,46.893
1557.07,177.524,50.1607
1562.5,-26.8969,36.332
1567.93,-100.676,18.1972
1573.35,-44.3677,-51.2003
1578.78,12.3432,-84.0401
1584.2,-22.2242,-67.2504
1589.63,-70.7158,-118.237
1595.05,-45.1821,-125.696
1600.48,31.6886,-60.7286
1605.9,84.4985,10.9709
1611.33,68.9287,42.5925
1616.75,23.394,-44.8444
1622.18,-6.56414,-65.2366
1627.6,69.9237,23.6959
1633.03,144.214,72.0222
1638.45,43.0089,30.6368
1643.88,-34.0665,-24.5399
1649.31,-19.4311,-14.581
1654.73,-92.0702,26.888
1660.16,-126.447,90.6478
1665.58,15.7619,152.601
1671.01,117.534,153.466
1676.43,98.4507,109.388
1681.86,7.90852,91.1012
1687.28,-126.527,47.1492
1692.71,-113.683,-20.8574
1698.13,77.7085,-40.7675
1703.56,137.669,34.2923
1708.98,-76.5135,155.276
1714.41,-202.449,59.0942
1719.83,-113.514,-135.247
1725.26,-120.595,-144.995
1730.69,-190.186,-105.711
1736.11,-124.829,-71.6452
1741.54,-49.5804,57.0269
1746.96,-120.62,90.7042
1752.39,-136.597,-81.2312
1757.81,-28.8893,-91.3158
1763.24,-59.8274,65.1191
1768.66,-153.91,90.3253
1774.09,-77.7574,-12.8191
1779.51,60.6272,-139.121
1784.94,72.0422,-112.031
1790.36,-38.6629,-16.4331
1795.79,-186.169,30.6063
1801.22,-157.41,37.724
1806.64,4.06173,10.7255
1812.07,27.1135,35.7397
1817.49,108.67,43.852
1822.92,195.885,83.3136
1828.34,94.2583,105.855
1833.77,-19.328,-21.6524
1839.19,-166.236,-83.4056
1844.62,-131.041,-282.288
1850.04,179.154,-807.834
1855.47,194.721,-905.217
1860.89,13.314,-471.537
1866.32,66.0184,-313.034
1871.74,195.242,-292
1877.17,319.536,-28.7594
1882.6,349.625,-1.10268
1888.02,352.128,-164.178
1893.45,409.851,-94.5055
1898.87,213.163,36.8363
1904.3,-180.747,175.022
1909.72,-408.155,110.134
1915.15,-116.028,-188.138
1920.57,269.084,-379.912
1926,350.289,-366.767
1931.42,429.328,-21.0706
1936.85,410.143,260.187
1942.27,298.728,3.33868
1947.7,780.388,322.222
1953.12,1259.44,1363.84
1958.55,718.876,1062.59
1963.98,51.0718,-2.57706
1969.4,224.208,-150.949
1974.83,487.831,-120.175
1980.25,698.058,-234.851
1985.68,411.552,5.4686
1991.1,304.523,258.646
1996.53,-439.666,357.629
2001.95,5854.19,279.381
2007.38,21736.4,-319.564
2012.8,18660.6,-316.357
2018.23,2292.88,332.789
2023.65,-1220.07,158.077
2029.08,-100.58,-378.62
2034.51,-61.4393,-299.599
2039.93,172.138,-2.67526
2045.36,47.9797,-189.652
2050.78,-795.388,-427.192
2056.21,-1136.74,-212.336
2061.63,-152.216,195.395
2067.06,345.135,367.284
2072.48,124.96,476.774
2077.91,120.034,631.169
2083.33,434.195,335.894
2088.76,361.72,-117.594
2094.18,-80.4984,-258.148
2099.61,-351.847,-229.781
2105.03,-165.417,60.2525
2110.46,282.146,483.633
2115.89,392.233,342.854
2121.31,165.355,-180.182
2126.74,64.3898,-234.338
2132.16,-2.89221,24.2201
2137.59,44.7228,59.5697
2143.01,246.164,-38.4397
2148.44,6.77916,5.925
2153.86,-327.716,152.159
2159.29,-173.177,147.987
2164.71,-35.9958,13.3332
2170.14,51.0518,-24.2358
2175.56,145.22,31.1855
2180.99,49.3684,-7.52964
2186.41,-36.0161,-81.6725
2191.84,-12.7774,-97.3703
2197.27,158.925,-28.0828
2202.69,247.938,111.38
2208.12,10.7324,120.823
2213.54,-246.494,15.2224
2218.97,-301.827,-36.1808
2224.39,-129.996,-70.4581
2229.82,-2.9776,-66.9739
2235.24,-106.783,-45.3634
2240.67,-172.594,-37.8749
2246.09,3.35163,-16.9611
2251.52,436.169,-174.754
2256.94,516.045,-220.68
2262.37,187.033,21.3934
2267.79,88.1499,37.8773
2273.22,75.6249,-136.819
2278.65,41.7948,-116.37
2284.07,42.7932,-60.5447
2289.5,22.8775,-172.053
2294.92,9.59077,-152.284
2300.35,57.9003,-125.781
2305.77,44.6934,-204.416
2311.2,-62.971,-127.885
2316.62,-8.49872,-67.3667
2322.05,103.704,-16.1288
2327.47,36.6432,53.6412
2332.9,-65.7525,73.5104
2338.32,-13.7719,104.732
2343.75,60.9118,41.5262
2349.18,91.5046,162.169
2354.6,152.423,388.639
2360.03,159.869,173.687
2365.45,39.0096,-131.688
2370.88,-70.9733,-119.292
2376.3,-52.2117,48.5532
2381.73,36.0925,91.1347
2387.15,158.631,-41.339
2392.58,178.351,-49.8615
2398,68.3332,75.3844
2403.43,-48.5659,60.2812
2408.85,-45.7683,-13.8176
2414.28,37.4945,8.47741
2419.7,51.2512,-11.2394
2425.13,43.4797,-79.001
2430.56,-1.91027,-25.865
2435.98,-35.5802,43.7928
2441.41,12.042,35.3276
2446.83,-41.9447,93.847
2452.26,-225.632,131.644
2457.68,-263.771,43.2282
2463.11,-193.717,48.5938
2468.53,-138.772,74.2812
2473.96,-57.2789,-10.1871
2479.38,-22.5003,57.4661
2484.81,-6.28595,132.243
2490.23,2.56609,11.7128
2495.66,-85.2835,-84.1292
2501.08,-93.1961,-79.7306
2506.51,45.9944,-117.946
2511.94,55.6408,-148.953
2517.36,21.5235,-15.9568
2522.79,76.7943,151.681
2528.21,46.2405,152.403
2533.64,-41.0931,26.2612
2539.06,-32.7924,-61.9935
2544.49,-1.82077,-54.1956
2549.91,-58.3127,-38.2749
2555.34,-121.616,-74.9952
2560.76,-138.723,-67.2288
2566.19,-95.3614,-17.2997
2571.61,-2.12718,41.8635
2577.04,25.7651,50.7494
2582.47,-21.884,-52.9439
2587.89,-82.8651,-93.5104
2593.32,-60.3631,-10.6624
2598.74,33.5179,20.8904
2604.17,62.5551,-35.3266
2609.59,48.4904,-28.3297
2615.02,48.1814,-42.0209
2620.44,20.1709,-52.3626
2625.87,-41.6711,1.8396
2631.29,-46.5147,-46.9736
2636.72,-30.8626,-82.1003
2642.14,-41.9149,-9.77025
2647.57,-4.01383,-80.6787
2652.99,-5.44553,-386.958
2658.42,-32.9299,-425.282
2663.85,-5.38062,-122.761
2669.27,-9.72217,74.3192
2674.7,-21.7749,92.9419
2680.12,-13.5399,26.153
2685.55,-30.8771,18.6648
2690.97,-22.2497,30.188
2696.4,5.19797,-26.9329
2701.82,-52.4093,-76.0082
2707.25,-51.9009,-45.6111
2712.67,9.44095,3.97582
2718.1,-47.5419,-29.8759
2723.52,-100.834,-14.9382
2728.95,-124.795,29.4659
2734.37,-137.912,-40.8472
2739.8,-27.2585,-43.2335
2745.23,36.0383,15.3476
2750.65,-32.5151,-84.2875
2756.08,-44.042,-143.632
2761.5,-60.1325,-34.1297
2766.93,-61.1503,5.29892
2772.35,1.84921,-38.6843
2777.78,-8.16439,-60.8812
2783.2,-3.82452,-42.841
2788.63,49.7993,-34.1376
2794.05,42.9974,-79.4655
2799.48,9.57911,-52.09
2804.9,-6.53991,19.0357
2810.33,39.7074,-6.73666
2815.75,68.8109,-24.0104
2821.18,21.7703,-3.91707
2826.61,32.9623,-21.9716
2832.03,55.9515,-62.3417
2837.46,48.566,-118.109
2842.88,28.5599,-109.748
2848.31,14.6692,-44.634
2853.73,54.8688,8.31483
2859.16,53.7326,59.7227
2864.58,9.01131,59.8794
2870.01,-12.2412,16.2145
2875.43,-10.4417,25.6971
2880.86,-0.589219,27.1957
2886.28,-21.245,-4.4961
2891.71,-32.7267,12.7165
2897.14,-36.7614,8.9929
2902.56,-21.1452,-22.4628
2907.99,-9.1604,-15.3169
2913.41,-48.8517,-2.88684
2918.84,-34.0556,-33.8226
2924.26,18.9241,-79.7471
2929.69,61.2293,-53.306
2935.11,69.4996,19.7362
2940.54,9.27335,48.9298
2945.96,15.5002,32.7263
2951.39,193.23,55.5046
2956.81,252.727,58.4254
2962.24,83.4148,-11.0657
2967.66,-2.02879,-70.5412
2973.09,-28.1353,-118.549
2978.52,-70.6273,-97.4593
2983.94,-39.2948,-37.1085
2989.37,13.4387,-35.0752
2994.79,47.2204,-64.0051
3000.22,67.7964,-29.7805
3005.64,52.2513,83.5412
3011.07,16.7583,127.917
3016.49,27.1542,71.0999
3021.92,29.1157,14.7923
3027.34,-2.52104,20.2233
3032.77,25.6179,23.8202
3038.19,51.967,-14.7556
3043.62,24.0305,-28.7104
3049.04,-16.7623,21.9594
3054.47,-40.4172,109.875
3059.9,-21.6776,84.092
3065.32,-6.80402,-15.7741
3070.75,-4.67876,-45.3604
3076.17,1.78517,-48.2368
3081.6,0.053175,-39.258
3087.02,-24.7879,16.4834
3092.45,-52.0781,56.3588
3097.87,-53.1943,14.5828
3103.3,-17.4541,-23.9329
3108.72,29.9552,-7.97821
3114.15,8.33976,12.7548
3119.57,-3.57997,55.4584
3125,51.0572,76.7446
3130.43,69.6996,16.7841
3135.85,25.8233,-31.5823
3141.28,-24.3415,-1.56293
3146.7,-59.1465,56.8533
3152.13,-115.25,70.9244
3157.55,-80.0779,37.9115
3162.98,25.1962,-2.43218
3168.4,24.9167,-7.63923
3173.83,-8.59859,-3.99765
3179.25,-47.2724,-12.4146
3184.68,-71.9359,-22.3801
3190.1,-45.4538,-51.3405
3195.53,24.5353,-9.60694
3200.95,92.8726,49.8845
3206.38,98.6859,26.7413
3211.81,95.7701,-9.04878
3217.23,53.4138,-32.676
3222.66,20.335,-8.27863
3228.08,32.2372,14.045
3233.51,16.8688,-12.268
3238.93,-6.85578,5.67377
3244.36,-28.7832,22.4366
3249.78,8.9689,32.4892
3255.21,78.0216,57.9702
3260.63,28.955,21.0387
3266.06,-7.80546,14.7104
3271.48,41.3665,41.9035
3276.91,32.1742,5.76396
3282.33,1.15795,-53.5663
3287.76,16.4679,-69.4551
3293.19,30.4432,-24.2264
3298.61,7.3036,-9.41039
3304.04,-0.643162,-36.2692
3309.46,7.23685,-32.8121
3314.89,19.0135,-28.0708
3320.31,-3.54899,-30.6537
3325.74,-53.2923,-29.3396
3331.16,-40.8449,-22.5502
3336.59,-29.3814,-38.7472
3342.01,-49.1367,-24.1864
3347.44,2.31588,59.6421
3352.86,103.417,40.268
3358.29,114.025,-25.7698
3363.71,26.249,-13.9356
3369.14,-22.0279,-2.46009
3374.57,-35.239,22.8681
3379.99,-52.6731,71.0759
3385.42,-17.5864,89.9091
3390.84,-15.2827,29.9136
3396.27,-57.0083,-57.268
3401.69,-42.3245,-69.9366
3407.12,-36.2855,-31.3432
3412.54,-71.4909,3.34265
3417.97,-48.1679,-26.954
3423.39,-12.286,-45.4949
3428.82,-22.8923,16.0912
3434.24,-25.925,56.944
3439.67,-1.19489,26.351
3445.1,48.5252,-10.6778
3450.52,83.6281,-21.9388
3455.95,101.1,-32.8208
3461.37,80.3531,-4.31202
3466.8,39.1924,6.14933
3472.22,59.7011,-13.4243
3477.65,82.9356,17.4818
3483.07,40.0696,42.8415
3488.5,-14.8875,17.781
3493.92,-11.4754,-29.6579
3499.35,18.5712,-30.6022
3504.77,23.5149,-4.63096
3510.2,20.5053,-26.433
3515.62,10.819,-23.4941
3521.05,-19.5765,-9.81686
3526.48,-27.5857,-40.3415
3531.9,0.164099,-36.5239
3537.33,21.1752,16.5182
3542.75,11.4914,42.6104
3548.18,-25.0556,30.8658
3553.6,-40.846,23.4659
3559.03,-44.2349,23.2573
3564.45,-37.9193,36.7969
3569.88,9.65632,20.6174
3575.3,38.1173,-11.5037
3580.73,10.1758,18.9241
3586.15,4.99001,41.1662
3591.58,57.0397,17.0535
3597,89.4848,16.8656
3602.43,63.1293,30.0459
3607.86,22.6989,21.7924
3613.28,52.6029,16.2732
3618.71,96.798,47.316
3624.13,60.7295,58.6807
3629.56,23.4808,17.2218
3634.98,27.689,-30.5564
3640.41,5.35438,-52.2994
3645.83,-9.61053,-17.357
3651.26,-2.48544,31.8494
3656.68,-48.2549,34.9494
3662.11,-49.9429,-19.6443
3667.53,-7.97235,-66.2465
3672.96,14.9267,-40.9808
3678.39,19.4714,-6.08827
3683.81,-18.9782,10.4321
3689.24,-33.2604,28.5131
3694.66,-34.0045,5.96681
3700.09,-28.4265,-28.1039
3705.51,-2.18527,-31.8748
3710.94,9.94021,-17.1222
3716.36,5.93744,8.45579
3721.79,-2.42969,23.0412
3727.21,-22.0593,38.8819
3732.64,-46.9136,63.276
3738.06,-69.5134,59.0161
3743.49,-70.707,33.4034
3748.91,-2.91054,8.52346
3754.34,43.0612,-21.6554
3759.77,14.7907,-38.8855
3765.19,3.04258,-42.0216
3770.62,6.7863,-5.9567
3776.04,-28.6486,56.5905
3781.47,-50.7712,65.7663
3786.89,-5.65642,7.15772
3792.32,11.5147,-13.8859
3797.74,-24.4407,31.0851
3803.17,-5.78041,42.5639
3808.59,34.4802,31.9141
3814.02,30.3206,3.69769
3819.44,14.4893,-12.9696
3824.87,-5.37293,1.72071
3830.29,-15.2785,-23.7271
3835.72,-20.4841,-44.307
3841.15,-15.1134,-13.2427
3846.57,-12.5142,-15.99
3852,-61.8573,-82.546
3857.42,-70.7031,-112.001
3862.85,-5.28076,-96.7614
3868.27,23.5397,-79.2801
3873.7,-2.98079,-68.7288
3879.12,-62.561,-39.6371
3884.55,-120.434,47.6379
3889.97,-64.7893,81.2324
3895.4,33.082,10.7069
3900.82,35.5642,-49.4671
3906.25,25.4353,-62.123
3911.68,43.4323,-41.9578
3917.1,49.8708,-15.0341
3922.53,29.955,-19.8836
3927.95,-15.35,-40.3992
3933.38,-39.4245,-29.0153
3938.8,1.5227,33.5239
3944.23,37.5635,71.4758
3949.65,21.6928,44.5646
3955.08,15.8739,1.50433
3960.5,13.5856,-27.8225
3965.93,-4.83648,-13.4243
3971.35,7.53092,9.39823
3976.78,25.6462,1.15666
3982.2,13.2349,13.0928
3987.63,33.0192,28.5756
3993.06,45.0407,27.1943
3998.48,22.5539,40.2922
4003.91,12.5072,15.0708
4009.33,-0.794249,-46.9914
4014.76,17.8027,-58.3658
4020.18,52.2892,-18.1153
4025.61,37.8807,8.64447
4031.03,32.821,26.4183
4036.46,48.7792,31.5795
4041.88,49.0199,-15.083
4047.31,33.1949,-43.2972
4052.73,-8.78909,-1.40989
4058.16,-38.41,43.8222
4063.58,-32.3585,21.5641
4069.01,1.91924,-10.4203
4074.44,-3.86111,-5.39445
4079.86,-46.779,5.94836
4085.29,-49.2089,0.425838
4090.71,-47.9454,-38.3475
4096.14,-17.1915,-65.4056
4101.56,42.8197,-58.3906
4106.99,45.8739,-14.6107
4112.41,10.6415,13.1753
4117.84,-11.3888,-18.8017
4123.26,-37.8392,-48.9397
4128.69,-77.1972,-44.7656
4134.11,-75.0988,-20.4642
4139.54,-37.3692,-14.7066
4144.96,5.15006,12.5643
4150.39,51.1614,33.8266
4155.82,74.5565,-49.0967
4161.24,56.9154,-99.602
4166.67,8.34913,-37.0241
4172.09,-20.7472,35.7988
4177.52,-24.6227,62.8326
4182.94,-6.30074,7.91904
4188.37,22.603,-46.5654
4193.79,-8.17519,-9.03248
4199.22,-47.3954,23.9381
4204.64,-30.1235,-10.6076
4210.07,12.5943,-74.496
4215.49,45.034,-84.5082
4220.92,11.3946,-52.3602
4226.35,-50.692,-42.6939
4231.77,-21.7089,-3.523
4237.2,28.8274,29.6812
4242.62,9.85883,-3.05524
4248.05,-14.1351,-48.2173
4253.47,-53.586,-31.606
4258.9,-58.9253,45.5198
4264.32,-9.5315,76.0459
4269.75,-1.90373,15.0617
4275.17,-3.29701,-30.9386
4280.6,29.3866,-2.6402
4286.02,41.5735,28.1027
4291.45,-22.5142,22.3449
4296.87,-105.969,-38.4461
4302.3,-118.912,-90.2294
4307.73,-54.6888,-22.8315
4313.15,4.36388,73.2245
4318.58,3.3343,67.477
4324,-39.0059,-1.16671
4329.43,-54.0557,-13.2677
4334.85,-32.7237,11.2465
4340.28,-3.60035,-5.32628
4345.7,42.3286,-2.77353
4351.13,54.8082,6.10375
4356.55,33.7589,-17.9529
4361.98,38.8956,-14.3792
4367.4,58.3673,-0.881804
4372.83,23.9551,-28.3771
4378.25,-16.7506,-73.7727
4383.68,-1.2021,-55.9993
4389.11,-9.53405,10.2603
4394.53,-37.1519,24.0053
4399.96,-30.2328,5.64489
4405.38,-15.4474,32.5439
4410.81,13.9392,95.9154
4416.23,53.5735,82.8106
4421.66,58.9016,-21.8977
4427.08,24.9327,-54.5426
4432.51,-5.7983,-24.1964
4437.93,-17.4897,-15.6846
4443.36,-45.4965,7.52746
4448.78,-71.7198,29.828
4454.21,-44.8376,26.7493
4459.63,-10.9563,0.3019
4465.06,5.27225,-30.8191
4470.49,28.214,-19.8358
4475.91,29.9473,2.80028
4481.34,31.4832,22.3297
4486.76,42.7843,46.0272
4492.19,18.3666,9.34656
4497.61,-30.9201,-23.5469
4503.04,-57.3451,-2.6242
4508.46,-34.0239,-7.6544
4513.89,11.4985,-27.2859
4519.31,38.6963,-9.85367
4524.74,18.0165,24.6364
4530.16,-8.63939,38.5801
4535.59,4.49633,-0.025454
4541.02,-15.0933,-52.7047
4546.44,-48.998,-36.2421
4551.87,-49.155,3.75801
4557.29,-44.6034,23.1602
4562.72,-24.6346,34.0766
4568.14,-29.2846,15.1944
4573.57,-28.0093,-1.28482
4578.99,45.3187,-33.3051
4584.42,106.225,-66.291
4589.84,101.418,-29.5527
4595.27,49.5977,-9.26718
4600.69,12.6039,-28.2945
4606.12,3.37081,-7.35782
4611.54,-24.0871,14.5683
4616.97,-14.473,1.40751
4622.4,51.2656,-22.6223
4627.82,74.4997,-13.4129
4633.25,29.3661,14.2644
4638.67,13.1094,1.92819
4644.1,36.428,-15.4063
4649.52,14.6359,-20.8189
4654.95,-8.66849,-36.7863
4660.37,-4.72365,-47.4431
4665.8,-28.9368,-44.8369
4671.22,-33.7951,-30.4878
4676.65,-17.1457,-5.84051
4682.07,-35.4036,-23.2783
4687.5,-30.1175,-60.6058
4692.92,14.5624,-49.639
4698.35,28.0811,-19.8928
4703.78,1.83408,0.867329
4709.2,-42.177,14.0758
4714.63,-30.7093,2.29938
4720.05,12.4329,-22.5233
4725.48,-22.5929,-25.7597
4730.9,-54.3536,-1.06428
4736.33,-12.06,23.6327
4741.75,35.7962,7.44342
4747.18,26.4049,-38.7304
4752.6,-6.4201,-35.8066
4758.03,14.5398,1.5403
4763.45,45.9585,-0.46755
4768.88,35.091,-0.819294
4774.31,4.41648,23.4654
4779.73,-26.1539,21.2788
4785.16,-44.3252,-11.619
4790.58,-61.9758,-40.0125
4796.01,-52.0891,-41.4671
4801.43,-14.0362,-14.3425
4806.86,13.6604,4.89184
4812.28,15.623,-12.7845
4817.71,-1.93876,-20.9904
4823.13,5.40564,5.64863
4828.56,5.04507,7.07141
4833.98,8.94767,-15.2555
4839.41,23.3651,-32.0131
4844.83,-13.5283,-35.4815
4850.26,-25.1284,-10.1172
4855.69,-8.53129,13.7534
4861.11,-27.3156,11.6233
4866.54,-8.76562,-8.81073
4871.96,31.7189,-24.8267
4877.39,22.6164,-30.4439
4882.81,15.6476,-33.2588
4888.24,33.0408,-6.20566
4893.66,9.96165,12.5244
4899.09,-16.7428,-10.5145
4904.51,-2.61455,-12.0211
4909.94,-0.0861239,-3.70666
4915.36,14.7472,-26.4634
4920.79,50.1072,-23.6488
4926.21,49.1421,20.5885
4931.64,2.85853,46.1887
4937.07,-29.5174,16.5374
4942.49,-11.5829,-24.4839
4947.92,-9.11585,-3.2591
4953.34,-24.2511,8.47036
4958.77,35.5749,-0.911676
4964.19,74.9765,12.2601
4969.62,13.3237,33.5249
4975.04,-34.274,49.8429
4980.47,-38.8543,13.3665
4985.89,-13.1915,-23.2725
4991.32,3.13622,-38.2299
4996.74,-22.06,-32.2186
5002.17,-22.2364,-3.67407
5007.6,-23.4349,9.12844
5013.02,-55.6022,12.8287
5018.45,-66.8962,15.6167
5023.87,-49.9198,19.3627
5029.3,-25.4587,2.58372
5034.72,-30.9112,12.5773
5040.15,-34.7929,71.5198
5045.57,15.6187,72.7187
5051,82.5376,18.6501
5056.42,73.0375,-2.90901
5061.85,-4.11349,-19.9339
5067.27,-35.576,-34.1583
5072.7,-30.7116,3.97121
5078.12,-28.0973,19.0979
5083.55,-12.727,1.42257
5088.98,-22.7931,-10.409
5094.4,-31.0526,-54.5201
5099.83,3.71154,-58.7
5105.25,14.0348,-18.039
5110.68,-1.56898,-17.8832
5116.1,-27.5854,-16.8656
5121.53,-53.1761,-4.72164
5126.95,-16.3977,-20.0027
5132.38,49.1318,-13.3523
5137.8,66.3015,32.0461
5143.23,25.6831,32.3071
5148.65,14.3027,3.54483
5154.08,49.7119,-35.7403
5159.5,64.7833,-72.5471
5164.93,60.8983,-27.011
5170.36,17.2586,-8.26381
5175.78,-26.4284,-53.7896
5181.21,0.378124,-54.5815
5186.63,53.0376,-39.5683
5192.06,66.3093,-55.6219
5197.48,22.4953,-63.1585
5202.91,-12.5592,-40.7306
5208.33,16.7384,-4.22899
5213.76,48.7641,36.0778
5219.18,37.8143,48.3189
5224.61,21.4897,27.6382
5230.03,6.12383,-7.69287
5235.46,-11.8787,-33.5876
5240.88,11.0636,-17.1805
5246.31,33.7064,1.19526
5251.74,7.54295,-9.71686
5257.16,-2.37386,-16.2686
5262.59,9.14236,-1.1395
5268.01,15.2557,7.78744
5273.44,10.9435,-32.2886
5278.86,-9.11191,-70.6644
5284.29,-4.35215,-33.0817
5289.71,16.9511,7.94275
5295.14,33.5115,0.607252
5300.56,35.0885,30.3294
5305.99,25.7968,45.8429
5311.41,-1.41238,7.29185
5316.84,-19.9188,-28.5708
5322.27,7.73253,-64.017
5327.69,-4.32959,-36.6685
5333.12,2.79195,32.5847
5338.54,49.5335,43.3399
5343.97,22.7874,11.5105
5349.39,1.14429,-8.34865
5354.82,14.6486,4.41717
5360.24,-4.7931,4.63319
5365.67,-46.9456,-58.144
5371.09,-58.768,-72.7332
5376.52,-24.5453,-24.1674
5381.94,-2.55402,-10.86
5387.37,-2.104,-4.96936
5392.79,14.5222,12.6888
5398.22,26.7325,18.1239
5403.65,32.7166,-16.657
5409.07,48.4297,-57.5461
5414.5,21.1089,-65.8184
5419.92,-8.3491,-52.497
5425.35,4.58403,-28.3043
5430.77,26.1069,-17.6451
5436.2,26.382,-52.1991
5441.62,8.8292,-54.3609
5447.05,41.4831,7.30813
5452.47,74.4442,22.1997
5457.9,60.4561,19.24
5463.32,42.7663,25.636
5468.75,47.233,15.5371
5474.17,34.8814,4.22653
5479.6,4.27457,-0.869755
5485.03,15.3233,28.7159
5490.45,6.20799,12.7986
5495.88,-16.8517,-65.6764
5501.3,5.18922,-51.9651
5506.73,26.9714,11.6823
5512.15,-0.454987,5.12864
5517.58,-56.1809,-21.2451
5523,-62.6424,5.73757
5528.43,-16.7653,50.0284
5533.85,29.152,35.9031
5539.28,41.3385,-2.83358
5544.7,37.4319,-12.6991
5550.13,41.7861,-2.2141
