-5555.56,57.4005,40.1923
-5550.13,53.608,44.4294
-5544.7,35.5951,28.0633
-5539.28,23.4923,-15.3544
-5533.85,22.1976,-39.7276
-5528.43,-13.4936,-19.2977
-5523,-29.495,11.0998
-5517.58,14.6389,7.16822
-5512.15,28.6182,8.6011
-5506.73,-0.411791,47.2303
-5501.3,-7.73641,50.5042
-5495.88,0.198077,14.3211
-5490.45,7.00424,14.9604
-5485.03,2.91072,-3.38966
-5479.6,-28.7018,-79.4588
-5474.17,-33.718,-107.854
-5468.75,-24.9839,-76.5676
-5463.32,-42.0828,-29.6691
-5457.9,-41.9204,8.6687
-5452.47,-8.01985,30.4935
-5447.05,13.7049,33.941
-5441.62,-7.08326,15.0763
-5436.2,-4.44648,24.9126
-5430.77,3.90945,28.4574
-5425.35,-24.9827,-2.03388
-5419.92,-27.5901,-35.9681
-5414.5,-11.559,-73.5135
-5409.07,-11.7298,-47.7098
-5403.65,-29.7736,33.6684
-5398.22,-34.9839,54.6496
-5392.79,-33.3659,37.1992
-5387.37,-31.8378,31.4284
-5381.94,12.2142,3.23463
-5376.52,43.7847,-33.0554
-5371.09,38.2862,-46.1021
-5365.67,11.1952,-12.6835
-5360.24,-14.6635,41.8887
-5354.82,-4.94444,56.6516
-5349.39,8.92571,20.2824
-5343.97,-2.41336,-31.5096
-5338.54,-19.0088,-30.7452
-5333.12,-8.03032,-28.1195
-5327.69,24.3345,-107.8
-5322.27,37.1719,-145.653
-5316.84,-6.82805,-106.111
-5311.41,-54.1785,-84.0046
-5305.99,-16.0917,-66.2278
-5300.56,40.5373,-59.2231
-5295.14,37.1802,-54.3319
-5289.71,47.7657,-35.0802
-5284.29,53.811,-29.5556
-5278.86,14.6097,-31.5551
-5273.44,-13.1171,-28.0294
-5268.01,-6.8761,-8.84503
-5262.59,2.63354,17.868
-5257.16,0.707327,20.4742
-5251.74,35.7681,8.50763
-5246.31,15.4199,28.0326
-5240.88,-69.6286,54.581
-5235.46,-55.7344,42.057
-5230.03,27.8977,15.9349
-5224.61,34.3765,14.5854
-5219.18,-28.8125,38.1605
-5213.76,-18.9195,52.0106
-5208.33,20.152,43.8114
-5202.91,14.9783,-11.6235
-5197.48,30.4212,-70.7075
-5192.06,45.2523,-36.722
-5186.63,29.0862,7.86424
-5181.21,-8.70668,4.13051
-5175.78,-32.2919,-3.4271
-5170.36,-22.2928,5.638
-5164.93,-20.691,-5.31287
-5159.5,-19.6674,-43.3587
-5154.08,0.0960073,-27.6288
-5148.65,2.2711,17.5262
-5143.23,-3.81837,34.8857
-5137.8,16.8166,19.5977
-5132.38,40.5897,8.31429
-5126.95,20.343,-5.55201
-5121.53,-5.27386,-43.2805
-5116.1,17.3701,-27.8074
-5110.68,18.9691,29.4566
-5105.25,0.721643,54.9538
-5099.83,-5.30856,48.8152
-5094.4,-3.39808,1.85085
-5088.98,13.6198,-43.9743
-5083.55,10.2712,-24.2717
-5078.12,-6.3346,27.64
-5072.7,-0.260323,45.8651
-5067.27,-5.50525,10.7257
-5061.85,-22.122,-36.0766
-5056.42,0.477987,-33.571
-5051,9.42746,2.12273
-5045.57,-31.4356,3.20497
-5040.15,-52.214,-12.5047
-5034.72,-22.3184,-32.5921
-5029.3,-14.259,-41.637
-5023.87,-43.8019,-15.0771
-5018.45,-26.3956,1.20136
-5013.02,19.274,-0.955217
-5007.6,26.3353,-2.96263
-5002.17,4.53301,6.94214
-4996.74,6.71208,13.557
-4991.32,29.9854,-5.11699
-4985.89,39.9597,-6.90808
-4980.47,35.2835,24.8652
-4975.04,11.4758,0.96621
-4969.62,17.9996,-59.1464
-4964.19,21.0523,-29.0181
-4958.77,6.70223,3.74696
-4953.34,23.2312,-18.4591
-4947.92,44.3834,-11.7149
-4942.49,48.9902,0.469778
-4937.07,25.4249,3.78259
-4931.64,22.5824,10.5188
-4926.21,41.5167,19.9189
-4920.79,7.3835,29.1787
-4915.36,-33.693,8.62803
-4909.94,1.41809,2.94175
-4904.51,29.9165,9.88163
-4899.09,16.4703,-51.9019
-4893.66,16.035,-85.4501
-4888.24,11.5459,-46.2046
-4882.81,16.9187,-37.4539
-4877.39,29.212,-43.7637
-4871.96,2.49272,-33.8931
-4866.54,-8.3259,-22.4205
-4861.11,50.3919,-16.1888
-4855.69,66.9762,33.7022
-4850.26,11.989,56.2533
-4844.83,-18.2285,2.54581
-4839.41,-18.1638,-15.0679
-4833.98,-4.6071,-28.3214
-4828.56,-2.90536,-31.4465
-4823.13,-14.1205,4.58543
-4817.71,-3.83186,7.93736
-4812.28,28.7328,-13.4747
-4806.86,70.8992,-13.5682
-4801.43,55.4759,-3.78259
-4796.01,26.8641,30.4727
-4790.58,39.4974,62.1216
-4785.16,10.6065,63.6465
-4779.73,-9.38176,71.1397
-4774.31,6.77188,39.6339
-4768.88,1.89231,-14.0572
-4763.45,-20.2277,-24.5103
-4758.03,-1.33032,-7.13688
-4752.6,67.4259,8.84413
-4747.18,36.2003,18.3434
-4741.75,-47.2083,26.4541
-4736.33,-21.4489,29.3683
-4730.9,15.0946,15.7434
-4725.48,-5.11567,-7.42085
-4720.05,3.89327,-29.7689
-4714.63,10.3631,-45.957
-4709.2,-27.4752,-35.6529
-4703.78,-47.8398,-15.2529
-4698.35,-53.5997,-38.204
-4692.92,-39.3086,-46.5189
-4687.5,-13.8686,-10.4934
-4682.07,-40.8485,-18.4784
-4676.65,-66.4393,-28.6402
-4671.22,-16.0536,-4.46137
-4665.8,12.6132,6.18492
-4660.37,-31.3139,-30.0039
-4654.95,-58.3928,-68.9614
-4649.52,-52.8242,-28.8404
-4644.1,-39.1246,24.2258
-4638.67,-17.3873,23.5413
-4633.25,-10.8192,-4.83884
-4627.82,-22.8761,-24.289
-4622.4,-51.5012,7.60224
-4616.97,-55.5645,28.8762
-4611.54,12.6236,13.2815
-4606.12,50.6996,3.64426
-4600.69,52.8105,12.0727
-4595.27,76.5401,29.0427
-4589.84,66.4114,8.98653
-4584.42,48.2059,14.3424
-4578.99,27.0759,40.1265
-4573.57,-17.8235,12.0196
-4568.14,-12.9278,-34.7345
-4562.72,16.8392,-76.4809
-4557.29,16.376,-97.3102
-4551.87,1.58943,-55.3502
-4546.44,-14.8582,16.8068
-4541.02,-19.2196,65.2174
-4535.59,-22.9329,60.7936
-4530.16,-28.5531,2.16587
-4524.74,-27.1538,-26.7371
-4519.31,-1.76347,10.017
-4513.89,52.1887,11.4246
-4508.46,79.8565,-36.517
-4503.04,26.6983,-33.6832
-4497.61,-37.1836,-1.70405
-4492.19,-34.2911,29.3619
-4486.76,-7.39599,45.7231
-4481.34,-14.2431,-2.03934
-4475.91,-25.1375,-30.651
-4470.49,-24.6776,32.5315
-4465.06,-35.3884,99.6867
-4459.63,2.50298,95.5059
-4454.21,52.8837,68.5564
-4448.78,49.3904,59.9959
-4443.36,34.9483,42.0493
-4437.93,42.1715,10.6166
-4432.51,53.2575,4.49798
-4427.08,51.2547,62.807
-4421.66,47.083,109.724
-4416.23,31.0969,80.3777
-4410.81,24.3293,41.723
-4405.38,30.1862,27.1112
-4399.96,8.933,21.2385
-4394.53,-1.23186,34.8538
-4389.11,-9.81973,54.0083
-4383.68,-44.1801,46.6389
-4378.25,-38.793,14.858
-4372.83,-5.61806,-18.8255
-4367.4,-3.87146,-39.0075
-4361.98,0.90089,-17.1403
-4356.55,6.07175,7.95416
-4351.13,-12.3643,-22.4293
-4345.7,23.5505,-33.61
-4340.28,68.1271,-5.45555
-4334.85,66.0213,3.35258
-4329.43,49.8638,-8.28154
-4324,21.6227,-26.4064
-4318.58,21.904,-45.6823
-4313.15,25.0506,-48.2384
-4307.73,-6.30024,-9.66077
-4302.3,-27.3125,41.4385
-4296.87,-13.8003,36.0375
-4291.45,-6.94488,-38.9469
-4286.02,-23.1327,-78.3422
-4280.6,-27.5571,-25.2255
-4275.17,-22.1861,11.1874
-4269.75,-20.4225,0.0631256
-4264.32,-4.43725,4.0602
-4258.9,27.9823,3.21005
-4253.47,23.8892,-23.0126
-4248.05,-20.3369,-8.30851
-4242.62,-41.5675,11.8423
-4237.2,-43.4255,-6.31231
-4231.77,-51.4573,1.98932
-4226.35,-21.0123,-11.5059
-4220.92,16.8617,-17.0301
-4215.49,16.445,30.4893
-4210.07,24.6976,33.0298
-4204.64,14.1468,3.1016
-4199.22,21.2812,-4.36584
-4193.79,78.8492,1.44427
-4188.37,82.5853,2.79307
-4182.94,46.9825,-41.1824
-4177.52,17.6426,-63.118
-4172.09,-22.4327,2.34921
-4166.67,-24.0442,8.01033
-4161.24,6.36507,-6.41446
-4155.82,16.8218,-0.134288
-4150.39,13.8348,-47.3259
-4144.96,-6.12366,-48.341
-4139.54,-23.8473,4.5999
-4134.11,-30.8177,42.286
-4128.69,-46.4151,15.6309
-4123.26,-60.3008,-20.1926
-4117.84,-32.5031,-10.5095
-4112.41,39.4729,-1.86075
-4106.99,81.8594,-0.588299
-4101.56,65.7474,-21.2564
-4096.14,21.3715,-26.1511
-4090.71,8.23895,34.463
-4085.29,30.0463,61.1828
-4079.86,27.981,22.8792
-4074.44,35.7921,-9.4239
-4069.01,33.8301,-24.4948
-4063.58,-17.8053,-22.5248
-4058.16,-41.5224,-31.0027
-4052.73,-13.8869,-58.0196
-4047.31,22.8653,-65.6167
-4041.88,27.6491,-49.3797
-4036.46,22.899,-19.2285
-4031.03,8.18227,10.332
-4025.61,2.68908,28.8028
-4020.18,16.4706,35.0517
-4014.76,-9.28606,13.5944
-4009.33,-31.5663,-40.344
-4003.91,-18.5031,-27.0149
-3998.48,32.8177,71.1821
-3993.06,79.9103,62.5563
-3987.63,80.5303,-30.9545
-3982.2,48.0904,-48.7141
-3976.78,15.8167,-14.9359
-3971.35,-15.9833,17.1519
-3965.93,-80.858,42.5555
-3960.5,-92.2011,35.9273
-3955.08,-12.8116,-20.0366
-3949.65,57.8246,-59.2832
-3944.23,54.8174,-34.6538
-3938.8,32.2181,-11.7706
-3933.38,23.6033,-1.65646
-3927.95,14.9343,16.4883
-3922.53,21.1657,14.6728
-3917.1,24.6825,15.9357
-3911.68,42.9356,21.7289
-3906.25,65.0528,5.2295
-3900.82,38.887,4.48984
-3895.4,17.587,24.4962
-3889.97,7.42263,14.9122
-3884.55,-18.6528,-36.2467
-3879.12,-21.5098,-105.733
-3873.7,-60.9254,-105.077
-3868.27,-82.0979,-11.6214
-3862.85,-23.1507,-0.219701
-3857.42,0.603802,-85.5522
-3852,-43.2099,-98.8516
-3846.57,-88.9177,-46.207
-3841.15,-45.1735,-25.8063
-3835.72,24.5239,-20.7256
-3830.29,-7.25373,-11.9603
-3824.87,-56.1606,-47.2325
-3819.44,-54.9552,-52.6711
-3814.02,-42.3412,2.04001
-3808.59,-25.5746,28.8943
-3803.17,-0.999654,21.1652
-3797.74,24.5302,6.42751
-3792.32,12.9569,-5.01096
-3786.89,-38.3617,-13.9859
-3781.47,-74.9484,-11.6943
-3776.04,-42.4131,-10.1606
-3770.62,-10.4686,-32.5334
-3765.19,-5.10162,-55.4675
-3759.77,17.8291,-44.4797
-3754.34,32.6671,-17.7276
-3748.91,27.4442,-6.49642
-3743.49,-3.1532,1.47788
-3738.06,-38.5888,-4.1395
-3732.64,-58.1747,-20.5519
-3727.21,-35.8533,-13.5145
-3721.79,24.6461,-13.3534
-3716.36,55.121,-39.8034
-3710.94,21.9988,-31.7169
-3705.51,-10.7469,3.94694
-3700.09,1.33655,-5.84113
-3694.66,1.7359,-59.5434
-3689.24,-18.7389,-92.7319
-3683.81,-7.91642,-45.5456
-3678.39,43.0383,21.7802
-3672.96,90.2199,16.1433
-3667.53,48.0481,3.14525
-3662.11,-23.4692,22.8578
-3656.68,-4.4921,42.1286
-3651.26,27.209,51.9395
-3645.83,42.9249,-0.190016
-3640.41,66.3964,-60.8352
-3634.98,57.0073,-43.1693
-3629.56,46.4855,-8.71056
-3624.13,37.6514,24.9292
-3618.71,9.1682,27.8455
-3613.28,-20.412,-16.0808
-3607.86,-39.8615,-46.8271
-3602.43,-39.2066,-66.3021
-3597,-22.6722,-43.1638
-3591.58,-5.07984,-7.90091
-3586.15,12.8266,-33.9996
-3580.73,0.946999,-49.5571
-3575.3,-69.6875,0.67189
-3569.88,-79.7319,41.9141
-3564.45,-9.35288,14.6949
-3559.03,-20.1333,-12.7872
-3553.6,-53.2183,12.8653
-3548.18,-53.982,23.6621
-3542.75,-74.3642,4.50608
-3537.33,-41.9371,28.7318
-3531.9,8.31067,69.4084
-3526.48,8.59548,69.0056
-3521.05,21.4658,33.0876
-3515.62,61.6369,-43.1575
-3510.2,65.0318,-83.8733
-3504.77,13.1762,-71.9817
-3499.35,-36.172,-54.6381
-3493.92,-35.8199,-7.64281
-3488.5,-7.36707,-6.98585
-3483.07,9.28169,-46.9052
-3477.65,-1.49294,-25.414
-3472.22,4.08102,26.245
-3466.8,1.20104,51.138
-3461.37,-2.70981,12.8347
-3455.95,38.9582,-0.878248
-3450.52,40.6426,32.6317
-3445.1,18.4548,-13.7927
-3439.67,8.51538,-32.9413
-3434.24,-10.5866,21.2652
-3428.82,-22.3309,6.85525
-3423.39,-26.3892,-35.569
-3417.97,-16.6696,-12.3104
-3412.54,12.3863,23.8605
-3407.12,28.5339,22.0558
-3401.69,3.97558,35.3549
-3396.27,-24.9305,58.0746
-3390.84,-55.6562,34.08
-3385.42,-81.735,-35.4889
-3379.99,-27.6634,-65.816
-3374.57,40.7369,-3.55612
-3369.14,24.9119,25.4713
-3363.71,21.488,-15.9537
-3358.29,76.3189,-9.20637
-3352.86,68.9133,16.4685
-3347.44,37.2084,12.372
-3342.01,71.8724,16.9877
-3336.59,76.556,7.0116
-3331.16,50.3702,-40.2324
-3325.74,44.0036,-35.6447
-3320.31,8.55326,27.8637
-3314.89,-59.5036,50.336
-3309.46,-82.3571,24.3024
-3304.04,-38.3999,5.6085
-3298.61,-6.02503,46.9233
-3293.19,6.17637,81.4071
-3287.76,-16.583,80.8302
-3282.33,-40.8628,69.0254
-3276.91,-4.57227,21.1639
-3271.48,4.91502,-39.1752
-3266.06,-5.79739,-106.126
-3260.63,38.6819,-118.597
-3255.21,60.0255,-73.3225
-3249.78,10.5681,-66.1729
-3244.36,-14.0113,-55.6971
-3238.93,-5.37319,-12.8048
-3233.51,14.8661,-5.20839
-3228.08,67.9338,-35.2076
-3222.66,82.0971,-48.137
-3217.23,46.2493,-32.0557
-3211.81,45.8948,-15.6442
-3206.38,52.3404,-6.26352
-3200.95,24.0943,1.29248
-3195.53,8.64095,-28.3451
-3190.1,-8.45374,-84.6828
-3184.68,-16.5329,-47.0139
-3179.25,9.34059,29.5842
-3173.83,-15.4599,6.4901
-3168.4,-56.8443,-26.9138
-3162.98,-39.6014,-31.0113
-3157.55,-32.1288,-58.5901
-3152.13,-52.0263,-36.0037
-3146.7,-44.5957,12.3786
-3141.28,-14.8529,31.819
-3135.85,22.0895,22.7702
-3130.43,37.9791,-32.6315
-3125,-16.5694,-61.1757
-3119.57,-22.1299,-47.7696
-3114.15,38.6383,-26.3708
-3108.72,15.6488,-28.3053
-3103.3,-8.80844,-40.6106
-3097.87,37.1212,-41.586
-3092.45,56.4474,-36.9371
-3087.02,26.3661,-20.8953
-3081.6,9.84165,-46.9359
-3076.17,34.3342,-52.7043
-3070.75,36.8671,20.7675
-3065.32,16.5345,73.7292
-3059.9,54.2194,76.8727
-3054.47,96.7668,48.72
-3049.04,56.7155,47.3472
-3043.62,-19.2358,82.5055
-3038.19,-69.0797,63.9904
-3032.77,-101.615,70.4509
-3027.34,-103.963,99.5803
-3021.92,-28.4462,42.192
-3016.49,52.6657,-10.6506
-3011.07,38.0107,-23.3758
-3005.64,-18.3176,-35.0612
-3000.22,-47.9813,-24.3076
-2994.79,-58.1011,-14.8348
-2989.37,3.78413,-15.6892
-2983.94,96.365,-3.15865
-2978.52,105.474,0.385685
-2973.09,32.826,4.36723
-2967.66,-17.8193,-0.435091
-2962.24,-67.4582,35.0347
-2956.81,-160.825,153.396
-2951.39,-102.848,142.13
-2945.96,6.82233,20.8039
-2940.54,4.76833,-22.4626
-2935.11,-16.8225,-32.9368
-2929.69,-34.9651,-18.8069
-2924.26,-8.21291,34.5392
-2918.84,17.2881,73.6759
-2913.41,-27.8357,24.8848
-2907.99,-31.5709,-107.099
-2902.56,35.2549,-130.161
-2897.14,50.1671,-63.8125
-2891.71,0.812634,-36.3859
-2886.28,-73.5756,45.8405
-2880.86,-118.131,59.5213
-2875.43,-62.0895,-16.9617
-2870.01,-10.2089,-30.8596
-2864.58,-38.4784,-40.8257
-2859.16,-95.0159,10.1901
-2853.73,-88.7375,88.9114
-2848.31,-25.6565,50.1293
-2842.88,-50.3527,-25.2372
-2837.46,-51.8566,-19.0936
-2832.03,32.659,35.6539
-2826.61,36.0795,64.1742
-2821.18,-14.8991,68.7404
-2815.75,-27.8914,43.7778
-2810.33,-15.5994,5.24927
-2804.9,4.21608,-28.6536
-2799.48,60.9958,-80.0174
-2794.05,108.953,-93.6523
-2788.63,79.4169,-41.619
-2783.2,26.1345,-26.8746
-2777.78,1.35305,-13.2734
-2772.35,-8.51349,37.6792
-2766.93,-53.7486,16.0333
-2761.5,-30.4073,-94.9003
-2756.08,98.7408,-223.697
-2750.65,63.9686,-176.423
-2745.23,-51.2229,10.8722
-2739.8,-53.9598,128.772
-2734.37,-16.9473,146.363
-2728.95,45.8844,36.2278
-2723.52,43.0501,-38.1301
-2718.1,-14.935,23.706
-2712.67,-26.1973,12.5692
-2707.25,38.3668,-56.8829
-2701.82,85.1685,-12.0647
-2696.4,56.8684,94.0041
-2690.97,26.0484,77.7409
-2685.55,-31.1757,-50.4176
-2680.12,-47.3711,-74.6153
-2674.7,-58.8276,1.4052
-2669.27,-85.8423,28.7917
-2663.85,3.80112,0.609419
-2658.42,257.242,-47.5395
-2652.99,401.229,-11.4774
-2647.57,240.361,65.0149
-2642.14,69.2345,39.0682
-2636.72,-39.9769,-45.3552
-2631.29,-129.76,-96.1798
-2625.87,-124.567,-75.4043
-2620.44,-51.0985,-37.4884
-2615.02,16.0231,-28.0684
-2609.59,38.5265,-46.0201
-2604.17,9.05405,-30.4942
-2598.74,-24.6178,10.5621
-2593.32,-21.1833,-15.3833
-2587.89,-27.196,-9.34843
-2582.47,-32.3217,91.4753
-2577.04,-27.326,121.985
-2571.61,-35.2521,66.022
-2566.19,-12.305,14.191
-2560.76,4.25641,46.205
-2555.34,-40.4529,100.465
-2549.91,-66.9259,30.6179
-2544.49,-31.8636,-43.0308
-2539.06,30.9751,-28.7047
-2533.64,54.038,-6.97265
-2528.21,15.9544,9.84016
-2522.79,-20.2327,43.6525
-2517.36,-28.2375,61.7968
-2511.94,-47.029,79.8597
-2506.51,-106.017,49.5389
-2501.08,-102.751,-40.2388
-2495.66,-31.9819,-35.2461
-2490.23,-4.62143,23.6414
-2484.81,11.3784,9.30455
-2479.38,-43.5456,-35.8817
-2473.96,-147.524,-51.0283
-2468.53,-99.7113,-75.4263
-2463.11,-10.1116,-78.4259
-2457.68,-131.715,-19.4972
-2452.26,-229.93,-34.0385
-2446.83,-130.243,-127.099
-2441.41,-66.9222,-112.714
-2435.98,-31.1615,27.2878
-2430.56,-30.6385,23.2166
-2425.13,-85.3494,-72.5147
-2419.7,-71.1712,2.01293
-2414.28,-76.8792,66.0788
-2408.85,-72.3066,36.2079
-2403.43,-30.3757,48.3741
-2398,-53.8116,14.0553
-2392.58,-34.1591,-46.3269
-2387.15,49.8512,-51.1946
-2381.73,71.3586,-64.3612
-2376.3,-11.3717,-3.10004
-2370.88,-34.7557,65.2136
-2365.45,44.1118,55.257
-2360.03,72.9177,-48.2065
-2354.6,96.5382,-253.777
-2349.18,44.9702,-270.229
-2343.75,-32.9482,-201.995
-2338.32,53.563,-183.947
-2332.9,148.372,-79.1741
-2327.47,112.072,14.6698
-2322.05,11.2684,122.595
-2316.62,-16.1718,139.873
-2311.2,-13.3365,-2.39709
-2305.77,-103.018,-96.8244
-2300.35,-177.024,-41.342
-2294.92,-55.8998,83.5787
-2289.5,104.704,11.8497
-2284.07,93.7405,-134.256
-2278.65,118.432,-163.63
-2273.22,216.948,-145.705
-2267.79,120.464,10.1205
-2262.37,3.41145,188.071
-2256.94,97.4204,336.471
-2251.52,111.262,306.107
-2246.09,98.4315,148.208
-2240.67,227.583,57.9254
-2235.24,127.967,-104.748
-2229.82,-152.368,-128.666
-2224.39,-213.088,8.33343
-2218.97,-138.235,-121.086
-2213.54,-132.074,-341.261
-2208.12,-233.373,-250.647
-2202.69,-325.416,-137.904
-2197.27,-243.61,-92.4793
-2191.84,-125.867,-86.5311
-2186.41,-58.9573,-134.871
-2180.99,28.9048,-114.409
-2175.56,-34.0702,-11.6476
-2170.14,-191.384,90.877
-2164.71,-146.059,74.9765
-2159.29,-70.4085,-330.776
-2153.86,-121.574,-758.73
-2148.44,-78.5513,-297.743
-2143.01,-104.605,220.752
-2137.59,-203.702,137.112
-2132.16,44.0804,105.029
-2126.74,248.563,113.68
-2121.31,52.7936,136.446
-2115.89,-146.237,106.462
-2110.46,-154.783,-261.813
-2105.03,-11.3787,-276.286
-2099.61,12.459,168.973
-2094.18,-131.988,51.3402
-2088.76,-263.334,-360.157
-2083.33,-127.769,-268.152
-2077.91,255.502,-17.0524
-2072.48,115.953,-85.961
-2067.06,-191.481,-398.02
-2061.63,-78.6046,-630.469
-2056.21,49.7816,-778.584
-2050.78,-44.7966,-652.266
-2045.36,-338.21,-429.298
-2039.93,-374.275,-377.186
-2034.51,-350.962,-496.407
-2029.08,-174.649,-173.363
-2023.65,-178.958,-576.995
-2018.23,4674.93,13884.5
-2012.8,11652.6,32374.6
-2007.38,7505.42,18470.4
-2001.95,651.284,578.755
-1996.53,-95.3569,60.5638
-1991.1,-58.2696,-242.379
-1985.68,24.2813,-638.595
-1980.25,-20.7912,-380.99
-1974.83,-191.893,-91.9639
-1969.4,-14.8197,138.837
-1963.98,19.181,99.7053
-1958.55,-311.14,1035.96
-1953.12,-412.279,1709.17
-1947.7,-124.636,769.861
-1942.27,123.791,121.367
-1936.85,162.194,-136.501
-1931.42,-69.8354,-455.644
-1926,-121.197,-321.582
-1920.57,18.095,115.374
-1915.15,13.7759,244.286
-1909.72,27.1235,-198.027
-1904.3,-104.069,-319.09
-1898.87,-236.78,-15.7997
-1893.45,-29.0349,-134.013
-1888.02,98.9565,-144.641
-1882.6,14.5672,316.234
-1877.17,-25.2544,273.351
-1871.74,19.5341,-175.824
-1866.32,148.41,-309.689
-1860.89,108.377,-454.837
-1855.47,-174.455,-832.581
-1850.04,-228.281,-457.674
-1844.62,-182.115,154.516
-1839.19,-403.51,48.9107
-1833.77,-398.226,-146.881
-1828.34,1.61575,-206.973
-1822.92,269,-94.7691
-1817.49,165.621,132.914
-1812.07,16.6543,155.91
-1806.64,128.84,-64.7812
-1801.22,186.007,-216.099
-1795.79,52.5311,-127.415
-1790.36,57.4044,92.8035
-1784.94,56.1094,203.315
-1779.51,-48.0392,136.653
-1774.09,-9.313,165.054
-1768.66,80.3152,201.771
-1763.24,114.575,76.9234
-1757.81,246.846,-197.546
-1752.39,254.7,-264.625
-1746.96,-36.8442,-1.20051
-1741.54,-133.316,46.8808
-1736.11,-58.5136,-57.1238
-1730.69,-51.4588,-17.1135
-1725.26,-60.8013,18.9912
-1719.83,-164.604,-6.51407
-1714.41,-276.626,-3.41143
-1708.98,-285.693,40.6627
-1703.56,-219.043,33.2241
-1698.13,-207.117,-29.395
-1692.71,-188.655,-57.974
-1687.28,-84.8494,-19.8532
-1681.86,-87.0843,-2.13064
-1676.43,-96.0122,9.96334
-1671.01,14.0132,-2.32461
-1665.58,72.745,-1.27118
-1660.16,91.9168,58.4483
-1654.73,149.327,3.16888
-1649.31,101.104,-75.52
-1643.88,41.9648,-14.7435
-1638.45,64.0387,108.267
-1633.03,-24.3029,157.787
-1627.6,-94.6657,135.493
-1622.18,-71.9937,116.561
-1616.75,-15.0434,34.5084
-1611.33,80.5618,-9.4705
-1605.9,100.558,62.7022
-1600.48,37.5121,26.4579
-1595.05,-19.1592,-47.3692
-1589.63,32.5654,-7.08264
-1584.2,106.409,20.8766
-1578.78,70.1571,-10.2295
-1573.35,49.1815,-67.5342
-1567.93,96.0019,-88.152
-1562.5,106.503,-91.4372
-1557.07,-3.76389,-204.794
-1551.65,-127.333,-258.092
-1546.22,-105.919,-173.643
-1540.8,-40.7119,-143.96
-1535.37,-46.5535,-134.727
-1529.95,-45.1579,-76.1574
-1524.52,7.5232,31.1265
-1519.1,8.11511,93.9091
-1513.67,-36.4018,51.0574
-1508.25,-38.7279,40.7588
-1502.82,-43.1962,71.1496
-1497.4,-18.8709,17.7608
-1491.97,6.96606,-53.4841
-1486.55,-2.47012,-84.0555
-1481.12,55.7425,-102.526
-1475.69,39.0213,-61.9314
-1470.27,-5.76722,35.5221
-1464.84,27.539,84.6564
-1459.42,106.007,169.445
-1453.99,215.872,279.172
-1448.57,-6.93554,86.0707
-1443.14,-266.573,-129.619
-1437.72,-147.272,-54.2786
-1432.29,0.589532,20.4019
-1426.87,48.2188,-27.3241
-1421.44,65.8295,-118.895
-1416.02,74.3815,-142.675
-1410.59,14.8838,-54.3947
-1405.16,-72.5405,20.5644
-1399.74,-54.8487,5.78814
-1394.31,8.75724,2.1445
-1388.89,40.2826,0.629738
-1383.46,67.395,-71.7328
-1378.04,93.4239,-129.578
-1372.61,88.9583,-104.356
-1367.19,66.0991,-17.858
-1361.76,30.9632,45.5633
-1356.34,-1.28526,170.276
-1350.91,10.2041,256.279
-1345.49,21.9281,126.325
-1340.06,2.65765,29.6072
-1334.64,31.074,31.2543
-1329.21,90.9588,-22.633
-1323.78,87.1507,-79.1526
-1318.36,34.1511,-59.7276
-1312.93,26.1162,-61.8117
-1307.51,65.4862,-80.4769
-1302.08,68.0064,-45.8875
-1296.66,32.0774,-3.18318
-1291.23,-48.6142,13.462
-1285.81,-115.576,47.9943
-1280.38,-68.6872,76.551
-1274.96,-15.4369,51.67
-1269.53,-42.1301,34.7898
-1264.11,-37.1993,39.016
-1258.68,-129.03,9.51128
-1253.26,-340.968,-63.3731
-1247.83,-230.036,-76.2237
-1242.4,-17.3142,-78.1298
-1236.98,-35.654,-129.908
-1231.55,-8.7767,-91.8668
-1226.13,34.5544,-47.366
-1220.7,-38.414,-48.3118
-1215.28,-87.0658,-8.26768
-1209.85,-50.8652,-15.3068
-1204.43,-23.2649,-30.3084
-1199,26.9,7.12448
-1193.58,73.1057,52.4468
-1188.15,21.1145,62.7399
-1182.73,3.84835,33.0083
-1177.3,56.0022,20.9821
-1171.87,59.6688,-5.83068
-1166.45,57.3169,-19.4194
-1161.02,95.8001,-7.35611
-1155.6,91.5546,-68.0555
-1150.17,53.6665,-88.203
-1144.75,74.5931,-26.1728
-1139.32,94.1604,-22.1658
-1133.9,49.5029,-42.798
-1128.47,8.38845,-72.9226
-1123.05,-14.1567,-87.8431
-1117.62,-49.5877,-53.5438
-1112.2,-77.9464,-22.7477
-1106.77,-82.2859,3.35933
-1101.35,-63.1927,-17.2146
-1095.92,-7.15739,-46.9682
-1090.49,8.78106,-2.54106
-1085.07,-8.87575,61.462
-1079.64,-7.22652,60.9858
-1074.22,-48.9287,44.7849
-1068.79,-51.2215,78.9147
-1063.37,-29.5784,109.288
-1057.94,256.085,-213.101
-1052.52,686.784,-662.209
-1047.09,477.173,-477.366
-1041.67,70.8068,-92.1315
-1036.24,23.9318,-18.4157
-1030.82,50.5259,-58.3594
-1025.39,58.9997,-127.805
-1019.97,63.6909,-122.095
-1014.54,49.274,-13.7381
-1009.11,19.6128,21.6875
-1003.69,35.9328,-63.462
-998.264,44.472,-86.6503
-992.838,-4.98301,-33.6657
-987.413,-45.329,8.10385
-981.988,-71.403,18.7609
-976.562,-123.116,19.2305
-971.137,-122.661,29.3995
-965.712,-30.6911,9.61271
-960.286,76.7364,6.69657
-954.861,263.293,89.5896
-949.436,323.188,176.234
-944.01,157.437,134.848
-938.585,84.9476,16.9758
-933.16,63.7516,-21.4978
-927.734,24.1563,-0.281267
-922.309,59.5016,19.4771
-916.884,83.4105,24.4428
-911.458,33.7031,30.8389
-906.033,-89.0639,65.18
-900.608,-166.423,35.262
-895.182,-120.997,-7.56375
-889.757,-81.9964,22.8071
-884.331,-24.6544,23.5679
-878.906,19.7809,28.2466
-873.481,-59.465,21.3261
-868.055,-101.725,-32.9236
-862.63,-44.4749,-17.8184
-857.205,490.269,-3.1348
-851.779,1043.32,-8.11166
-846.354,556.281,46.1344
-840.929,-20.0935,95.9482
-835.503,-59.8009,40.7086
-830.078,-88.9302,-41.035
-824.653,-122.589,-1.84922
-819.227,-87.9014,30.4994
-813.802,-64.0353,-30.581
-808.377,-89.2723,-112.091
-802.951,-75.2068,-138.603
-797.526,-66.3859,-95.9654
-792.101,-100.325,-34.2612
-786.675,-91.9416,54.5693
-781.25,-45.1474,82.9484
-775.825,-17.1707,24.3444
-770.399,38.6011,-29.0072
-764.974,122.223,-10.3949
-759.549,21.5201,-55.2911
-754.123,-308.319,-267.433
-748.698,-356.505,-233.825
-743.273,-109.563,-10.5505
-737.847,-8.9024,6.07827
-732.422,-10.347,-24.0085
-726.996,-63.0817,-10.0358
-721.571,-100.311,3.83866
-716.146,-76.257,49.9405
-710.72,-88.2275,109.655
-705.295,-69.6744,82.769
-699.87,-13.5992,21.4937
-694.444,-0.971702,22.7284
-689.019,16.482,3.31623
-683.594,1.75842,-11.5975
-678.168,-41.2253,-4.42475
-672.743,-27.3084,-29.7958
-667.318,10.58,-59.6977
-661.892,26.7613,-79.8553
-656.467,-45.4314,-377.617
-651.042,-88.0315,-660.399
-645.616,-10.8089,-356.812
-640.191,28.7178,-4.91129
-634.766,13.9223,62.6247
-629.34,-30.7116,75.1658
-623.915,-65.4321,63.3548
-618.49,-28.8742,15.6741
-613.064,-7.2552,-34.8887
-607.639,-77.8694,-13.4294
-602.214,-120.62,42.2208
-596.788,-17.6628,59.0433
-591.363,41.8321,21.904
-585.937,-17.769,-10.288
-580.512,-62.5421,-18.6821
-575.087,-29.2899,15.3268
-569.661,26.3416,29.6345
-564.236,15.5684,85.0487
-558.811,-8.46202,-171.843
-553.385,-19.8484,-1054.83
-547.96,-23.1961,-1028
-542.535,-34.8628,-145.598
-537.109,-41.1981,66.6044
-531.684,-46.1618,-18.0443
-526.259,-84.2405,-29.2054
-520.833,-96.7503,-27.4196
-515.408,-58.6717,18.6647
-509.983,-23.7134,34.8677
-504.557,-49.6756,3.92581
-499.132,-40.8807,-53.7954
-493.707,7.80357,-77.6375
-488.281,-7.79788,-53.7112
-482.856,-26.3743,-21.1983
-477.431,-5.16462,-4.74462
-472.005,5.77228,2.93493
-466.58,-23.9122,-0.967376
-461.154,19.2007,33.0537
-455.729,855.212,903.814
-450.304,1515.56,1613.43
-444.878,702.843,717.11
-439.453,41.9298,-49.2109
-434.028,49.0007,-47.588
-428.602,2.30374,10.328
-423.177,2.93477,77.818
-417.752,19.4182,54.7642
-412.326,-27.0114,19.8334
-406.901,-67.14,25.6215
-401.476,-35.6374,48.7368
-396.05,-9.18207,47.4107
-390.625,-8.77387,21.2663
-385.2,-28.9964,-21.7484
-379.774,-53.5183,-51.8228
-374.349,-9.91784,-29.6191
-368.924,31.0759,-9.65766
-363.498,91.7784,-33.6176
-358.073,-271.966,-182.277
-352.648,-1162.48,-428.759
-347.222,-987.574,-342.067
-341.797,-109.025,-67.6225
-336.371,41.7869,-9.74531
-330.946,-40.6368,-0.69684
-325.521,-12.502,27.406
-320.095,8.58755,8.18513
-314.67,13.8251,-28.7257
-309.245,0.99726,-32.6006
-303.819,-13.0279,15.621
-298.394,-12.8902,38.0415
-292.969,-6.81824,24.4237
-287.543,27.3174,38.1253
-282.118,37.0584,49.6993
-276.693,29.17,39.0255
-271.267,32.2144,41.2494
-265.842,45.7374,5.70562
-260.417,-39.6672,102.557
-254.991,-1136.35,1210.72
-249.566,-1851.39,1858.34
-244.141,-766.828,708.929
-238.715,-6.30832,-60.1266
-233.29,-15.8996,-0.491606
-227.865,13.0623,36.3036
-222.439,0.724085,35.5615
-217.014,-10.4124,10.2614
-211.589,8.88897,48.0863
-206.163,-4.21643,73.3936
-200.738,-59.5857,57.8281
-195.312,-35.9419,16.0297
-189.887,14.8649,-28.2315
-184.462,20.2476,-23.4334
-179.036,-0.00429916,30.5518
-173.611,-20.9954,79.0088
-168.186,-0.837704,69.5475
-162.76,-68.2913,18.5528
-157.335,385.273,-49.7603
-151.91,1386.68,-158.841
-146.484,1101.08,-134.463
-141.059,181.531,-11.4
-135.634,20.0783,19.666
-130.208,5.1955,10.0794
-124.783,-12.6664,5.02984
-119.358,-18.5483,5.11912
-113.932,-42.4894,-3.72667
-108.507,-12.2212,26.3741
-103.082,77.0925,165.886
-97.6562,110.353,174.236
-92.2309,41.2574,19.1818
-86.8055,-11.431,-8.17766
-81.3802,-43.8876,53.6041
-75.9549,-36.9994,62.0901
-70.5295,15.3847,55.3422
-65.1042,26.3256,11.1801
-59.6788,51.3553,66.4503
-54.2535,242.1,754.037
-48.8281,294.141,1083.74
-43.4028,94.9876,393.329
-37.9774,1.75436,5.04401
-32.5521,-28.3134,24.0188
-27.1267,-41.0249,11.7587
-21.7014,9.31008,31.2878
-16.276,35.2447,31.16
-10.8507,32.3178,16.2212
-5.42535,-203.859,-152.057
0,-433.067,-303.236
5.42535,-212.61,-139.558
10.8507,26.2962,24.8207
16.276,41.335,22.4619
21.7014,32.5852,-1.95244
27.1267,-2.98174,-42.5724
32.5521,12.8866,-34.8208
37.9774,5.33982,-0.0765407
43.4028,402.096,-45.2675
48.8281,1118.99,-94.26
54.2535,791.366,-30.3969
59.6788,80.0074,25.5308
65.1042,19.5095,20.9142
70.5295,57.2664,-4.47039
75.9549,45.691,-56.0037
81.3802,35.3609,-59.5745
86.8055,-11.5941,-7.94464
92.2309,32.1359,32.2089
97.6562,201.471,44.1054
103.082,182.25,15.7061
108.507,20.6036,-20.5047
113.932,-18.034,-38.6523
119.358,-1.53345,-19.1805
124.783,0.39435,-13.6228
130.208,11.2485,1.43485
135.634,25.3472,12.1413
141.059,51.3747,174.482
146.484,250.237,1080.67
151.91,325.01,1357.38
157.335,85.0119,379.057
162.76,-5.92301,-70.5181
168.186,65.0668,-24.5738
173.611,67.0631,-46.7518
179.036,28.7078,-10.4534
184.462,-15.0951,27.0414
189.887,-21.4449,23.6242
195.312,2.77023,-39.2568
200.738,33.9612,-75.7706
206.163,67.5253,-29.0643
211.589,48.2266,-8.0935
217.014,6.0813,-13.2941
222.439,33.6645,-11.4823
227.865,38.5819,-0.142056
233.29,-5.89996,-14.7726
238.715,-58.658,14.6367
244.141,403.905,-963.05
249.566,1113.05,-2375.32
254.991,749.05,-1481.91
260.417,82.8051,-72.3516
265.842,21.0046,41.0277
271.267,49.7792,16.1631
276.693,46.6481,14.0628
282.118,59.3767,17.8254
287.543,45.1692,12.6304
292.969,20.6188,-14.7604
298.394,31.3387,-25.1239
303.819,10.2232,-17.5849
309.245,-30.2934,12.0873
314.67,-22.2649,22.8161
320.095,10.6287,5.27021
325.521,21.4773,-21.1214
330.946,-14.5532,-37.948
336.371,5.13455,42.5997
341.797,-100.833,-79.3215
347.222,-659.209,-811.022
352.648,-800.494,-945.733
358.073,-264.302,-193.222
363.498,-0.200268,97.7413
368.924,1.55342,32.5049
374.349,-31.2248,0.810605
379.774,-67.0018,-32.5662
385.2,-30.3541,-19.8094
390.625,16.983,-15.5183
396.05,41.411,-24.8438
401.476,33.6089,-50.1571
406.901,1.113,-71.8541
412.326,9.39894,-32.1658
417.752,58.1031,-0.482599
423.177,74.1287,-23.8576
428.602,10.4931,-1.36763
434.028,-27.9588,62.3216
439.453,-31.9023,56.2322
444.878,914.249,415.19
450.304,2034.48,872.329
455.729,1141.81,494.514
461.154,37.6274,6.73768
466.58,-9.08749,-22.1392
472.005,4.73217,4.42032
477.431,-6.22486,-3.23039
482.856,-28.9404,-17.5335
488.281,-53.1391,11.0427
493.707,-70.2863,33.8866
499.132,-64.5332,-20.0162
504.557,-13.3011,-48.0224
509.983,24.6545,-34.2088
515.408,-2.52785,-61.5171
520.833,-58.8565,-81.5375
526.259,-56.2561,-69.1714
531.684,-32.7444,-37.2064
537.109,48.497,-61.4936
542.535,-148.741,17.0373
547.96,-973.933,329.798
553.385,-998.003,342.121
558.811,-164.374,50.8222
564.236,85.2443,-14.4589
569.661,36.8567,14.6174
575.087,4.38478,-32.7656
580.512,-38.9461,-52.3807
585.937,-15.7449,-13.1786
591.363,34.8903,31.8177
596.788,49.4416,-36.7916
602.214,-1.57985,-127.786
607.639,-39.2524,-68.5801
613.064,-35.2661,5.11495
618.49,4.85315,-32.4936
623.915,37.1537,-83.1555
629.34,60.1286,-54.5681
634.766,63.6097,-8.33612
640.191,5.20691,28.6657
645.616,-338.99,111.88
651.042,-650.68,143.147
656.467,-370.383,86.4613
661.892,-65.8865,52.4596
667.318,-52.4789,30.3597
672.743,-37.3389,-15.4707
678.168,-18.2576,-37.2257
683.594,-10.2966,5.61889
689.019,8.75336,14.3538
694.444,21.0254,-8.68669
699.87,15.5463,-20.1304
705.295,53.9474,-93.7812
710.72,72.8666,-120.411
716.146,20.8472,-88.7389
721.571,-30.7013,-95.5743
726.996,-31.0058,-55.8449
732.422,-26.0995,-1.51164
737.847,2.66687,-10.4444
743.273,-47.3869,-99.3469
748.698,-341.655,-255.033
754.123,-356.756,-198.257
759.549,-44.5956,39.1329
764.974,32.0351,118.406
770.399,-14.0544,46.1926
775.825,17.0036,-24.4615
781.25,62.5046,-70.7947
786.675,19.8325,-105.061
792.101,-66.5084,-82.5567
797.526,-112.883,-29.5601
802.951,-155.966,-23.2663
808.377,-135.864,-45.5513
813.802,-50.638,-49.7141
819.227,-1.40399,-93.0315
824.653,-43.6657,-114.564
830.078,-68.9762,-69.5323
835.503,17.8004,-70.1176
840.929,83.2896,-51.6978
846.354,233.612,506.954
851.779,349.215,983.177
857.205,164.736,461.774
862.63,-31.9552,-35.6984
868.055,-65.7303,-84.33
873.481,-0.298225,-63.1728
878.906,33.3086,8.92695
884.331,13.7144,-31.2284
889.757,-6.61275,-84.852
895.182,-48.491,-111.113
900.608,-23.7847,-168.447
906.033,30.7875,-105.986
911.458,40.5062,21.123
916.884,51.4968,70.0202
922.309,38.6532,49.2517
927.734,7.99756,22.7957
933.16,1.60313,67.2597
938.585,45.006,74.0185
944.01,180.562,101.822
949.436,276.142,243.422
954.861,174.238,216.773
960.286,32.5382,69.8183
965.712,-1.46415,-32.1281
971.137,-14.3266,-125.319
976.562,-24.0376,-122.269
981.988,-6.79174,-73.5134
987.413,-7.8883,-45.367
992.838,-33.3397,6.83189
998.264,-66.2144,71.4263
1003.69,-47.345,55.471
1009.11,27.0875,11.0124
1014.54,3.943,51.0012
1019.97,-92.9479,101.609
1025.39,-99.9182,99.1537
1030.82,-37.5591,67.4389
1036.24,-9.1199,28.7871
1041.67,-62.3579,98.0475
1047.09,-285.375,611.664
1052.52,-387.379,871.855
1057.94,-112.663,313.526
1063.37,92.5807,-65.1732
1068.79,56.6368,-75.1229
1074.22,25.3494,-61.2952
1079.64,54.8363,-27.6491
1085.07,54.7196,-29.3617
1090.49,0.615456,9.1206
1095.92,-46.5837,9.33835
1101.35,-37.7897,-53.4939
1106.77,-24.9866,-78.4724
1112.2,-48.0347,-65.4652
1117.62,-67.2746,-28.2839
1123.05,-87.3874,16.7412
1128.47,-65.6558,32.8236
1133.9,-23.2859,61.1553
1139.32,11.3755,96.063
1144.75,0.917786,79.0463
1150.17,-64.5287,80.5973
1155.6,-32.6376,109.309
1161.02,25.8531,92.5386
1166.45,1.35524,60.5022
1171.87,14.9289,58.0645
1177.3,38.8706,45.4486
1182.73,32.3338,-7.67324
1188.15,66.1778,-1.61722
1193.58,74.2875,50.759
1199,15.8951,22.841
1204.43,-36.4376,-11.4957
1209.85,-31.7806,-42.5624
1215.28,-37.5474,-78.9873
1220.7,-58.5367,-19.5737
1226.13,-32.6913,48.6705
1231.55,-89.3284,23.173
1236.98,-134.268,10.9275
1242.4,-79.3397,10.452
1247.83,-150.304,-190.093
1253.26,-176.169,-298.73
1258.68,-35.1931,-124.501
1264.11,23.94,-48.3001
1269.53,18.2823,-51.4882
1274.96,43.2741,-32.1781
1280.38,48.442,-90.7268
1285.81,5.57074,-125.02
1291.23,-3.97674,-50.2867
1296.66,7.97989,31.2316
1302.08,-19.8606,79.5996
1307.51,-53.2259,89.0616
1312.93,-49.1524,45.6819
1318.36,-44.4466,52.519
1323.78,-44.5717,108.967
1329.21,9.84166,93.2142
1334.64,39.9973,18.5104
1340.06,28.7307,-7.62888
1345.49,126.206,-22.5999
1350.91,244.314,-78.064
1356.34,159.567,-59.4455
1361.76,53.4054,13.5122
1367.19,5.82627,68.2206
1372.61,-67.6366,119.285
1378.04,-89.8106,132.108
1383.46,-44.3563,87.8646
1388.89,14.3692,37.6378
1394.31,5.01029,7.49566
1399.74,-13.3204,-53.5207
1405.16,-5.48627,-75.1994
1410.59,-46.0237,32.5903
1416.02,-108.631,118.693
1421.44,-89.2098,102.524
1426.87,-9.18447,54.6563
1432.29,19.3731,-6.42389
1437.72,-101.375,-119.826
1443.14,-212.975,-206.165
1448.57,78.5078,-35.9552
1453.99,336.169,107.371
1459.42,195.484,41.661
1464.84,88.9697,-3.0757
1470.27,31.4074,-17.5688
1475.69,-44.8504,57.8499
1481.12,-77.2776,87.4467
1486.55,-79.8314,26.4274
1491.97,-47.8766,24.8387
1497.4,10.2354,-23.8074
1502.82,52.0849,-64.9257
1508.25,25.0551,-50.3327
1513.67,35.5281,-51.6692
1519.1,91.0212,-24.4931
1524.52,31.8224,-3.57639
1529.95,-87.0095,-16.3872
1535.37,-142.524,2.33338
1540.8,-149.203,10.9807
1546.22,-199.397,-40.1425
1551.65,-286.078,-31.381
1557.07,-193.73,66.5067
1562.5,-49.4968,131.353
1567.93,-50.0012,120.362
1573.35,-46.6406,69.3135
1578.78,14.3823,69.4248
1584.2,56.0118,92.852
1589.63,4.48253,33.0239
1595.05,-51.0654,-1.80249
1600.48,37.6922,26.2007
1605.9,93.3137,73.0485
1611.33,18.6544,78.9424
1616.75,27.2821,-25.9388
1622.18,84.9086,-107.518
1627.6,94.9444,-135.298
1633.03,139.96,-76.8038
1638.45,123.64,23.1468
1643.88,0.498524,44.4765
1649.31,-36.3858,120.836
1654.73,54.0507,139.238
1660.16,86.3605,66.383
1665.58,23.6836,68.7924
1671.01,2.60785,13.9631
1676.43,-23.4756,-93.6297
1681.86,-31.7867,-81.1038
1687.28,-47.6762,-72.9421
1692.71,-119.002,-157.449
1698.13,-98.4605,-184.573
1703.56,-43.6967,-217.196
1708.98,-59.5025,-282.372
1714.41,-97.8174,-258.777
1719.83,-62.4188,-152.449
1725.26,-2.94938,-63.63
1730.69,-33.6814,-42.5023
1736.11,-73.6917,-35.4473
1741.54,-1.54327,-141.31
1746.96,-13.7301,-34.2117
1752.39,-161.554,329.847
1757.81,-101.207,299.524
1763.24,111.472,81.3563
1768.66,217.072,6.46192
1774.09,151.915,-65.2033
1779.51,111.981,-91.8803
1784.94,210.244,-16.8123
1790.36,106.84,22.2018
1795.79,-101.765,92.9415
1801.22,-139.448,248.699
1806.64,-16.8086,143.226
1812.07,152.203,-37.6744
1817.49,181.544,110.174
1822.92,2.94972,285.191
1828.34,-193.938,72.3072
1833.77,-274.225,-323.974
1839.19,-92.0491,-395.905
1844.62,82.9096,-223.98
1850.04,-508.149,-57.9798
1855.47,-842.037,120.826
1860.89,-390.34,257.405
1866.32,-240.254,245.38
1871.74,-158.539,78.4913
1877.17,248.229,-117.223
1882.6,302.145,-94.4699
1888.02,-102.073,142.459
1893.45,-135.861,18.5511
1898.87,-95.8305,-217.097
1904.3,-335.44,11.3427
1909.72,-176.808,93.2172
1915.15,234.266,-70.6057
1920.57,114.604,-22.4569
1926,-343.641,-3.90086
1931.42,-452.05,90.2156
1936.85,-72.795,199.098
1942.27,156.386,74.8157
1947.7,680.805,-380.427
1953.12,1465.08,-971.985
1958.55,867.065,-646.694
1963.98,100.253,-16.077
1969.4,125.394,-61.4112
1974.83,-152.049,-148.867
1980.25,-365.125,110.769
1985.68,-591.778,241.229
1991.1,-247.691,28.1429
1996.53,24.2973,-110.32
2001.95,766.604,414.061
2007.38,19923.5,735.521
2012.8,34407.6,-122.908
2018.23,14646.1,-355.776
2023.65,-603.405,29.1785
2029.08,-222.642,-104.823
2034.51,-586.507,-160.015
2039.93,-482.449,-222.698
2045.36,-519.082,-170.985
2050.78,-628.251,180.993
2056.21,-714.603,313.071
2061.63,-619.332,141.769
2067.06,-439.507,-43.8023
2072.48,-41.1187,138.361
2077.91,71.3629,245.926
2083.33,-295.68,-28.3504
2088.76,-428.502,-124.272
2094.18,3.10264,-141.588
2099.61,163.044,-46.0843
2105.03,-263.516,83.8031
2110.46,-298.963,-55.903
2115.89,50.0259,-173.83
2121.31,146.274,2.94246
2126.74,191.838,194.692
2132.16,113.771,5.50016
2137.59,59.1724,-238.312
2143.01,171.663,-173.798
2148.44,-306.653,28.0203
2153.86,-754.552,145.259
2159.29,-334.908,46.9707
2164.71,20.4998,-162.894
2170.14,19.9393,-210.924
2175.56,-22.5979,-28.0318
2180.99,-97.6223,66.2919
2186.41,-146.901,-9.27226
2191.84,-124.361,-88.6814
2197.27,-170.222,-197.289
2202.69,-240.886,-258.625
2208.12,-315.35,-133.572
2213.54,-365.852,-7.39105
2218.97,-161.062,-88.4844
2224.39,-65.0496,-203.087
2229.82,-173.019,-99.1731
2235.24,-54.6632,156.075
2240.67,132.27,194.047
2246.09,172.935,41.8053
2251.52,325.7,-0.142654
2256.94,349.499,-23.5348
2262.37,177.896,-61.1184
2267.79,50.7118,109.738
2273.22,-62.7166,253.699
2278.65,-113.256,167.254
2284.07,-94.098,134.005
2289.5,46.9459,94.3365
2294.92,59.4194,-81.1143
2300.35,-99.3947,-152.209
2305.77,-126.219,-63.6889
2311.2,-6.81388,-11.7124
2316.62,125.906,-63.0358
2322.05,119.055,-31.3411
2327.47,52.1159,100.295
2332.9,-23.6529,166.504
2338.32,-154.534,113.246
2343.75,-201.082,38.1251
2349.18,-238.551,134.682
2354.6,-205.453,177.513
2360.03,-20.3574,85.0078
2365.45,67.0123,22.5525
2370.88,49.3934,-54.9641
2376.3,-6.80247,-9.62558
2381.73,-36.0737,89.068
2387.15,-31.0571,64.3544
2392.58,-55.2162,-16.2543
2398,-5.19696,-55.3736
2403.43,35.0679,-45.0887
2408.85,9.29399,-80.3298
2414.28,35.7994,-94.8429
2419.7,-22.4504,-67.5676
2425.13,-97.3328,-55.4007
2430.56,11.3374,-36.7313
2435.98,14.9842,-38.6152
2441.41,-128.805,-24.3356
2446.83,-163.98,-78.9182
2452.26,-110.626,-204.421
2457.68,-63.3704,-117.103
2463.11,-77.1545,17.3215
2468.53,-104.981,-67.9007
2473.96,-98.4072,-121.175
2479.38,-48.6113,-28.6472
2484.81,12.635,7.50981
2490.23,20.6351,-12.4286
2495.66,-44.0591,-17.9983
2501.08,-72.9551,-82.7917
2506.51,10.2914,-116.567
2511.94,58.9587,-71.5064
2517.36,48.4121,-47.6703
2522.79,34.0999,-33.9425
2528.21,14.7036,11.6267
2533.64,11.9306,53.1635
2539.06,-16.3793,38.9246
2544.49,-51.3337,-15.2245
2549.91,5.88139,-73.3617
2555.34,80.5705,-72.3744
2560.76,44.8743,-11.8033
2566.19,9.12663,-16.4165
2571.61,49.9834,-55.7071
2577.04,105.282,-67.3993
2582.47,74.904,-61.6589
2587.89,-18.0862,-22.3586
2593.32,-21.7007,-14.6445
2598.74,1.50529,-26.7456
2604.17,-25.5585,18.9376
2609.59,-30.0679,51.9428
2615.02,-20.8952,24.6568
2620.44,-52.7043,-35.1949
2625.87,-113.461,-91.2646
2631.29,-134.76,-89.0391
2636.72,-56.2928,-22.0536
2642.14,60.3917,51.697
2647.57,143.303,203.629
2652.99,126.443,380.957
2658.42,43.3095,257.988
2663.85,1.87285,3.36347
2669.27,-2.30436,-90.5127
2674.7,-18.7997,-55.7606
2680.12,-86.3173,-18.9944
2685.55,-58.0397,-12.0518
2690.97,81.9616,-2.11148
2696.4,107.785,21.2875
2701.82,17.7927,84.1586
2707.25,-40.3292,55.5074
2712.67,2.85108,-28.9163
2718.1,17.1683,-22.1423
2723.52,-21.1065,53.4952
2728.95,49.7364,30.7266
2734.37,131.74,-65.9842
2739.8,102.551,-94.7483
2745.23,-7.30279,-51.8523
2750.65,-143.905,120.451
2756.08,-176.435,169.295
2761.5,-99.5772,3.88424
2766.93,-3.31671,-55.9909
2772.35,32.4951,-20.8871
2777.78,-12.0101,5.81122
2783.2,-16.3154,33.7501
2788.63,-11.9467,88.862
2794.05,-50.7404,134.413
2799.48,-54.33,84.6848
2804.9,-25.4836,13.762
2810.33,-0.402644,-16.454
2815.75,31.5983,-41.1823
2821.18,59.4991,-37.5113
2826.61,72.644,11.9547
2832.03,44.6738,18.495
2837.46,-35.6781,-42.1989
2842.88,-40.937,-38.6841
2848.31,38.331,-41.2548
2853.73,53.1998,-113.796
2859.16,-22.9218,-92.771
2864.58,-51.5239,-22.1946
2870.01,-32.4902,0.961362
2875.43,-37.1744,-52.5435
2880.86,15.5284,-131.364
2886.28,17.9118,-84.817
2891.71,-33.9136,13.2083
2897.14,-42.8059,68.9668
2902.56,-110.254,77.6465
2907.99,-111.438,6.96328
2913.41,13.8637,-34.6681
2918.84,75.1456,-8.95315
2924.26,29.6473,-19.5307
2929.69,-29.6315,-26.424
2935.11,-36.7041,-4.543
2940.54,-19.477,12.1634
2945.96,21.8827,-0.704451
2951.39,98.3828,-145.257
2956.81,89.1395,-203.59
2962.24,9.84993,-75.3726
2967.66,-6.50321,-16.5959
2973.09,15.331,29.3527
2978.52,36.4367,98.9814
2983.94,29.9907,91.6338
2989.37,-13.4488,8.92197
2994.79,-33.8119,-49.5234
3000.22,-39.2523,-36.7739
3005.64,-39.2118,-5.22129
3011.07,-8.96561,43.7132
3016.49,8.00455,53.1323
3021.92,29.9185,-41.1613
3027.34,58.0173,-131.752
3032.77,31.4477,-119.583
3038.19,36.5046,-86.7997
3043.62,70.9508,-46.2942
3049.04,63.8899,37.1013
3054.47,78.879,74.2681
3059.9,90.7809,24.6574
3065.32,74.9379,-9.6795
3070.75,32.1244,27.5408
3076.17,-37.7828,50.2895
3081.6,-40.7393,25.3012
3087.02,-10.6174,31.9226
3092.45,-15.4033,65.6765
3097.87,-26.3819,49.1058
3103.3,-41.1742,5.61244
3108.72,-21.2459,24.386
3114.15,-11.5653,45.3273
3119.57,-52.4576,-4.45714
3125,-63.1535,5.35319
3130.43,-17.6741,46.8493
3135.85,28.9521,12.9694
3141.28,24.8201,-24.8398
3146.7,-3.62055,-46.14
3152.13,-51.6264,-36.5748
3157.55,-66.0453,-10.1522
3162.98,-42.6856,-26.6066
3168.4,-44.7326,-44.2111
3173.83,0.811115,-16.7473
3179.25,30.9947,-1.34111
3184.68,-49.8332,0.543776
3190.1,-82.4671,21.0192
3195.53,-23.681,17.8144
3200.95,9.45548,22.1991
3206.38,12.0157,51.3261
3211.81,0.996244,48.4777
3217.23,-14.3044,54.4238
3222.66,-17.155,93.6097
3228.08,-9.84941,75.8784
3233.51,0.190232,15.7509
3238.93,-13.8704,-0.66966
3244.36,-57.1303,5.8832
3249.78,-58.5677,32.5633
3255.21,-48.3707,81.4834
3260.63,-98.2143,76.9115
3266.06,-101.709,30.8495
3271.48,-35.1316,18.0173
3276.91,18.3237,-11.535
3282.33,50.8867,-62.0066
3287.76,70.2839,-43.2285
3293.19,78.6101,-22.039
3298.61,42.0328,-21.7104
3304.04,-7.86328,-38.0023
3309.46,-5.33088,-85.7023
3314.89,26.9488,-73.1309
3320.31,29.1087,-1.49255
3325.74,-18.445,53.5411
3331.16,-20.5785,61.0928
3336.59,32.7725,69.541
3342.01,40.545,61.7278
3347.44,24.3518,30.733
3352.86,39.045,59.1248
3358.29,17.4514,74.8651
3363.71,-7.64223,25.6486
3369.14,32.4554,14.698
3374.57,10.5912,39.4963
3379.99,-71.3082,-3.4847
3385.42,-61.3037,-64.6679
3390.84,12.9891,-63.9557
3396.27,46.0461,-43.2899
3401.69,34.5839,-8.35523
3407.12,30.4851,19.2696
3412.54,26.6579,3.47853
3417.97,-17.2693,-11.4539
3423.39,-42.4496,-12.6324
3428.82,-1.19584,-23.3288
3434.24,16.362,-17.2213
3439.67,-28.0423,19.2684
3445.1,-6.64903,22.0593
3450.52,44.5644,27.0308
3455.95,12.4993,36.909
3461.37,11.1338,-6.93616
3466.8,48.4648,-16.3616
3472.22,26.058,-5.14142
3477.65,-24.392,7.2892
3483.07,-40.9019,24.7645
3488.5,-9.08428,-4.53324
3493.92,-19.4331,-31.0457
3499.35,-63.7147,-15.3033
3504.77,-63.1341,37.0008
3510.2,-56.5729,89.7963
3515.62,-19.4737,72.6805
3521.05,38.4339,8.85467
3526.48,67.7838,-15.5242
3531.9,68.0652,-15.9296
3537.33,12.6557,-49.2349
3542.75,-21.2003,-71.4199
3548.18,3.77188,-58.819
3553.6,-6.11242,-54.4091
3559.03,-18.9021,-14.5457
3564.45,10.6098,-13.8148
3569.88,12.1164,-89.2591
3575.3,-23.2028,-65.7148
3580.73,-46.2445,17.8394
3586.15,-27.5622,23.6816
3591.58,-9.16186,-2.07119
3597,-48.315,-6.54212
3602.43,-75.7129,-14.1654
3607.86,-57.6365,-21.4417
3613.28,-22.0924,-13.681
3618.71,29.3019,-0.908367
3624.13,36.3033,26.8545
3629.56,7.71362,46.6611
3634.98,-21.0682,68.334
3640.41,-34.4574,83.1991
3645.83,14.5026,40.4012
3651.26,58.1131,7.80377
3656.68,38.0516,-18.63
3662.11,13.4524,-29.8716
3667.53,19.389,44.0747
3672.96,46.0267,79.2577
3678.39,35.1867,32.9935
3683.81,-45.5064,8.13852
3689.24,-93.5486,14.1074
3694.66,-55.3588,21.9963
3700.09,-5.03167,3.25375
3705.51,0.0332875,-11.4488
3710.94,-22.28,31.52
3716.36,-18.5507,65.4105
3721.79,-4.11865,27.7269
3727.21,-24.962,-29.0689
3732.64,-39.2094,-47.6372
3738.06,-17.088,-34.8458
3743.49,0.310122,-3.46825
3748.91,3.28232,28.011
3754.34,-5.48558,36.7601
3759.77,-35.6993,31.9668
3765.19,-53.8673,14.1771
3770.62,-34.1519,1.28985
3776.04,-24.054,-36.3802
3781.47,-36.6229,-66.4288
3786.89,-26.2629,-31.2647
3792.32,-0.277186,13.8894
3797.74,14.4297,20.8525
3803.17,19.5468,-8.1782
3808.59,18.4047,-33.9147
3814.02,-12.5646,-40.4854
3819.44,-68.2904,-33.6264
3824.87,-63.592,-36.6192
3830.29,-13.7198,-2.7256
3835.72,-11.088,30.1333
3841.15,-39.7003,-33.6229
3846.57,-73.832,-67.7515
3852,-107.669,-6.79476
3857.42,-80.1863,29.828
3862.85,-8.12444,-21.6794
3868.27,-38.9997,-73.172
3873.7,-119.578,-21.3127
3879.12,-106.714,15.9502
3884.55,-40.4403,-5.13087
3889.97,16.5517,1.87423
3895.4,29.0339,8.14826
3900.82,17.5192,35.0062
3906.25,27.1635,59.341
3911.68,35.1034,32.9145
3917.1,23.4168,17.7437
3922.53,21.0271,14.871
3927.95,20.6019,8.39426
3933.38,6.51628,22.7464
3938.8,-0.0415401,34.3009
3944.23,-13.8152,63.3638
3949.65,-35.9308,74.6133
3955.08,-23.2101,-5.18601
3960.5,2.22593,-98.9286
3965.93,12.3341,-90.5365
3971.35,10.651,-20.8857
3976.78,-8.62561,19.9712
3982.2,-29.3284,61.8513
3987.63,-1.54472,86.2607
3993.06,86.1146,53.6956
3998.48,78.1136,6.4928
4003.91,-31.714,-8.14756
4009.33,-48.7071,-15.8641
4014.76,9.5985,-13.3756
4020.18,38.5711,3.48889
4025.61,27.9855,-7.3242
4031.03,12.5075,4.15506
4036.46,-10.237,28.0946
4041.88,-36.9452,42.8705
4047.31,-53.8392,43.9286
4052.73,-59.2702,6.79444
4058.16,-43.3345,-28.4146
4063.58,-27.2561,-9.02753
4069.01,-11.447,40.1676
4074.44,3.38601,36.8568
4079.86,31.0695,18.4684
4085.29,67.7695,7.30855
4090.71,35.203,-4.04538
4096.14,-17.2631,29.0262
4101.56,2.51254,69.0526
4106.99,27.4447,77.1239
4112.41,11.752,37.7288
4117.84,-20.9924,-26.9484
4123.26,-39.5989,-49.7579
4128.69,-1.18667,-48.962
4134.11,29.1955,-43.4218
4139.54,-3.83376,-23.9824
4144.96,-47.5201,10.7793
4150.39,-39.7401,29.1867
4155.82,5.62713,15.8534
4161.24,-3.85066,8.17509
4166.67,-0.69637,-25.3338
4172.09,-5.4649,-21.8833
4177.52,-53.2774,38.1663
4182.94,-22.6298,58.2341
4188.37,30.8705,76.6495
4193.79,28.3251,73.6
4199.22,3.17603,21.491
4204.64,7.7531,12.2329
4210.07,39.4849,11.9112
4215.49,34.2751,5.02532
4220.92,-10.236,21.6695
4226.35,-17.9987,-15.8098
4231.77,-15.7301,-49.0345
4237.2,-20.7832,-38.6478
4242.62,-3.08857,-43.111
4248.05,-14.7631,-16.2688
4253.47,-13.4542,30.3193
4258.9,12.587,25.1969
4264.32,2.29753,-5.55825
4269.75,-6.92497,-19.2124
4275.17,2.92456,-24.6745
4280.6,-33.1292,-17.2676
4286.02,-81.5294,5.05706
4291.45,-38.9734,6.79456
4296.87,29.1442,-25.2936
4302.3,29.598,-39.8381
4307.73,-11.233,-2.6161
4313.15,-36.7614,40.0382
4318.58,-35.4356,36.2074
4324,-17.4183,29.3502
4329.43,9.27233,49.6891
4334.85,25.731,60.8931
4340.28,18.1743,65.8844
4345.7,-23.5282,33.6255
4351.13,-25.3054,-3.94732
4356.55,9.55088,2.98517
4361.98,-15.7985,6.7089
4367.4,-37.9792,9.70343
4372.83,-19.6117,1.15947
4378.25,0.693989,-41.5352
4383.68,28.7157,-57.4672
4389.11,47.3927,-27.6995
4394.53,32.3305,-13.0783
4399.96,23.0129,1.13028
4405.38,35.8005,19.0931
4410.81,47.5279,8.59198
4416.23,86.166,1.73053
4421.66,119.21,6.71579
4427.08,76.5495,26.6824
4432.51,22.4419,48.5073
4437.93,24.3997,35.997
4443.36,51.4668,18.4583
4448.78,73.2705,25.892
4454.21,82.5092,26.2467
4459.63,90.6022,-30.3129
4465.06,81.5713,-67.349
4470.49,22.1294,-34.3159
4475.91,-37.4001,-13.1383
4481.34,-6.78779,-12.6867
4486.76,40.4361,-22.5882
4492.19,15.8629,-42.2654
4497.61,-14.3189,-34.3585
4503.04,-22.5205,36.6085
4508.46,-7.00228,87.5301
4513.89,28.5852,45.1339
4519.31,8.80981,-5.08313
4524.74,-34.4118,-16.3716
4530.16,-7.73057,-27.5719
4535.59,49.2837,-42.3426
4541.02,54.7109,-40.3662
4546.44,10.7115,-19.7104
4551.87,-51.4685,20.4245
4557.29,-85.8407,48.6705
4562.72,-66.1092,41.9817
4568.14,-37.0614,-0.268278
4573.57,5.19876,-20.8596
4578.99,46.967,11.719
4584.42,29.9651,40.3929
4589.84,31.1588,59.3327
4595.27,53.4695,61.9909
4600.69,29.4069,45.4965
4606.12,20.7648,46.3957
4611.54,16.7982,7.31984
4616.97,8.13061,-62.0903
4622.4,-10.4707,-50.9955
4627.82,-30.6483,-13.1891
4633.25,-8.24741,-8.51181
4638.67,16.1749,-24.3903
4644.1,9.38335,-45.0508
4649.52,-45.1681,-39.7745
4654.95,-84.774,-31.2851
4660.37,-38.9045,-19.1634
4665.8,10.1259,9.73714
4671.22,-9.68278,-13.5595
4676.65,-49.6366,-52.6369
4682.07,-31.335,-32.0651
4687.5,-14.6039,-9.44322
4692.92,-57.1579,-21.0276
4698.35,-54.2322,-37.3007
4703.78,-30.6951,-39.7379
4709.2,-42.8998,-13.6242
4714.63,-39.6411,25.4563
4720.05,-26.642,13.84
4725.48,-8.72297,-2.26907
4730.9,19.9566,8.79976
4736.33,20.2612,-30.1999
4741.75,8.71251,-53.4091
4747.18,29.6184,27.7433
4752.6,31.3718,60.3347
4758.03,-7.16131,1.19063
4763.45,-29.9505,-10.6249
4768.88,-12.5622,6.58603
4774.31,39.5598,-7.19212
4779.73,63.6407,-33.1472
4785.16,63.4361,-11.8003
4790.58,71.8837,15.8678
4796.01,37.8236,14.822
4801.43,15.4194,53.424
4806.86,11.499,71.264
4812.28,-2.83491,31.6086
4817.71,6.14807,-6.3155
4823.13,-0.520657,-14.8372
4828.56,-30.5438,8.02524
4833.98,-28.1892,5.35735
4839.41,-20.3715,-11.9148
4844.83,-3.84217,-17.9998
4850.26,56.9614,-7.97391
4855.69,54.577,51.4102
4861.11,2.02262,52.8898
4866.54,-23.916,-0.155484
4871.96,-30.9965,13.9345
4877.39,-31.1335,42.4183
4882.81,-29.4087,28.7084
4888.24,-39.4692,26.6525
4893.66,-74.8126,44.2936
4899.09,-43.1386,33.2285
4904.51,19.5177,24.7326
4909.94,3.24939,0.326448
4915.36,-3.41602,-34.612
4920.79,29.9443,-3.04149
4926.21,32.9172,32.2004
4931.64,17.6087,17.6228
4937.07,12.2505,22.5978
4942.49,17.1971,45.875
4947.92,4.17163,45.7134
4953.34,-9.40038,28.1436
4958.77,5.81342,5.01644
4964.19,-20.0677,29.7078
4969.62,-49.4232,37.1433
4975.04,4.8328,10.4532
4980.47,35.4333,24.6512
4985.89,7.17553,39.9126
4991.32,5.44726,29.9272
4996.74,15.0351,1.67051
5002.17,8.07374,1.88535
5007.6,6.22315,25.7605
5013.02,5.69452,18.4383
5018.45,-7.89885,-25.2145
5023.87,-29.1491,-36.0037
5029.3,-44.0028,0.841637
5034.72,-38.2598,-9.82523
5040.15,-29.6089,-44.7882
5045.57,-7.73992,-30.636
5051,5.21915,8.13294
5056.42,-31.3829,11.9311
5061.85,-41.4671,-8.44898
5067.27,8.19594,-8.84162
5072.7,43.0101,-15.9314
5078.12,23.8065,-15.406
5083.55,-19.2949,17.9532
5088.98,-36.6641,27.8385
5094.4,0.576964,-3.82609
5099.83,44.0557,-21.6842
5105.25,51.8865,-18.1172
5110.68,34.1679,7.75025
5116.1,-20.1895,25.8333
5121.53,-42.4741,9.84701
5126.95,1.74053,21.0151
5132.38,21.6951,35.298
5137.8,24.1679,9.09928
5143.23,31.4758,-15.5199
5148.65,17.246,-3.86024
5154.08,-25.9297,9.53986
5159.5,-47.4705,-3.65175
5164.93,-12.0692,-17.626
5170.36,-2.3266,-22.8766
5175.78,-14.2649,-29.1723
5181.21,0.903588,-9.59433
5186.63,17.3381,24.6424
5192.06,-19.0304,55.083
5197.48,-56.0386,52.7699
5202.91,-5.79966,18.0505
5208.33,48.0617,3.95234
5213.76,42.4032,-35.5671
5219.18,26.0047,-40.1266
5224.61,25.4635,27.3147
5230.03,24.5155,20.7652
5235.46,20.4584,-66.7576
5240.88,27.4749,-84.0973
5246.31,31.6159,4.90224
5251.74,20.228,30.7012
5257.16,19.4813,-6.33791
5262.59,17.6912,-3.63649
5268.01,-10.6634,-3.4362
5273.44,-30.8254,-2.7395
5278.86,-24.6551,24.521
5284.29,-9.36868,60.6744
5289.71,-16.6277,56.8832
5295.14,-38.3389,53.5206
5300.56,-41.7869,58.3482
5305.99,-67.7372,7.53024
5311.41,-97.4687,-22.1799
5316.84,-102.047,29.8757
5322.27,-124.155,84.7464
5327.69,-92.976,59.7367
5333.12,-29.1702,2.07142
5338.54,-35.3924,-7.34689
5343.97,-30.4348,8.50913
5349.39,22.112,1.45044
5354.82,51.5439,-24.0223
5360.24,34.3473,-28.106
5365.67,-8.08948,14.8581
5371.09,-30.2271,51.7451
5376.52,-16.0866,52.4497
5381.94,7.21707,10.3713
5387.37,18.6438,-40.6668
5392.79,23.544,-44.0765
5398.22,39.3887,-51.5655
5403.65,21.4547,-39.4934
5409.07,-48.8443,5.29528
5414.5,-73.0335,14.2812
5419.92,-43.2353,-13.6244
5425.35,-10.4558,-22.7804
5430.77,28.0783,-6.05933
5436.2,21.8894,-12.6989
5441.62,11.7444,-11.8125
5447.05,36.5815,1.26992
5452.47,25.9116,-17.9657
5457.9,-6.19171,-42.3573
5463.32,-42.2731,-29.3975
5468.75,-80.4951,2.71053
5474.17,-112.882,5.20387
5479.6,-84.4834,0.205746
5485.03,-2.18926,3.89413
5490.45,16.4537,1.46494
5495.88,13.5252,-4.71196
5501.3,44.8123,-24.5433
5506.73,44.2411,-16.5407
5512.15,17.8704,23.9505
5517.58,11.7427,11.3043
5523,0.342524,-31.5126
5528.43,-22.749,-6.07969
5533.85,-29.7397,34.4466
5539.28,-6.39369,27.3271
5544.7,38.5452,23.8502
5550.13,60.085,35.1793
