-5555.56,16.5888,54.2595
-5550.13,1.92015,33.9025
-5544.7,-29.4685,-11.9607
-5539.28,-1.66251,-53.9296
-5533.85,13.2048,-50.1246
-5528.43,-42.0575,-21.6669
-5523,-38.918,-2.538
-5517.58,6.15515,4.45207
-5512.15,2.69483,-1.94625
-5506.73,-13.4322,3.15594
-5501.3,-55.2224,8.03942
-5495.88,-78.4793,22.3263
-5490.45,-19.3414,48.68
-5485.03,8.79323,32.3389
-5479.6,-31.5718,6.3932
-5474.17,-47.085,7.26334
-5468.75,-36.9112,11.1125
-5463.32,-32.0069,-9.97998
-5457.9,3.11154,-24.7986
-5452.47,54.9377,-7.49306
-5447.05,66.2166,0.932081
-5441.62,55.8497,-3.91033
-5436.2,29.3009,3.48681
-5430.77,-15.5055,18.0596
-5425.35,-33.4028,17.1603
-5419.92,-35.3049,16.4278
-5414.5,-54.2949,20.8036
-5409.07,-46.6489,5.40336
-5403.65,-2.68618,-21.1354
-5398.22,6.9803,-42.8649
-5392.79,9.46656,-28.6143
-5387.37,3.83507,30.0941
-5381.94,-41.6294,31.5925
-5376.52,-45.8652,-6.26195
-5371.09,-20.0118,5.56052
-5365.67,-5.01954,8.26609
-5360.24,10.8839,-9.8098
-5354.82,7.2636,-4.04756
-5349.39,-2.26884,-3.85019
-5343.97,22.1209,-4.71493
-5338.54,50.9781,-7.78632
-5333.12,29.0298,-26.4524
-5327.69,19.6934,-3.83535
-5322.27,38.6717,25.4957
-5316.84,5.71307,6.94813
-5311.41,-25.0677,-20.8626
-5305.99,-0.317039,-43.3315
-5300.56,13.6942,-23.4865
-5295.14,9.30333,25.0972
-5289.71,-15.4224,-9.82826
-5284.29,-61.9526,-42.3812
-5278.86,-50.4665,-5.19375
-5273.44,-5.26969,6.72246
-5268.01,22.4387,9.99843
-5262.59,42.0649,-15.0007
-5257.16,35.5019,-55.3249
-5251.74,13.9341,-8.04747
-5246.31,19.2376,5.9845
-5240.88,31.3876,-44.1845
-5235.46,34.3362,-31.136
-5230.03,55.7639,-15.1257
-5224.61,54.3194,-20.205
-5219.18,34.0537,-3.5771
-5213.76,22.8268,37.3336
-5208.33,-36.156,68.906
-5202.91,-85.1278,59.3993
-5197.48,-63.489,33.9885
-5192.06,-51.1775,31.1692
-5186.63,-47.7284,50.1845
-5181.21,-25.0458,31.9162
-5175.78,-24.0718,-27.325
-5170.36,-20.7883,-38.1158
-5164.93,12.901,3.64923
-5159.5,45.4214,24.0281
-5154.08,53.8951,20.3295
-5148.65,-1.41171,2.83988
-5143.23,-75.2337,-29.9586
-5137.8,-61.2151,-38.9978
-5132.38,9.196,-18.7445
-5126.95,38.147,-1.96186
-5121.53,7.10232,12.3624
-5116.1,1.58436,29.3049
-5110.68,21.7715,38.6385
-5105.25,-22.4269,11.3111
-5099.83,-56.6339,-1.50782
-5094.4,-23.6845,30.5806
-5088.98,0.922706,47.9269
-5083.55,-6.36607,49.6294
-5078.12,-12.5162,47.1417
-5072.7,-4.39502,58.003
-5067.27,5.91154,69.6152
-5061.85,10.0055,57.0156
-5056.42,1.35408,51.5118
-5051,-8.16477,56.4457
-5045.57,4.06477,65.6548
-5040.15,30.9407,72.1416
-5034.72,22.6153,44.5488
-5029.3,-12.9307,22.0178
-5023.87,9.53,33.6527
-5018.45,59.0597,44.54
-5013.02,59.533,58.0381
-5007.6,29.2628,70.8009
-5002.17,-16.5529,55.7259
-4996.74,-31.2508,31.9974
-4991.32,10.4254,9.07824
-4985.89,3.67512,-6.97193
-4980.47,-46.462,23.497
-4975.04,-0.0312614,64.2713
-4969.62,63.0781,69.2214
-4964.19,41.3793,34.3554
-4958.77,19.5973,-14.567
-4953.34,6.53149,2.7208
-4947.92,-26.6266,62.1631
-4942.49,-42.5146,63.727
-4937.07,-17.7873,42.8497
-4931.64,17.1605,27.3268
-4926.21,19.7597,2.58903
-4920.79,-15.019,7.30892
-4915.36,-46.577,4.37752
-4909.94,-31.4449,-20.4894
-4904.51,-14.9718,0.573998
-4899.09,-21.8895,48.8265
-4893.66,-13.2631,32.7293
-4888.24,8.59563,-7.42328
-4882.81,21.697,30.2142
-4877.39,14.1539,53.5509
-4871.96,5.88267,36.1378
-4866.54,21.4506,68.7501
-4861.11,30.3991,84.6824
-4855.69,19.2899,30.7147
-4850.26,20.8225,-26.301
-4844.83,-9.57427,-20.9301
-4839.41,-37.1894,10.341
-4833.98,-8.39553,31.0043
-4828.56,10.9255,54.3277
-4823.13,17.781,42.5812
-4817.71,5.46531,-2.83097
-4812.28,-15.1939,-2.71783
-4806.86,11.2458,32.6941
-4801.43,44.795,27.6083
-4796.01,50.3771,-2.26471
-4790.58,27.5525,-14.0268
-4785.16,-13.0435,-1.37254
-4779.73,-25.8134,10.6557
-4774.31,-37.5934,5.05606
-4768.88,-63.4638,-29.9646
-4763.45,-43.2934,-51.7284
-4758.03,-2.24854,-33.8032
-4752.6,-20.0499,-25.8129
-4747.18,-43.1399,9.77576
-4741.75,-10.5995,26.6625
-4736.33,-3.76304,-15.76
-4730.9,-36.5494,-9.53729
-4725.48,-40.4457,25.4476
-4720.05,-7.57445,33.5355
-4714.63,9.53218,41.9541
-4709.2,13.6216,18.4604
-4703.78,18.6197,8.23963
-4698.35,6.23178,56.5202
-4692.92,3.75549,55.6854
-4687.5,-14.682,31.941
-4682.07,-20.4262,45.4394
-4676.65,-9.30025,56.8182
-4671.22,-33.3934,50.4426
-4665.8,-26.6764,47.4145
-4660.37,15.1391,33.0997
-4654.95,31.3582,-34.0708
-4649.52,3.49482,-73.9637
-4644.1,-9.65036,-30.6417
-4638.67,5.30887,0.616484
-4633.25,-11.3852,-0.88335
-4627.82,-26.5402,42.8284
-4622.4,-24.2181,57.9112
-4616.97,-12.1603,-0.921833
-4611.54,-18.8387,-25.2508
-4606.12,-32.5087,-14.8716
-4600.69,-18.4929,-12.5553
-4595.27,6.13785,24.6421
-4589.84,57.2978,55.8182
-4584.42,70.1039,28.092
-4578.99,12.4674,-2.95166
-4573.57,-26.3124,-18.7862
-4568.14,3.85581,-7.70734
-4562.72,44.6905,16.018
-4557.29,35.4095,12.0349
-4551.87,8.98183,-5.63168
-4546.44,-10.1048,-9.73016
-4541.02,-8.98895,2.48367
-4535.59,-12.1432,27.8864
-4530.16,-28.1516,60.7987
-4524.74,-9.55277,38.6896
-4519.31,20.0678,5.77769
-4513.89,22.2463,42.0391
-4508.46,-20.6013,40.2788
-4503.04,-77.7686,-50.1686
-4497.61,-68.5109,-103.061
-4492.19,-16.1316,-48.1516
-4486.76,5.17658,31.3359
-4481.34,36.2023,39.0529
-4475.91,42.9536,0.933804
-4470.49,-7.91229,-21.2493
-4465.06,-45.4253,-54.3593
-4459.63,-80.0029,-36.3891
-4454.21,-78.119,33.2719
-4448.78,-16.7802,29.1902
-4443.36,58.1692,-3.70622
-4437.93,71.047,2.85238
-4432.51,29.7769,22.4176
-4427.08,10.2404,2.60555
-4421.66,-4.07761,-32.6241
-4416.23,-6.35533,-37.8845
-4410.81,20.0076,-6.59795
-4405.38,37.4595,26.2573
-4399.96,1.07019,20.7489
-4394.53,-23.4192,-10.07
-4389.11,13.5175,-45.4527
-4383.68,38.3247,-35.2838
-4378.25,27.1971,8.41883
-4372.83,18.3723,49.9828
-4367.4,4.51198,43.0306
-4361.98,-13.7778,5.40373
-4356.55,2.61353,-7.58599
-4351.13,4.48082,-46.8971
-4345.7,-31.144,-76.2768
-4340.28,-35.2913,-40.5278
-4334.85,-14.357,13.9314
-4329.43,-45.772,26.2148
-4324,-110.327,5.57017
-4318.58,-91.8207,19.3868
-4313.15,-35.1519,54.7115
-4307.73,-33.3028,45.4566
-4302.3,-24.7011,6.50462
-4296.87,5.55477,-4.87904
-4291.45,6.29475,27.0555
-4286.02,-34.6959,29.5199
-4280.6,-66.2003,-4.95372
-4275.17,-50.529,-2.50244
-4269.75,-28.3157,4.84053
-4264.32,-22.2375,6.10902
-4258.9,-27.0718,15.6674
-4253.47,-9.22215,36.3843
-4248.05,35.0958,47.2917
-4242.62,54.9358,10.2142
-4237.2,56.8198,-18.4608
-4231.77,50.652,-29.4402
-4226.35,46.9835,-71.5686
-4220.92,53.1143,-75.404
-4215.49,27.3983,-11.6341
-4210.07,1.37173,27.9637
-4204.64,-4.41355,28.8876
-4199.22,-31.1673,40.826
-4193.79,-32.6197,44.0651
-4188.37,-0.571053,34.9976
-4182.94,-5.30134,39.9821
-4177.52,-29.9875,44.3453
-4172.09,-45.2585,27.9077
-4166.67,-31.2244,19.6227
-4161.24,-1.24045,34.8461
-4155.82,-17.7867,-11.1014
-4150.39,-50.2414,-57.603
-4144.96,-63.2826,-8.01904
-4139.54,-53.5719,53.6919
-4134.11,-32.6515,30.136
-4128.69,-16.5384,-32.6095
-4123.26,13.5443,-28.4904
-4117.84,52.9902,-46.6077
-4112.41,68.282,-83.0479
-4106.99,69.1227,-24.2917
-4101.56,28.5242,29.2731
-4096.14,-48.1153,20.3379
-4090.71,-42.9425,-15.2135
-4085.29,-2.22326,-35.143
-4079.86,-14.4905,-12.4328
-4074.44,-36.1139,9.74376
-4069.01,-56.0088,25.5515
-4063.58,-59.7133,8.15501
-4058.16,-39.3318,-37.8527
-4052.73,-20.2874,-38.1531
-4047.31,10.9768,-32.1805
-4041.88,19.8298,-31.8867
-4036.46,-0.386718,-3.70835
-4031.03,-14.317,7.81678
-4025.61,-14.7127,-10.315
-4020.18,-1.93467,-9.68735
-4014.76,-0.0399656,24.7159
-4009.33,5.91987,27.8611
-4003.91,28.6407,0.888954
-3998.48,31.8759,-12.1577
-3993.06,-0.00263214,-36.5732
-3987.63,-33.0256,-70.6148
-3982.2,-29.1229,-57.9178
-3976.78,0.814013,-28.8652
-3971.35,39.0469,-13.6403
-3965.93,39.6419,17.024
-3960.5,2.95248,18.1869
-3955.08,-3.99341,3.39091
-3949.65,-3.0611,7.90056
-3944.23,-26.6534,21.6249
-3938.8,-35.0258,31.5662
-3933.38,12.1485,31.9864
-3927.95,50.2214,24.4402
-3922.53,32.4259,-9.6646
-3917.1,7.12121,-2.93018
-3911.68,-14.1107,36.6278
-3906.25,-11.805,36.7157
-3900.82,-3.89665,5.57023
-3895.4,-6.86585,-24.8325
-3889.97,14.8588,-13.7587
-3884.55,35.731,-23.6076
-3879.12,29.1326,-32.589
-3873.7,3.86186,-22.1755
-3868.27,-20.0209,-39.868
-3862.85,-24.2575,-32.1562
-3857.42,2.98884,-3.31354
-3852,43.9948,33.5085
-3846.57,39.6242,20.2514
-3841.15,13.2159,-7.02651
-3835.72,-1.20823,33.2001
-3830.29,-41.6461,43.7875
-3824.87,-47.3634,-5.93079
-3819.44,15.6742,-54.4781
-3814.02,53.5889,-71.4921
-3808.59,30.96,-40.7645
-3803.17,7.88383,24.9107
-3797.74,11.554,53.213
-3792.32,-15.1709,23.4254
-3786.89,-73.514,-7.17535
-3781.47,-78.6321,-36.4785
-3776.04,-43.9797,-45.7226
-3770.62,-30.6454,-15.5935
-3765.19,-33.1772,-20.7197
-3759.77,-21.0813,-43.9836
-3754.34,2.27506,-9.97075
-3748.91,22.3434,0.559914
-3743.49,38.9638,-16.0395
-3738.06,25.3981,9.66787
-3732.64,1.12849,28.261
-3727.21,-2.09081,34.6968
-3721.79,1.66991,21.8697
-3716.36,19.3248,-1.95072
-3710.94,60.9098,19.135
-3705.51,69.5917,62.6604
-3700.09,29.614,49.9461
-3694.66,43.3528,4.98599
-3689.24,54.5169,-26.4277
-3683.81,0.0240402,-65.2723
-3678.39,21.6521,-49.6094
-3672.96,51.7268,-13.4519
-3667.53,-0.056273,-27.935
-3662.11,-29.7425,-14.4309
-3656.68,-31.0412,9.55194
-3651.26,-22.7877,-1.09376
-3645.83,-21.2378,-12.4881
-3640.41,-45.3618,-43.9366
-3634.98,-44.8275,-57.0067
-3629.56,-6.41561,8.37384
-3624.13,29.2228,54.9928
-3618.71,3.8635,-7.59772
-3613.28,-13.0673,-59.0584
-3607.86,-3.30474,-8.94008
-3602.43,-41.6479,29.1348
-3597,-35.4245,16.0615
-3591.58,-7.01231,13.965
-3586.15,14.4057,-5.30723
-3580.73,36.8241,-23.0482
-3575.3,21.7021,31.3136
-3569.88,1.69933,82.0054
-3564.45,15.7723,101.26
-3559.03,70.8301,105.506
-3553.6,63.1022,17.7703
-3548.18,36.1801,-48.0292
-3542.75,49.9888,-1.97786
-3537.33,40.7673,55.3633
-3531.9,22.6655,92.4152
-3526.48,6.08381,82.4569
-3521.05,11.5958,32.2501
-3515.62,52.2431,9.65496
-3510.2,79.8811,-9.0464
-3504.77,63.131,-12.1927
-3499.35,36.0069,32.6231
-3493.92,43.6568,57.2647
-3488.5,42.2953,21.4869
-3483.07,34.1103,-36.1049
-3477.65,58.764,-39.35
-3472.22,64.9461,-9.15705
-3466.8,59.3058,24.8737
-3461.37,2.55383,19.7426
-3455.95,-53.4759,-29.9868
-3450.52,-25.8057,-13.1537
-3445.1,3.84871,10.5724
-3439.67,-3.18397,-1.56203
-3434.24,-23.0313,20.9451
-3428.82,0.499112,53.3686
-3423.39,7.55348,35.1101
-3417.97,-18.8532,9.67866
-3412.54,12.4877,60.3101
-3407.12,56.6474,86.0482
-3401.69,66.9545,30.6945
-3396.27,67.0971,-13.2254
-3390.84,58.3848,-36.1069
-3385.42,42.6127,-78.8553
-3379.99,19.8907,-108.541
-3374.57,-21.7935,-103.449
-3369.14,-52.7666,-71.7923
-3363.71,-45.1722,-1.51834
-3358.29,-55.9856,29.5783
-3352.86,-60.2144,23.576
-3347.44,-25.43,70.5134
-3342.01,4.60631,72.3288
-3336.59,40.9532,-9.58684
-3331.16,37.1457,2.24957
-3325.74,10.5896,59.9
-3320.31,30.6737,27.3264
-3314.89,57.6265,-12.8213
-3309.46,51.4245,-18.9223
-3304.04,2.64553,16.4356
-3298.61,-10.0608,63.3698
-3293.19,40.9659,47.3571
-3287.76,24.6044,40.7562
-3282.33,-38.8315,57.6492
-3276.91,-41.7346,31.7889
-3271.48,-62.4516,30.5366
-3266.06,-89.2427,60.1505
-3260.63,-2.37548,70.7212
-3255.21,69.1293,49.6287
-3249.78,28.9652,-0.441363
-3244.36,4.30959,-13.918
-3238.93,17.984,3.44598
-3233.51,-21.2289,-25.9459
-3228.08,-49.5399,-64.9019
-3222.66,3.48405,-43.3752
-3217.23,20.2643,-19.8476
-3211.81,-5.34755,-16.255
-3206.38,-1.45964,-13.7614
-3200.95,3.42578,16.6005
-3195.53,31.4192,37.2318
-3190.1,96.2356,2.5666
-3184.68,123.62,8.21743
-3179.25,63.7268,27.9515
-3173.83,-17.3293,-15.8543
-3168.4,-34.7006,-33.5468
-3162.98,-40.5387,-32.302
-3157.55,-42.0661,-95.6107
-3152.13,36.2349,-79.4175
-3146.7,98.4299,9.27371
-3141.28,71.1372,-1.13728
-3135.85,34.7653,-45.6885
-3130.43,37.8015,-34.7501
-3125,55.6026,-0.832183
-3119.57,27.2409,5.22639
-3114.15,-15.6637,-49.8168
-3108.72,-28.2144,-63.4549
-3103.3,-7.99532,-16.8043
-3097.87,27.0725,-14.4684
-3092.45,9.60128,-31.5397
-3087.02,-46.3357,-13.6714
-3081.6,-22.2603,17.0913
-3076.17,41.7963,-22.8217
-3070.75,11.3619,-103.857
-3065.32,-2.51019,-111.749
-3059.9,59.2022,-86.6255
-3054.47,63.1272,-78.4025
-3049.04,15.033,-4.41632
-3043.62,-21.6177,75.6311
-3038.19,-30.3658,50.5236
-3032.77,-10.827,12.6214
-3027.34,-2.24889,65.6251
-3021.92,17.6745,113.993
-3016.49,53.9527,49.1643
-3011.07,76.3553,-58.8474
-3005.64,31.901,-70.3493
-3000.22,-66.2906,13.3059
-2994.79,-79.8731,43.5431
-2989.37,0.0924376,-6.31282
-2983.94,85.8463,-36.0888
-2978.52,63.3611,21.4488
-2973.09,3.60842,84.9464
-2967.66,2.66577,61.7114
-2962.24,33.453,-34.988
-2956.81,113.44,-137.941
-2951.39,100.405,-134.616
-2945.96,48.2257,-69.8099
-2940.54,57.4161,-32.5196
-2935.11,49.9389,-26.5334
-2929.69,43.1253,-36.412
-2924.26,25.8317,-31.0256
-2918.84,-13.4235,-22.3545
-2913.41,-16.9521,-36.2181
-2907.99,41.9343,11.4054
-2902.56,22.0708,69.1242
-2897.14,-53.0341,18.1797
-2891.71,-42.3369,-24.6711
-2886.28,-23.3655,20.5269
-2880.86,-36.6406,61.717
-2875.43,-39.6525,21.384
-2870.01,-1.44133,8.85261
-2864.58,44.9233,11.7352
-2859.16,60.0317,-64.8099
-2853.73,46.7425,-101.403
-2848.31,11.5405,-74.7428
-2842.88,-35.5,-88.3726
-2837.46,-57.5716,-42.5772
-2832.03,-24.3157,51.3827
-2826.61,-40.0287,37.1317
-2821.18,-76.5229,8.94092
-2815.75,-87.9435,24.973
-2810.33,-75.4828,1.06987
-2804.9,25.3506,-33.5356
-2799.48,88.5744,-12.0129
-2794.05,75.1777,22.9315
-2788.63,78.603,-0.322281
-2783.2,98.2275,-29.966
-2777.78,74.4977,38.7691
-2772.35,43.4639,72.1463
-2766.93,27.7697,12.1752
-2761.5,57.2988,33.1695
-2756.08,126.983,72.0286
-2750.65,74.6167,26.3174
-2745.23,-24.075,-24.4925
-2739.8,-63.1637,-32.5529
-2734.37,-60.0755,3.22913
-2728.95,-33.4473,18.2715
-2723.52,13.9748,-6.93678
-2718.1,56.2699,-12.3654
-2712.67,8.68791,-8.17367
-2707.25,-55.7381,-25.3038
-2701.82,-41.7294,-34.9631
-2696.4,11.3094,-48.1938
-2690.97,5.04743,-99.8714
-2685.55,-6.63795,-64.4587
-2680.12,27.0204,27.102
-2674.7,25.0167,-11.6228
-2669.27,-2.7988,-52.8365
-2663.85,89.1291,13.5444
-2658.42,389.082,118.367
-2652.99,372.673,163.844
-2647.57,36.4304,80.645
-2642.14,-45.7364,55.6379
-2636.72,-20.7746,156.093
-2631.29,6.19425,159.45
-2625.87,6.84115,49.7173
-2620.44,-38.4253,-14.7662
-2615.02,18.0627,2.55367
-2609.59,69.5488,55.339
-2604.17,73.2058,82.7279
-2598.74,113.546,73.9749
-2593.32,90.2058,68.7365
-2587.89,-4.79879,39.5876
-2582.47,-17.0536,-26.0591
-2577.04,3.14138,-37.761
-2571.61,-44.1455,-22.3901
-2566.19,-76.8436,-25.511
-2560.76,-29.1681,-33.932
-2555.34,58.1418,-36.2066
-2549.91,61.8272,12.6559
-2544.49,11.1811,73.794
-2539.06,-21.8284,44.1409
-2533.64,-92.1474,-20.9461
-2528.21,-65.2355,-10.0315
-2522.79,62.497,-13.4292
-2517.36,96.3718,9.85276
-2511.94,59.8655,30.4112
-2506.51,76.4176,-33.1147
-2501.08,40.6717,27.2946
-2495.66,-114.603,135.419
-2490.23,-163.185,130.501
-2484.81,-84.0458,77.4639
-2479.38,-84.1821,2.94684
-2473.96,-99.6458,-9.2266
-2468.53,-23.3032,-32.389
-2463.11,56.4232,-31.4643
-2457.68,170.456,124.496
-2452.26,136.839,60.7751
-2446.83,-33.6662,-175.03
-2441.41,-49.3704,-201.431
-2435.98,-37.8832,-118.554
-2430.56,-37.2564,-63.5198
-2425.13,-66.8379,-33.5444
-2419.7,-123.234,7.84492
-2414.28,-40.672,67.9355
-2408.85,77.058,114.445
-2403.43,27.513,111.849
-2398,-100.746,153.235
-2392.58,-133.789,166.835
-2387.15,-162.841,86.7533
-2381.73,-137.521,23.3755
-2376.3,6.93195,-40.4937
-2370.88,58.0461,-94.1022
-2365.45,7.71732,-39.7323
-2360.03,-21.7028,147.674
-2354.6,-10.7448,241.597
-2349.18,77.6099,75.711
-2343.75,175.589,-74.6642
-2338.32,139.388,-10.8666
-2332.9,54.1242,55.1923
-2327.47,28.5438,86.5968
-2322.05,0.0212059,132.741
-2316.62,-71.5588,128.581
-2311.2,-125.388,69.6163
-2305.77,-72.9191,63.3663
-2300.35,87.1339,128.583
-2294.92,202.543,174.021
-2289.5,49.3174,210.491
-2284.07,-192.387,96.7134
-2278.65,-164.963,-50.7938
-2273.22,-31.9997,37.5819
-2267.79,-17.7176,117.708
-2262.37,-189.1,106.548
-2256.94,-500.907,77.8193
-2251.52,-505.963,-33.3851
-2246.09,-319.551,41.7186
-2240.67,-310.72,164.8
-2235.24,-222.551,58.495
-2229.82,-33.8804,16.0795
-2224.39,84.1809,114.784
-2218.97,98.1135,183.132
-2213.54,-0.307556,144.475
-2208.12,67.3837,29.473
-2202.69,235.606,4.4954
-2197.27,185.235,-16.245
-2191.84,-5.78889,-148.106
-2186.41,-207.516,-98.0013
-2180.99,-189.826,37.3582
-2175.56,-50.2946,64.4057
-2170.14,-6.49277,77.6467
-2164.71,16.3048,-128.786
-2159.29,184.174,-468.797
-2153.86,381.385,-599.344
-2148.44,194.517,-529.084
-2143.01,-10.0137,-323.087
-2137.59,87.734,-39.2984
-2132.16,111.371,-15.805
-2126.74,-1.24571,-305.88
-2121.31,11.2336,-470.804
-2115.89,173.893,-315.863
-2110.46,363.895,-137.83
-2105.03,395.647,-205.75
-2099.61,200.829,-249.758
-2094.18,-6.45206,-113.565
-2088.76,177.116,-214.507
-2083.33,670.106,-276.095
-2077.91,733.201,157.811
-2072.48,315.579,564.251
-2067.06,246.694,500.056
-2061.63,601.406,-310.18
-2056.21,916.882,-1463.05
-2050.78,436.653,-1123.17
-2045.36,-255.528,-320.79
-2039.93,-406.112,-249.603
-2034.51,194.641,-79.1291
-2029.08,220.166,69.5218
-2023.65,914.826,-321.914
-2018.23,-4712.1,3329.99
-2012.8,-19614,12190.4
-2007.38,-16811.1,10702.8
-2001.95,-2110.7,1699.52
-1996.53,480.057,-43.5629
-1991.1,-264.715,561.33
-1985.68,79.3707,232.906
-1980.25,296.559,293.752
-1974.83,530.886,318.175
-1969.4,153.575,276.427
-1963.98,253.414,278.988
-1958.55,1571.42,527.202
-1953.12,2244.98,558.127
-1947.7,843.368,502.072
-1942.27,28.5878,451.611
-1936.85,140.414,58.8973
-1931.42,36.7535,-391.385
-1926,14.5599,-460.379
-1920.57,90.407,-92.846
-1915.15,222.924,297.814
-1909.72,150.648,321.444
-1904.3,-227.812,97.8154
-1898.87,-336.965,-119.523
-1893.45,-226.094,-115.485
-1888.02,-271.19,84.1199
-1882.6,-219.067,95.0258
-1877.17,14.3684,-102.531
-1871.74,86.9923,-275.923
-1866.32,85.0403,-241.97
-1860.89,6.94528,293.564
-1855.47,-288.393,905.614
-1850.04,-303.922,636.14
-1844.62,-93.2405,-5.35845
-1839.19,-54.7598,-129.352
-1833.77,12.2014,1.91932
-1828.34,103.849,115.857
-1822.92,78.0515,161.837
-1817.49,38.9035,224.796
-1812.07,-31.2711,151.714
-1806.64,-32.6518,-4.65785
-1801.22,115.144,11.063
-1795.79,146.58,7.17611
-1790.36,56.6823,-7.47336
-1784.94,46.7104,113.07
-1779.51,86.4103,104.387
-1774.09,20.3427,-97.4242
-1768.66,-119.781,-212.164
-1763.24,-167.785,-115.226
-1757.81,-70.8988,197.288
-1752.39,50.4501,320.122
-1746.96,108.732,27.1813
-1741.54,97.9732,-170.986
-1736.11,46.152,-56.9013
-1730.69,53.5242,113.644
-1725.26,34.45,77.0576
-1719.83,-71.2401,16.7671
-1714.41,-37.7901,31.9591
-1708.98,35.792,-34.8581
-1703.56,-15.1926,-16.577
-1698.13,-54.7939,56.2683
-1692.71,-84.8641,87.8184
-1687.28,-56.742,78.0808
-1681.86,96.769,62.7167
-1676.43,93.1386,26.3573
-1671.01,-110.448,-87.1212
-1665.58,-110.495,-109.135
-1660.16,-42.0198,-4.39741
-1654.73,-144.498,115.11
-1649.31,-146.382,196.093
-1643.88,-27.3657,233.637
-1638.45,77.7627,186.315
-1633.03,138.862,77.506
-1627.6,132.778,18.7645
-1622.18,81.2807,-8.64732
-1616.75,32.2878,-33.3689
-1611.33,2.25207,-52.6102
-1605.9,-27.9157,5.86484
-1600.48,-47.743,75.9428
-1595.05,-20.106,13.6823
-1589.63,57.7914,-48.0377
-1584.2,130.769,-27.7926
-1578.78,172.227,-29.0056
-1573.35,144.66,-81.0378
-1567.93,72.1601,-56.876
-1562.5,8.62276,-2.69967
-1557.07,-37.8945,-124.443
-1551.65,-54.8261,-167.048
-1546.22,-85.8717,-5.72018
-1540.8,-116.208,25.2397
-1535.37,-95.9471,27.9193
-1529.95,-45.2774,95.9411
-1524.52,17.9356,68.1469
-1519.1,73.4099,-2.76776
-1513.67,87.7657,-51.7591
-1508.25,38.0133,-39.8881
-1502.82,-11.7911,12.4309
-1497.4,-25.1261,8.53195
-1491.97,-24.7027,28.2107
-1486.55,3.2177,90.6936
-1481.12,-22.6959,74.3765
-1475.69,-57.978,-7.37578
-1470.27,-1.50855,-80.918
-1464.84,48.8981,-47.5278
-1459.42,117.25,-32.1523
-1453.99,261.183,-39.3842
-1448.57,309.707,106.294
-1443.14,197.673,144.27
-1437.72,47.7556,46.3392
-1432.29,-4.44408,23.6131
-1426.87,32.1248,10.9339
-1421.44,9.43434,-9.70351
-1416.02,-55.4185,15.6511
-1410.59,-75.6257,15.1261
-1405.16,-38.2065,-9.04214
-1399.74,34.5068,-17.9681
-1394.31,77.5935,-36.9233
-1388.89,64.2026,-14.5103
-1383.46,38.4338,-28.3136
-1378.04,48.742,-58.0484
-1372.61,54.4542,-39.4586
-1367.19,37.6184,-9.53816
-1361.76,66.6762,-13.515
-1356.34,103.453,-197.495
-1350.91,39.9587,-275.986
-1345.49,-42.9754,-107.358
-1340.06,-48.722,-27.3009
-1334.64,-44.0855,0.348052
-1329.21,-22.3582,11.8242
-1323.78,26.9453,-33.1467
-1318.36,52.5923,-60.086
-1312.93,36.0919,-77.295
-1307.51,25.1762,-96.4773
-1302.08,17.9902,-94.2459
-1296.66,0.499008,-46.237
-1291.23,11.8511,-14.6057
-1285.81,-12.7871,-51.2945
-1280.38,-21.2691,-63.5204
-1274.96,8.23866,39.9733
-1269.53,9.86473,115.764
-1264.11,22.3299,73.4165
-1258.68,204.671,-16.0934
-1253.26,374.824,-105.594
-1247.83,220.444,-80.0906
-1242.4,131.448,17.4078
-1236.98,120.272,39.2921
-1231.55,-3.4727,-0.975238
-1226.13,-21.2597,-27.7078
-1220.7,10.3478,-13.157
-1215.28,40.0286,15.4024
-1209.85,86.8693,29.0671
-1204.43,85.9173,49.0225
-1199,64.282,48.5366
-1193.58,36.764,-12.1749
-1188.15,36.8478,-49.4971
-1182.73,68.3692,-26.1764
-1177.3,34.2705,3.97441
-1171.87,9.66763,0.0996449
-1166.45,22.4443,-43.6805
-1161.02,39.6738,-63.6807
-1155.6,115.552,22.7562
-1150.17,155.988,89.9061
-1144.75,77.2287,51.3011
-1139.32,9.12581,37.9259
-1133.9,47.3986,14.9943
-1128.47,36.4284,-39.6586
-1123.05,-7.83642,-30.1184
-1117.62,68.2676,6.57697
-1112.2,94.9339,14.5875
-1106.77,45.1047,26.8967
-1101.35,26.1177,7.69645
-1095.92,-2.92086,-33.0633
-1090.49,-51.1736,-55.3055
-1085.07,-100.723,-95.2975
-1079.64,-90.7659,-141.82
-1074.22,-46.5473,-108.892
-1068.79,-16.6325,10.6412
-1063.37,-31.0569,6.55666
-1057.94,355.49,-285.68
-1052.52,907.172,-480.268
-1047.09,533.696,-193.528
-1041.67,-4.03162,54.5823
-1036.24,-1.17764,30.2689
-1030.82,-36.7062,18.2736
-1025.39,-67.633,5.48257
-1019.97,23.3591,39.2467
-1014.54,56.9059,108.713
-1009.11,-15.4202,109.861
-1003.69,-91.1211,46.7349
-998.264,-90.0737,20.51
-992.838,-13.9017,26.7286
-987.413,82.8624,0.166315
-981.988,96.8091,-16.6829
-976.562,52.9918,-25.7727
-971.137,61.7744,-10.6944
-965.712,46.2823,0.460078
-960.286,102.609,-31.7821
-954.861,402.815,-117.233
-949.436,495,-120.039
-944.01,197.448,-9.26126
-938.585,-27.0508,-6.66861
-933.16,-79.6345,-40.7783
-927.734,-67.9663,49.6931
-922.309,-0.0390205,112.565
-916.884,38.6609,36.7936
-911.458,31.3478,-26.0726
-906.033,47.367,-83.533
-900.608,60.369,-155.161
-895.182,16.9387,-108.825
-889.757,-61.4844,-13.3099
-884.331,-123.466,55.8859
-878.906,-106.823,78.1651
-873.481,-11.2648,63.51
-868.055,25.1529,99.1577
-862.63,26.7748,84.8272
-857.205,-46.8001,-492.252
-851.779,-174.498,-1003.76
-846.354,-119.255,-531.856
-840.929,-12.7667,-44.6243
-835.503,-16.764,42.0628
-830.078,-67.329,63.6552
-824.653,-39.2956,2.97605
-819.227,71.9305,-40.3873
-813.802,119.137,-51.293
-808.377,68.6331,-65.365
-802.951,68.9975,-81.3729
-797.526,91.5942,-26.2478
-792.101,14.5314,31.4249
-786.675,-35.1767,40.567
-781.25,-31.5493,49.9533
-775.825,-89.4587,69.5236
-770.399,-108.324,89.2865
-764.974,-52.0669,46.8696
-759.549,102.461,53.2489
-754.123,448.669,207.725
-748.698,402.625,172.163
-743.273,6.90167,-3.96595
-737.847,-56.9617,-19.4389
-732.422,-25.0934,-16.8673
-726.996,-41.9127,-59.9956
-721.571,-39.2216,-62.5347
-716.146,-78.7367,-20.5955
-710.72,-54.4258,-14.4647
-705.295,-21.0783,-32.3548
-699.87,-46.0999,-20.457
-694.444,-40.3542,1.93057
-689.019,-27.4619,39.4939
-683.594,-35.9693,79.9958
-678.168,-11.1846,91.6302
-672.743,21.2026,60.6442
-667.318,-14.7882,10.4921
-661.892,-85.9935,-7.11736
-656.467,221.779,178.946
-651.042,533.741,326.917
-645.616,209.534,120.51
-640.191,-47.1886,-57.6828
-634.766,-5.05923,-83.4694
-629.34,1.97602,-55.9121
-623.915,34.4914,10.5679
-618.49,43.8272,3.36967
-613.064,16.5165,-4.2202
-607.639,21.9596,29.6358
-602.214,86.1368,-3.18304
-596.788,71.5522,-45.998
-591.363,-27.5502,-32.8696
-585.937,-54.4234,-39.3422
-580.512,-59.2643,-34.4179
-575.087,-72.275,56.9248
-569.661,-8.39365,82.408
-564.236,-13.0789,52.4179
-558.811,245.446,-204.343
-553.385,913.846,-857.248
-547.96,780.675,-827.886
-542.535,101.892,-195.129
-537.109,-62.2372,-11.5077
-531.684,-56.6515,1.36048
-526.259,-78.1154,57.5175
-520.833,-46.6611,19.8251
-515.408,3.96598,10.3139
-509.983,32.4379,76.3296
-504.557,45.6796,65.4308
-499.132,20.8634,-22.1774
-493.707,-22.8643,-52.5059
-488.281,-35.5357,-8.75819
-482.856,-37.0179,15.9215
-477.431,-34.8196,-6.95012
-472.005,7.30356,17.8666
-466.58,10.0347,45.3399
-461.154,-1.11303,31.8105
-455.729,1086.08,406.208
-450.304,1936.65,703.409
-444.878,790.291,288.285
-439.453,-46.0085,-10.7441
-434.028,54.5912,49.3447
-428.602,51.5838,96.713
-423.177,62.1634,95.8342
-417.752,79.0254,34.3746
-412.326,71.9657,3.72796
-406.901,88.7195,1.14057
-401.476,92.3784,-1.97451
-396.05,17.4738,-0.161016
-390.625,-37.1696,-2.70165
-385.2,-19.6109,34.1113
-379.774,15.7565,73.5717
-374.349,31.6214,28.1969
-368.924,-22.3371,6.90732
-363.498,-40.6017,-29.0792
-358.073,-197.529,227.771
-352.648,-618.475,895.821
-347.222,-530.949,765.444
-341.797,-90.0448,98.0882
-336.371,15.8636,-50.6712
-330.946,7.00373,-30.0395
-325.521,-11.7649,-27.0742
-320.095,-51.7323,25.2183
-314.67,-19.9784,56.7333
-309.245,14.7366,39.3705
-303.819,3.09895,53.9383
-298.394,1.15861,69.8843
-292.969,9.87724,31.2227
-287.543,-9.25096,17.2721
-282.118,-16.7875,27.5946
-276.693,-21.9319,16.5005
-271.267,8.46788,-7.71927
-265.842,-28.2073,13.3981
-260.417,46.7847,17.2048
-254.991,1519.63,-327.765
-249.566,2418.31,-578.628
-244.141,899.03,-251.098
-238.715,-89.7702,0.542856
-233.29,6.03363,29.6685
-227.865,20.3117,50.9396
-222.439,36.7668,13.9714
-217.014,6.86101,-18.3581
-211.589,-4.68066,-31.2972
-206.163,-34.6839,-13.4331
-200.738,-80.9575,12.4666
-195.312,-37.9663,-11.1377
-189.887,-0.204763,-33.0566
-184.462,-30.6441,6.25824
-179.036,-33.7541,62.4659
-173.611,-4.79342,36.7173
-168.186,-30.677,4.97696
-162.76,-30.1961,-14.1014
-157.335,-379.377,370.264
-151.91,-1047.66,1064.35
-146.484,-762.343,785.09
-141.059,-59.3427,106.463
-135.634,34.776,8.52577
-130.208,24.2357,-9.36857
-124.783,50.3298,-30.5198
-119.358,22.7587,0.875281
-113.932,-20.8334,2.69304
-108.507,25.6478,-10.7686
-103.082,210.658,-1.08199
-97.6562,198.405,31.4423
-92.2309,7.69503,29.2445
-86.8055,-45.15,7.982
-81.3802,-42.3821,23.4571
-75.9549,-17.8051,22.6413
-70.5295,5.06513,-2.83023
-65.1042,11.0763,-33.1904
-59.6788,-51.105,10.0973
-54.2535,-588.761,442.043
-48.8281,-854.604,647.227
-43.4028,-290.746,207.833
-37.9774,62.0562,-20.667
-32.5521,13.6085,21.9942
-27.1267,-25.1716,10.6095
-21.7014,-12.3587,-16.2211
-16.276,14.3117,-31.1974
-10.8507,16.9443,2.72235
-5.42535,80.5605,267.887
0,154.973,506.894
5.42535,83.0128,267.137
10.8507,-12.5251,11.732
16.276,-29.3102,-17.861
21.7014,1.17502,-20.3588
27.1267,26.801,-5.28008
32.5521,1.01699,25.8438
37.9774,-63.0037,17.5677
43.4028,357.259,9.7186
48.8281,1070.42,58.6875
54.2535,735.292,37.2398
59.6788,48.0142,-20.2066
65.1042,-27.7426,-21.3224
70.5295,-5.78163,0.486475
75.9549,27.4222,8.8139
81.3802,48.2535,-4.25303
86.8055,41.8946,-18.6302
92.2309,9.974,28.5478
97.6562,-146.903,137.014
103.082,-175.249,116.902
108.507,-27.2847,5.4144
113.932,18.7776,-9.41727
119.358,-18.3784,13.4522
124.783,-58.7916,2.84189
130.208,-25.3312,5.78561
135.634,-24.063,26.5147
141.059,108.731,55.0779
146.484,1071.03,224.573
151.91,1463.73,296.537
157.335,521.566,94.8177
162.76,17.1484,-28.5761
168.186,28.2154,-13.0283
173.611,24.506,27.7596
179.036,62.914,32.9116
184.462,28.9047,-11.9476
189.887,-18.3152,-27.5197
195.312,25.2473,-30.464
200.738,74.0882,-34.9356
206.163,21.2426,-30.5315
211.589,-13.6206,-28.564
217.014,-15.9538,-11.383
222.439,-22.6684,32.1426
227.865,11.6459,53.589
233.29,11.5884,27.9703
238.715,74.7265,-49.7488
244.141,-885.742,294.562
249.566,-2328.44,872.6
254.991,-1443.11,578.034
260.417,-29.1654,40.4251
265.842,30.8769,-4.66583
271.267,-11.3366,-1.66431
276.693,27.4091,1.41504
282.118,29.3482,13.4895
287.543,17.3278,9.14622
292.969,9.2709,31.4081
298.394,38.1181,58.5847
303.819,27.5927,46.4498
309.245,9.79844,40.8801
314.67,48.2877,35.8622
320.095,56.99,-8.02149
325.521,-5.38608,-29.0244
330.946,-22.6042,-20.9875
336.371,-41.4866,-33.1372
341.797,129.501,30.9666
347.222,868.208,337.678
352.648,1013.68,396.822
358.073,291.127,78.3736
363.498,17.3994,-46.8119
368.924,22.3809,-6.76431
374.349,-10.4478,41.0588
379.774,28.0781,69.8047
385.2,35.333,17.3133
390.625,29.3043,-23.0247
396.05,-14.5764,9.63777
401.476,-77.6892,50.0203
406.901,-72.9139,50.5568
412.326,-57.5776,43.3334
417.752,-46.2932,72.6886
423.177,2.05379,114.212
428.602,11.3162,109.024
434.028,-17.6649,71.4356
439.453,32.1348,-34.6349
444.878,-493.974,680.924
450.304,-1212.21,1666.11
455.729,-673.253,944.09
461.154,18.711,25.7497
466.58,17.0347,43.1999
472.005,3.93588,18.8962
477.431,24.9803,-25.2328
482.856,39.5925,-7.50063
488.281,24.5629,-27.1322
493.707,-10.4056,-56.3149
499.132,-29.698,-6.71922
504.557,-1.2816,79.7883
509.983,15.7908,81.4193
515.408,2.47955,10.7684
520.833,49.7699,-9.65685
526.259,96.924,4.00266
531.684,47.7269,-30.5512
537.109,45.1619,-44.343
542.535,-193.587,-104.792
547.96,-1110.16,-249.801
553.385,-1236.98,-199.675
558.811,-317.752,-32.1563
564.236,40.1547,36.1427
569.661,53.0407,63.6256
575.087,91.7507,6.77709
580.512,29.8861,-61.6739
585.937,23.1193,-63.0493
591.363,4.46002,-42.656
596.788,-85.0411,1.87745
602.214,-73.1906,45.5282
607.639,-1.63318,36.8489
613.064,-16.0528,5.7372
618.49,-34.451,27.3018
623.915,-22.6863,28.0482
629.34,-32.9038,-45.2483
634.766,-42.4812,-72.0284
640.191,6.86535,-74.2088
645.616,-106.323,217.077
651.042,-259.682,569.491
656.467,-83.7976,272.37
661.892,67.3119,-53.9875
667.318,18.1272,0.428934
672.743,16.3342,62.1327
678.168,60.5114,69.7105
683.594,74.553,46.2058
689.019,44.8517,17.3855
694.444,34.5347,-20.9653
699.87,26.7793,-42.7384
705.295,-0.61791,-38.6102
710.72,37.0326,-42.4263
716.146,53.7588,-61.1035
721.571,-2.45279,-73.7761
726.996,1.198,-73.176
732.422,11.3713,-28.0157
737.847,36.3533,-47.9681
743.273,-7.93942,0.571436
748.698,-237.519,367.875
754.123,-255.805,423.105
759.549,-55.1675,101.441
764.974,69.3748,9.74023
770.399,139.734,13.4477
775.825,113.042,7.6132
781.25,54.089,23.771
786.675,51.8476,13.961
792.101,5.52544,34.1781
797.526,-90.6127,29.4586
802.951,-102.705,-28.8783
808.377,-93.451,-15.8109
813.802,-127.452,24.0969
819.227,-82.2172,6.74051
824.653,34.2418,-19.5066
830.078,91.4139,15.1226
835.503,37.4192,25.4974
840.929,-14.3695,-44.1344
846.354,-198.543,-507.615
851.779,-416.631,-929.735
857.205,-236.465,-434.266
862.63,25.2374,85.2972
868.055,34.5956,96.2708
873.481,44.8533,46.353
878.906,132.269,5.06728
884.331,133.609,-22.7097
889.757,43.5301,-45.416
895.182,-74.897,-80.7482
900.608,-136.813,-94.8764
906.033,-85.9801,-42.7648
911.458,-40.5681,-4.08575
916.884,-11.4766,52.1222
922.309,62.978,93.299
927.734,84.1347,3.19106
933.16,43.2171,-78.3377
938.585,18.6971,-20.6553
944.01,-168.87,102.733
949.436,-477.499,177.284
954.861,-399.504,128.061
960.286,-102.839,31.0294
965.712,-38.1127,26.262
971.137,-57.1939,25.6774
976.562,-58.3441,8.26604
981.988,-89.5874,40.3042
987.413,-68.603,46.4739
992.838,26.4714,14.3853
998.264,86.1435,-33.3649
1003.69,101.677,-12.2092
1009.11,74.2173,82.4559
1014.54,13.6144,121.949
1019.97,2.58085,45.5991
1025.39,59.1362,-33.2747
1030.82,40.6492,-5.3762
1036.24,17.9025,24.4355
1041.67,33.8644,42.9963
1047.09,-550.673,137.997
1052.52,-1020.64,109.124
1057.94,-454.465,-38.0523
1063.37,29.4138,-11.9311
1068.79,19.7395,-0.478802
1074.22,-22.3019,-116.304
1079.64,-4.05653,-168.33
1085.07,30.2133,-135.329
1090.49,11.4984,-74.4662
1095.92,-16.0672,-29.044
1101.35,-17.3487,20.9854
1106.77,-22.3531,47.5206
1112.2,-70.5464,65.1802
1117.62,-52.9187,43.6273
1123.05,-10.3453,-29.3513
1128.47,-52.3773,-12.508
1133.9,-30.9105,38.9358
1139.32,13.6423,36.5453
1144.75,-35.3386,85.716
1150.17,-79.0449,161.763
1155.6,-83.0716,83.4813
1161.02,-68.5009,-30.6084
1166.45,-43.0331,-23.6621
1171.87,-7.95907,5.48869
1177.3,-26.1891,22.4588
1182.73,-71.3183,16.5304
1188.15,-58.2266,-20.43
1193.58,-37.2868,10.4647
1199,-26.1511,76.1847
1204.43,-43.8157,88.6858
1209.85,-55.7638,72.6744
1215.28,-24.5723,35.1529
1220.7,-15.9361,-5.12121
1226.13,2.13094,-34.8591
1231.55,2.3336,-2.75044
1236.98,-77.7379,99.8298
1242.4,-99.2408,87.9363
1247.83,-227.543,56.8725
1253.26,-369.79,122.057
1258.68,-178.679,101.108
1264.11,22.5417,73.3517
1269.53,56.5562,101.489
1274.96,15.5226,37.7463
1280.38,-17.8872,-64.5543
1285.81,-18.0824,-49.6751
1291.23,-17.9924,-5.48138
1296.66,-26.2691,-38.0532
1302.08,-67.6162,-68.0734
1307.51,-74.8214,-65.905
1312.93,-73.1448,-43.8977
1318.36,-77.2014,-20.4045
1323.78,-40.874,-12.4122
1329.21,25.1477,-2.69983
1334.64,36.7432,-24.3638
1340.06,25.1259,-49.8784
1345.49,-24.4057,-113.035
1350.91,-187.457,-206.458
1356.34,-196.205,-105.881
1361.76,-62.8347,26.0804
1367.19,-36.5207,13.1284
1372.61,-67.2095,-2.2623
1378.04,-72.8693,-20.8682
1383.46,-47.6958,-1.98115
1388.89,-61.3404,23.872
1394.31,-84.9752,12.7789
1399.74,-38.6551,4.39968
1405.16,26.6183,-28.8611
1410.59,71.155,-29.7492
1416.02,54.6961,-18.0143
1421.44,-13.2476,-2.76897
1426.87,-20.5185,27.0286
1432.29,16.8886,17.091
1437.72,-13.6787,65.1215
1443.14,-83.2032,230.143
1448.57,-197.319,261.308
1453.99,-238.554,113.4
1459.42,-115.183,38.9101
1464.84,-67.1156,-12.0584
1470.27,-43.9981,-67.9276
1475.69,43.9415,-38.5357
1481.12,60.4065,48.9695
1486.55,48.0473,76.9875
1491.97,36.2544,9.5739
1497.4,25.6014,-6.97698
1502.82,16.7265,3.71223
1508.25,-53.8197,-11.8121
1513.67,-101.704,6.16761
1519.1,-62.4073,38.7557
1524.52,23.238,66.5258
1529.95,91.1863,54.22
1535.37,95.1559,-30.5068
1540.8,110.454,-44.0578
1546.22,67.9921,-52.761
1551.65,-47.9589,-169.147
1557.07,-38.1714,-124.358
1562.5,-8.65822,2.58368
1567.93,-91.6281,-6.801
1573.35,-165.244,13.7091
1578.78,-159.003,72.2613
1584.2,-123.954,50.0839
1589.63,-74.7736,-7.50859
1595.05,24.3196,0.100014
1600.48,82.0474,36.2619
1605.9,26.4228,-10.7482
1611.33,-31.2863,-42.3565
1616.75,-45.4274,-9.60904
1622.18,-72.2204,38.2827
1627.6,-99.5847,89.8047
1633.03,-71.7808,141.906
1638.45,39.7176,197.946
1643.88,153.335,178.391
1649.31,231.01,80.7131
1654.73,184.163,14.6284
1660.16,32.3763,-27.1424
1665.58,30.5755,-152.265
1671.01,42.8481,-133.989
1676.43,-62.4767,73.9337
1681.86,-45.1545,106.107
1687.28,90.7035,33.0023
1692.71,119.463,25.3494
1698.13,76.891,16.0082
1703.56,3.32546,-22.2386
1708.98,-49.1654,-8.88401
1714.41,49.2007,5.36339
1719.83,68.4366,-25.9365
1725.26,14.5297,83.1479
1730.69,19.1752,124.145
1736.11,-70.0805,-21.3655
1741.54,-176.838,-86.9684
1746.96,-74.9437,83.3364
1752.39,137.185,293.605
1757.81,169.1,123.913
1763.24,74.6662,-189.351
1768.66,-19.3379,-242.873
1774.09,-71.3438,-69.3928
1779.51,-13.265,134.861
1784.94,24.5034,119.86
1790.36,-51.1708,25.5006
1795.79,-117.507,87.9156
1801.22,-89.272,73.5592
1806.64,24.465,-22.1199
1812.07,110.762,108.29
1817.49,93.4519,208.119
1822.92,25.7904,177.815
1828.34,-21.3078,154.122
1833.77,-9.04282,8.41368
1839.19,-26.9353,-137.859
1844.62,74.3033,-56.5817
1850.04,607.688,357.433
1855.47,745.502,589.521
1860.89,158.401,247.259
1866.32,-205.809,-153.048
1871.74,-226.414,-180.105
1877.17,-69.2464,-76.9672
1882.6,234.752,-43.7207
1888.02,271.866,-81.9091
1893.45,122.862,-222.171
1898.87,212.52,-287.518
1904.3,243.562,-46.2981
1909.72,54.8566,350.73
1915.15,-18.2764,371.556
1920.57,-126.871,-26.4182
1926,-269.512,-373.53
1931.42,-249.33,-303.921
1936.85,-83.4734,127.346
1942.27,228.837,390.389
1947.7,-418.429,887.842
1953.12,-1549.07,1718.09
1958.55,-1007.96,1315.79
1963.98,-54.0817,372.999
1969.4,27.2562,315.047
1974.83,-262.203,560.647
1980.25,-81.5949,409.365
1985.68,64.4382,237.471
1991.1,533.35,317.337
1996.53,-422.345,232.329
2001.95,2700.21,228.68
2007.38,19921.9,-527.624
2012.8,23077.5,-861.69
2018.23,5768.61,125.709
2023.65,-938.437,244.685
2029.08,-143.65,180.751
2034.51,-205.613,43.2407
2039.93,197.106,-434.025
2045.36,32.4591,-408.836
2050.78,-990.07,-686.977
2056.21,-1578.26,-700.211
2061.63,-672.039,79.1511
2067.06,75.1093,552.515
2072.48,53.8978,644.255
2077.91,-519.605,540.832
2083.33,-709.934,145.825
2088.76,-266.786,-78.7927
2094.18,-58.1546,-97.7577
2099.61,-306.157,-94.7562
2105.03,-443.06,50.6686
2110.46,-378.756,89.2205
2115.89,-320.792,-164.623
2121.31,-272.583,-384.033
2126.74,-170.013,-254.283
2132.16,-101.168,49.1746
2137.59,-94.7102,16.4803
2143.01,-172.366,-273.45
2148.44,-457.122,-329.858
2153.86,-651.332,-283.611
2159.29,-414.835,-285.66
2164.71,-85.5338,-97.6513
2170.14,48.8022,60.7413
2175.56,77.7114,25.2703
2180.99,178.264,-75.1777
2186.41,117.237,-197.288
2191.84,-78.0203,-126.022
2197.27,-162.651,90.1142
2202.69,-192.813,135.476
2208.12,-39.3825,62.1147
2213.54,81.0443,119.603
2218.97,21.0664,206.688
2224.39,-5.60253,142.234
2229.82,37.0797,-5.61515
2235.24,217.213,-75.9543
2240.67,349.754,-37.1266
2246.09,288.248,-144.104
2251.52,400.794,-310.608
2256.94,458.787,-215.589
2262.37,216.352,-17.4114
2267.79,80.5105,87.6768
2273.22,47.5447,13.2629
2278.65,108.357,-134.356
2284.07,213.577,-27.4022
2289.5,76.8192,202.083
2294.92,-70.604,257.53
2300.35,-0.334614,155.325
2305.77,95.8867,11.7572
2311.2,142.881,-12.4017
2316.62,131.226,66.583
2322.05,74.2102,110.059
2327.47,24.7604,87.7535
2332.9,-14.0077,76.0224
2338.32,-121.635,68.9362
2343.75,-187.322,36.2887
2349.18,-22.0044,106.166
2354.6,144.007,194.284
2360.03,100.572,110.291
2365.45,-28.6159,-28.6241
2370.88,-100.744,-45.5553
2376.3,-28.3906,-29.6944
2381.73,127.082,-57.5218
2387.15,183.513,-19.1378
2392.58,204.209,63.4984
2398,169.21,70.7012
2403.43,39.736,108.112
2408.85,0.112843,137.969
2414.28,71.7075,33.5776
2419.7,106.552,-62.4076
2425.13,36.6534,-65.1847
2430.56,-4.63281,-73.4938
2435.98,-34.8878,-119.47
2441.41,-71.7084,-194.601
2446.83,-69.9648,-163.932
2452.26,-79.4594,126.904
2457.68,-71.6972,198.53
2463.11,-64.3716,5.46635
2468.53,1.20756,-39.8827
2473.96,77.4507,-63.3705
2479.38,71.438,-44.6309
2484.81,112.994,17.2227
2490.23,208.262,16.9386
2495.66,170.736,48.1824
2501.08,-18.4553,45.3716
2506.51,-81.8706,15.279
2511.94,-32.625,58.6884
2517.36,-74.3862,62.0587
2522.79,-59.3218,23.8146
2528.21,48.4733,-44.7958
2533.64,64.6811,-68.8929
2539.06,42.7799,24.3882
2544.49,31.9954,67.4304
2549.91,-44.18,45.0656
2555.34,-68.4482,2.49587
2560.76,5.2069,-44.4415
2566.19,49.4407,-64.12
2571.61,24.0779,-43.2481
2577.04,-23.7199,-29.5487
2582.47,-0.433967,-31.1403
2587.89,26.1154,30.1362
2593.32,-36.347,107.428
2598.74,-52.7673,124.822
2604.17,-14.4295,109.521
2609.59,-26.7134,84.7694
2615.02,-13.5465,12.2176
2620.44,23.599,-33.7288
2625.87,22.13,45.0431
2631.29,84.0279,135.654
2636.72,104.509,117.79
2642.14,69.0295,20.5505
2647.57,14.8939,87.2293
2652.99,-217.34,344.229
2658.42,-256.373,315.703
2663.85,-66.3174,61.0691
2669.27,-27.2254,-45.3685
2674.7,-27.2393,4.35355
2680.12,-7.24569,37.5782
2685.55,-30.5417,-57.1506
2690.97,-60.0319,-79.9746
2696.4,-36.3255,-33.6303
2701.82,15.0448,-52.3209
2707.25,32.0606,-52.1468
2712.67,-11.7734,-1.91804
2718.1,-53.5645,21.2144
2723.52,-15.4647,2.06383
2728.95,37.9463,-3.55563
2734.37,51.6106,-30.9167
2739.8,34.1617,-62.3082
2745.23,6.26298,-33.7678
2750.65,-47.1435,63.5433
2756.08,-64.996,130.722
2761.5,-28.9546,59.5401
2766.93,-16.2138,25.6224
2772.35,4.31048,84.1168
2777.78,-40.082,73.7997
2783.2,-98.191,30.0852
2788.63,-65.345,43.687
2794.05,-49.5019,61.0499
2799.48,-80.149,39.571
2804.9,-39.7695,-13.6265
2810.33,63.1763,-41.3225
2815.75,86.8733,-28.4738
2821.18,68.4401,-35.3787
2826.61,53.9492,8.39978
2832.03,48.8915,29.001
2837.46,23.9202,-67.4917
2842.88,-19.9864,-93.1156
2848.31,-51.3629,-55.511
2853.73,-95.4541,-57.9286
2859.16,-86.0097,-20.1606
2864.58,-30.6808,34.8497
2870.01,6.14526,6.53317
2875.43,44.8313,-4.4454
2880.86,64.8882,30.6766
2886.28,30.8494,3.95174
2891.71,21.303,-44.1277
2897.14,54.1332,-14.5846
2902.56,20.3562,69.6483
2907.99,-28.3873,32.9049
2913.41,-6.19898,-39.5056
2918.84,-1.3719,-26.0391
2924.26,-38.7646,-11.2766
2929.69,-56.1138,-6.07149
2935.11,-56.2386,5.92826
2940.54,-65.7849,5.14655
2945.96,-79.0181,-30.9075
2951.39,-158.516,-55.4559
2956.81,-171.181,-50.9235
2962.24,-47.2987,-10.2996
2967.66,32.2986,52.6519
2973.09,44.5099,72.4416
2978.52,-40.5347,53.213
2983.94,-91.3504,18.0857
2989.37,-3.60669,-5.18187
2994.79,90.5667,-8.56554
3000.22,62.3979,-26.0382
3005.64,-65.786,-40.4834
3011.07,-96.2084,-6.08935
3016.49,-17.2365,70.929
3021.92,49.0914,104.388
3027.34,38.5615,53.1482
3032.77,16.0338,4.4092
3038.19,53.4268,24.9056
3043.62,60.2143,50.6126
3049.04,-14.9323,4.74511
3054.47,-96.1763,-29.6985
3059.9,-97.5211,-38.7103
3065.32,-60.4083,-94.048
3070.75,-67.4955,-79.7478
3076.17,-47.4125,4.45217
3081.6,28.012,1.7215
3087.02,30.7691,-37.2447
3092.45,-25.5966,-20.7786
3097.87,-30.5347,3.14389
3103.3,-2.76845,-18.4024
3108.72,-12.0926,-68.3839
3114.15,-14.8714,-50.059
3119.57,-19.6611,19.5657
3125,-46.5619,30.4026
3130.43,-50.7708,-7.67084
3135.85,-54.3704,-18.4371
3141.28,-59.6112,38.8365
3146.7,-76.4163,62.7295
3152.13,-74.4499,-45.5779
3157.55,-18.5904,-102.788
3162.98,15.5451,-49.4486
3168.4,10.009,-47.2159
3173.83,5.50109,-22.8342
3179.25,-37.2017,58.8084
3184.68,-97.8902,75.9398
3190.1,-78.3478,55.9421
3195.53,-5.2277,48.4363
3200.95,6.44303,15.678
3206.38,-6.48518,-12.2249
3211.81,-4.65637,-16.4663
3217.23,-27.8985,-5.12284
3222.66,-27.1433,-34.0112
3228.08,4.77789,-81.5086
3233.51,3.09086,-33.3811
3238.93,-12.9825,12.9134
3244.36,-11.3557,-9.12867
3249.78,-24.2601,15.8313
3255.21,-29.5588,79.8007
3260.63,41.5162,57.3022
3266.06,107.621,-0.0368958
3271.48,68.8506,-9.6064
3276.91,52.3756,3.01656
3282.33,64.4297,26.0791
3287.76,2.39261,47.547
3293.19,-7.48054,62.1687
3298.61,43.7767,46.91
3304.04,6.99743,15.1051
3309.46,-53.214,13.0688
3314.89,-54.9441,21.595
3320.31,-10.1489,39.8072
3325.74,24.7165,55.5811
3331.16,-29.5372,22.6366
3336.59,-39.3125,14.9529
3342.01,36.6269,62.5392
3347.44,60.513,44.2381
3352.86,63.1035,-14.1261
3358.29,62.9541,-6.78528
3363.71,36.6004,-26.5187
3369.14,3.59985,-89.0251
3374.57,-39.7805,-97.9502
3379.99,-77.1856,-78.8619
3385.42,-79.4229,-41.5452
3390.84,-68.5939,2.71438
3396.27,-63.0216,26.5553
3401.69,-38.343,62.8868
3407.12,1.15479,103.014
3412.54,23.3721,56.9824
3417.97,21.0422,-2.51856
3423.39,13.3712,33.3314
3428.82,29.4296,44.5238
3434.24,30.8061,4.48528
3439.67,1.76614,-3.07551
3445.1,2.72132,10.917
3450.52,14.0384,-25.3353
3455.95,27.5652,-54.7634
3461.37,8.92264,17.7955
3466.8,-35.2576,53.7846
3472.22,-58.9633,28.7258
3477.65,-70.7219,0.237759
3483.07,-48.4682,-10.8581
3488.5,-23.0489,41.4647
3493.92,-4.17117,71.8872
3499.35,-11.6086,47.1806
3504.77,-59.1562,25.1941
3510.2,-71.2832,37.1691
3515.62,-37.9125,37.2183
3521.05,8.42065,33.2208
3526.48,41.0656,71.7619
3531.9,32.8875,89.2899
3537.33,-2.83908,68.6952
3542.75,-42.5484,26.3144
3548.18,-56.8516,-19.5874
3553.6,-42.3771,50.0185
3559.03,0.277561,127.076
3564.45,43.5484,92.7684
3569.88,44.4481,68.936
3575.3,-0.481397,38.0957
3580.73,-43.4169,1.4838
3586.15,-14.9106,3.65567
3591.58,13.6225,7.65624
3597,38.3497,-6.49361
3602.43,50.8195,0.864577
3607.86,-2.25944,-9.25973
3613.28,-22.1918,-56.2687
3618.71,-7.4516,-4.13847
3624.13,6.52476,61.9323
3629.56,10.0014,3.35471
3634.98,5.28592,-72.3278
3640.41,13.0376,-61.7912
3645.83,10.6238,-22.2292
3651.26,18.2802,-13.6495
3656.68,31.0758,-9.43911
3662.11,16.5878,-28.5956
3667.53,-15.5744,-23.1906
3672.96,-50.4057,17.7731
3678.39,-45.6917,-29.0204
3683.81,-36.5197,-54.0997
3689.24,-59.9747,8.57589
3694.66,-33.153,28.3761
3700.09,3.3783,57.9672
3705.51,-22.6549,90.863
3710.94,-39.7963,49.924
3716.36,-17.1117,9.18896
3721.79,10.8451,19.0647
3727.21,21.1355,27.5958
3732.64,14.8678,24.0605
3738.06,-15.6498,22.2174
3743.49,-41.2713,8.49054
3748.91,-18.2101,12.9584
3754.34,-7.46166,-6.9939
3759.77,-7.1182,-48.2525
3765.19,15.9189,-35.7298
3770.62,16.6864,-30.0644
3776.04,10.8931,-62.4988
3781.47,44.7904,-74.2125
3786.89,56.9335,-47.0571
3792.32,25.6766,10.937
3797.74,20.1776,50.5765
3803.17,7.3939,25.0606
3808.59,-48.4622,-16.4826
3814.02,-84.4051,-29.3032
3819.44,-43.4582,-36.3995
3824.87,35.9496,-31.4021
3830.29,59.012,13.0133
3835.72,19.5671,26.8485
3841.15,-14.8857,1.56503
3846.57,-21.5255,38.9468
3852,-17.7356,52.3814
3857.42,-4.33077,-1.0757
3862.85,2.12883,-40.2233
3868.27,-5.69582,-44.2477
3873.7,-15.602,-16.2248
3879.12,-42.3755,-10.7267
3884.55,-42.8235,0.409037
3889.97,-20.0122,-3.09733
3895.4,-8.19365,-24.4266
3900.82,6.3453,2.43892
3906.25,30.3179,23.8374
3911.68,32.1803,22.4752
3917.1,-7.54248,1.55264
3922.53,-32.2864,10.12
3927.95,-27.9687,48.3453
3933.38,7.81498,33.3113
3938.8,46.6893,6.58336
3944.23,34.1892,3.02351
3949.65,6.95571,4.83811
3955.08,5.20689,0.578089
3960.5,7.72228,16.7286
3965.93,-23.345,36.281
3971.35,-39.9989,10.5264
3976.78,-16.816,-23.4753
3982.2,-8.24323,-64.3013
3987.63,-12.1078,-77.01
3993.06,-20.4493,-30.322
3998.48,-33.2248,7.74555
4003.91,-23.2472,16.7527
4009.33,10.6719,26.4082
4014.76,13.8542,20.4681
4020.18,-3.81319,-9.11304
4025.61,6.42936,-16.7787
4031.03,16.2404,-1.52554
4036.46,-1.75307,-3.29059
4041.88,-34.2704,-15.3466
4047.31,-27.0953,-20.5407
4052.73,-4.51588,-42.9749
4058.16,11.4406,-53.3754
4063.58,54.065,-26.6303
4069.01,60.7217,-10.1364
4074.44,35.3884,-12.1166
4079.86,5.0608,-18.4102
4085.29,-17.8086,-30.3782
4090.71,27.0938,-36.6259
4096.14,51.263,-10.0449
4101.56,-7.27846,40.219
4106.99,-70.8891,18.5141
4112.41,-103.048,-30.667
4117.84,-69.9936,-9.00784
4123.26,-27.1604,-16.0458
4128.69,-4.52402,-36.2826
4134.11,43.9212,6.72536
4139.54,74.4372,14.5556
4144.96,47.9795,-42.0353
4150.39,9.44089,-75.8496
4155.82,8.53807,-19.1495
4161.24,20.5141,28.195
4166.67,36.8591,-1.19245
4172.09,53.1267,-2.17166
4177.52,49.6584,19.995
4182.94,26.7527,30.1821
4188.37,20.0438,28.695
4193.79,51.6839,18.2909
4199.22,48.6684,16.4178
4204.64,19.8127,21.4809
4210.07,14.4999,23.9501
4215.49,-29.22,5.67582
4220.92,-86.1992,-32.8116
4226.35,-78.9717,-33.0602
4231.77,-58.455,3.91714
4237.2,-57.4284,16.4684
4242.62,-39.8319,39.1876
4248.05,-2.65067,58.8319
4253.47,27.9913,25.007
4258.9,31.2046,-2.14954
4264.32,21.8519,-7.37036
4269.75,26.1814,-11.8208
4275.17,40.4911,-30.3301
4280.6,52.1123,-41.1255
4286.02,45.2715,5.0714
4291.45,9.91065,25.95
4296.87,-7.33343,-0.938716
4302.3,24.1155,-8.42006
4307.73,53.0283,19.0625
4313.15,59.7366,25.7011
4318.58,86.9638,-35.2731
4324,94.5797,-57.076
4329.43,52.6058,-3.86238
4334.85,19.6928,3.5214
4340.28,6.59492,-53.3337
4345.7,-16.8339,-80.6518
4351.13,-29.9392,-36.3737
4356.55,-6.40874,-4.82766
4361.98,14.444,-3.2245
4367.4,20.3218,38.1971
4372.83,12.7187,51.7113
4378.25,-17.8397,22.188
4383.68,-51.5031,-7.82069
4389.11,-36.6233,-30.1231
4394.53,13.7843,-21.4443
4399.96,10.7155,17.8001
4405.38,-16.3725,42.7153
4410.81,-20.2767,5.71811
4416.23,-15.916,-34.9614
4421.66,-14.8627,-29.3268
4427.08,-7.03267,7.88647
4432.51,-12.1504,35.2361
4437.93,-57.3055,42.0938
4443.36,-50.297,29.4552
4448.78,30.2344,14.8163
4454.21,83.369,-16.0999
4459.63,45.9769,-74.905
4465.06,7.26192,-70.4675
4470.49,-5.32287,-22.041
4475.91,-35.0879,24.7935
4481.34,-8.17493,52.6204
4486.76,13.2312,28.8733
4492.19,-13.5523,-48.9402
4497.61,-0.833054,-123.753
4503.04,36.4192,-85.0793
4508.46,39.6029,21.8726
4513.89,5.06491,47.292
4519.31,-13.4061,16.0117
4524.74,29.5546,26.7333
4530.16,57.3369,34.6622
4535.59,25.661,16.3285
4541.02,8.8411,-2.96748
4546.44,2.93625,-13.7172
4551.87,-10.5954,0.353741
4557.29,-22.626,29.7781
4562.72,-28.093,38.2701
4568.14,-7.5065,-4.23354
4573.57,11.3089,-30.2881
4578.99,-11.9866,4.52468
4584.42,-42.4096,62.4908
4589.84,-16.2889,78.3159
4595.27,8.69118,23.8615
4600.69,8.31053,-20.7499
4606.12,18.6348,-30.5078
4611.54,1.49824,-31.4683
4616.97,9.56591,-7.56427
4622.4,52.4612,34.468
4627.82,45.9521,20.6653
4633.25,8.94474,-7.09886
4638.67,-4.0565,3.47973
4644.1,-9.1341,-30.7995
4649.52,-44.2573,-59.3645
4654.95,-45.0493,-10.7107
4660.37,5.95821,35.9066
4665.8,48.6295,24.3912
4671.22,55.8915,23.1454
4676.65,39.4827,41.9038
4682.07,42.3434,26.2488
4687.5,30.0332,18.2702
4692.92,28.0254,48.2654
4698.35,26.4393,50.3421
4703.78,-10.8288,17.2429
4709.2,-0.969946,22.9214
4714.63,15.5579,40.1118
4720.05,25.0323,23.5666
4725.48,47.7611,-1.51986
4730.9,24.9676,-28.3449
4736.33,-5.69317,-15.1698
4741.75,23.6969,16.177
4747.18,41.2312,-16.019
4752.6,2.1878,-32.6116
4758.03,-17.0384,-29.2815
4763.45,6.96569,-67.0941
4768.88,35.8579,-60.3303
4774.31,33.9937,-16.8303
4779.73,27.3589,-5.60073
4785.16,10.0464,-8.43268
4790.58,-30.6853,3.77808
4796.01,-43.0306,26.2931
4801.43,-21.6985,47.9374
4806.86,8.95918,33.3932
4812.28,11.0766,-10.7495
4817.71,-6.11398,0.709152
4823.13,9.06996,45.2444
4828.56,21.3219,51.1492
4833.98,24.2974,21.0091
4839.41,36.614,-12.2229
4844.83,-3.76649,-22.7055
4850.26,-31.9699,-10.1607
4855.69,1.18343,36.2504
4861.11,22.1518,87.2039
4866.54,20.6612,68.9914
4871.96,15.3311,33.2491
4877.39,18.2112,52.3104
4882.81,-1.09205,37.1815
4888.24,-11.2772,-1.3476
4893.66,29.2976,19.7172
4899.09,45.4506,28.2385
4904.51,12.7331,-7.89625
4909.94,14.6115,-34.5702
4915.36,41.062,-22.4164
4920.79,16.5384,-2.33917
4926.21,-14.9338,13.1961
4931.64,1.05457,32.25
4937.07,38.707,25.5773
4942.49,70.882,29.0583
4947.92,56.8356,36.6462
4953.34,-3.89337,5.90791
4958.77,-24.3925,-1.11788
4964.19,-15.0939,51.6207
4969.62,-13.586,92.6599
4975.04,35.9659,53.2659
4980.47,51.6581,-6.50133
4985.89,-6.94543,-3.72494
4991.32,-3.56655,13.3559
4996.74,43.8007,9.05181
5002.17,44.8845,36.9426
5007.6,15.3312,75.0601
5013.02,-16.9007,81.4062
5018.45,-24.0562,69.9511
5023.87,10.9177,33.2285
5029.3,23.0323,11.0228
5034.72,6.1624,49.5789
5040.15,14.69,77.1099
5045.57,33.3439,56.7032
5051,38.3328,42.23
5056.42,27.6825,43.4625
5061.85,23.5878,52.8631
5067.27,34.0274,61.0193
5072.7,36.0785,45.629
5078.12,36.7377,32.0833
5083.55,33.0301,37.5848
5088.98,26.0354,40.2491
5094.4,36.7358,12.1083
5099.83,46.1086,-32.9193
5105.25,24.9178,-3.16373
5110.68,3.55701,44.2074
5116.1,15.0735,25.1808
5121.53,1.02486,14.2204
5126.95,-32.7223,19.7051
5132.38,-18.1058,-10.3975
5137.8,28.9425,-66.5618
5143.23,45.619,-66.907
5148.65,2.75845,1.56493
5154.08,-33.3129,46.9916
5159.5,-24.2197,45.3195
5164.93,-8.65483,10.2395
5170.36,-4.07978,-43.2241
5175.78,4.67649,-36.1142
5181.21,38.6113,12.4542
5186.63,67.6315,14.9154
5192.06,59.8577,-2.77762
5197.48,71.6409,-7.32486
5202.91,103.79,1.64153
5208.33,68.5065,36.9074
5213.76,1.95242,43.7156
5219.18,-30.232,16.077
5224.61,-56.3314,13.6243
5230.03,-54.6885,18.643
5235.46,-45.877,-6.61234
5240.88,-50.7292,-19.0789
5246.31,-12.6022,15.7189
5251.74,-16.0519,1.12016
5257.16,-60.3697,-26.0141
5262.59,-43.2617,11.0862
5268.01,-13.0115,20.8366
5273.44,8.12792,2.62647
5278.86,38.9343,-32.5262
5284.29,27.6619,-69.7789
5289.71,7.28994,-16.7721
5295.14,6.32135,26.0088
5300.56,-24.4867,-11.8135
5305.99,-23.9678,-36.1008
5311.41,9.11583,-31.3134
5316.84,-0.85102,8.95494
5322.27,-17.8033,42.7618
5327.69,-18.4713,7.83277
5333.12,-38.8588,-5.69679
5338.54,-46.6168,22.0514
5343.97,-20.9756,8.46095
5349.39,-0.272045,-4.46071
5354.82,-8.28521,0.706183
5360.24,-14.5087,-2.04654
5365.67,8.78368,4.04602
5371.09,19.7001,-6.58048
5376.52,34.5223,-30.8389
5381.94,52.1786,2.91253
5387.37,13.649,27.0937
5392.79,-23.8491,-18.4288
5398.22,-29.7566,-31.6334
5403.65,-9.59177,-19.0241
5409.07,41.6952,-21.606
5414.5,56.6458,-13.1143
5419.92,38.4554,-6.12293
5425.35,37.2881,-4.45203
5430.77,22.9535,6.30158
5436.2,-22.3418,19.2756
5441.62,-48.4881,27.9889
5447.05,-54.3748,37.8005
5452.47,-49.7354,24.5088
5457.9,-16.4467,-18.819
5463.32,20.9543,-26.1718
5468.75,36.8148,-11.4278
5474.17,43.0969,-20.308
5479.6,29.7494,-12.3546
5485.03,10.7939,31.7271
5490.45,43.2561,29.542
5495.88,77.547,-25.3758
5501.3,50.2771,-24.215
5506.73,12.9006,-4.89478
5512.15,-3.32244,-0.106588
5517.58,-2.61327,7.13283
5523,30.8452,-23.8668
5528.43,22.7513,-41.4809
5533.85,-38.9766,-34.1712
5539.28,-28.7787,-45.6394
5544.7,17.7422,-26.3945
5550.13,17.3662,29.1802
