-67.1409 -880.474 -310.961 -999.749 133.14 234.268 -308.81 -187.091 -122.74 129.719 -557.461 190.48 -78.9063 -766.298 750.601 81.0034 -1.12171 412.425 132.324 -830.166 79.8101 547.026 284.104 -844.411 743.503 462.905 -57.5088 369.947 909.721 146.7 542.124 -870.51
383.862 232.361 11.3433 -51.08 -277.258 181.922 231.303 639.122 326.564 74.9154 419.262 11.9344 -543.295 147.682 -505.025 285.995 -81.8698 324.102 308.882 121.972 641.664 920.722 336.305 749.458 159.994 155.283 -709.268 -24.5841 -562.108 -134.232 -419.696 -238.25
941.045 -35.9586 -1181.3 364.55 -78.43 595.016 -158.086 168.086 382.908 -524.79 746.249 668.254 941.578 -184.043 326.773 289.165 254.31 655.099 345.605 390.76 -718.257 -32.1027 -19.7233 161.53 651.791 335.399 118.416 507.522 342.088 99.1655 493.413 211.838
-169.386 178.498 1006.63 -158.107 405.303 100.939 279.193 1051.43 1115.41 -78.3408 453.174 273.472 789.852 557.953 -895.446 435.926 -120.153 -359.305 256.438 -740.042 -225.119 -181.19 474.226 105.797 653.763 -135.825 -342.586 538.588 -422.237 -235.677 -31.2907 192.695
109.898 -831.742 -148.658 946.045 -49.8333 -62.5993 -427.557 -401.98 108.879 64.805 1269.5 1067.74 -876.323 -105.16 617.802 702.92 -161.239 561.41 647.784 329.113 -457.327 -526.589 -180.851 457.811 533.48 537.718 -235.318 -282.674 -6.06006 165.194 660.36 -346.45
-281.28 -170.731 -631.116 -125.709 98.3013 -160.096 481.1 -418.655 -106.105 525.012 -797.285 164.991 298.722 -645.603 -137.607 273.075 -646.443 16.1795 -0.0387268 -21.5321 -209.375 -140.055 92.0579 -1.06129 385.374 -875.557 290.637 -752.318 561.68 -948.975 -197.172 227.577
557.92 -865.619 423.965 392.304 -303.653 -713.795 156.573 237.412 -845.934 -538.998 -860.69 -171.103 72.6342 -201.945 342.5 -360.135 869.62 -640.805 -25.2221 -873.592 -1175.06 23.5394 578.5 177.432 447.821 -143.14 1.85495 242.018 219.094 697.104 -129.883 264.314
811.688 35.4772 16.1924 -588.21 -162.532 -145.782 -11.0424 839.999 191.12 -47.8531 5.44345 -105.682 -534.697 -126.184 -311.303 -288.517 477.658 74.0382 131.559 570.911 157.42 364.463 -414.953 63.5399 890.695 433.958 449.222 29.6179 524.51 560.558 -588.755 -268.89
-280.598 -1424.7 -988.237 -572.694 -442.553 -120.659 205.8 -246.395 -143.761 604.946 -651.804 -227.952 -1009.03 -455.079 -1356.94 -578.447 1024.18 -736.571 510.886 -233.451 714.287 -147.007 1156.18 337.106 -829.163 567.466 359.228 165.123 -51.912 162.63 780.829 -84.657
639.152 60.3382 794.222 -525.63 237.243 461.075 -296.701 155.693 -67.6065 426 -181.352 559.509 -1401.12 -152.981 -232.315 40.9173 74.2524 -358.754 -514.284 -752.922 540.621 -56.1102 76.6033 -71.8913 453.013 438.749 264.703 480.555 594.273 85.8751 621.791 501.242
489.607 -452.779 -471.067 279.636 705.086 88.6644 -114.98 99.4413 501.56 -87.0041 -153.438 1.02469 -96.4708 -92.1979 1030.68 -1175.06 17.0565 -640.465 -733.625 -321.879 150.299 244.521 750.415 1053.63 -238.079 227.927 -438.633 532.596 35.9306 -295.3 177.826 668.372
-20.9615 555.295 193.71 490.704 210.474 -691.156 -377.286 421.053 410.704 -415.556 -449.242 9.48247 294.333 -723.349 102.343 250.039 270.773 668.739 -218.355 786.112 352.304 620.392 387.877 -344.854 -165.663 -174.42 548.078 270.291 -376.206 -1408.73 -813.67 311.049
-493.454 -637.469 153.94 204.841 397.259 812.888 53.2985 250.502 608.599 -501.897 895.146 789.526 822.194 785.355 326.812 -137.192 241.084 -650.705 803.265 -257.84 258.963 13.4766 -74.8118 8.15697 260.335 -41.4719 350.062 444.931 114.037 712.884 467.688 -326.019
747.316 -47.4892 -865.329 883.045 166.322 51.3048 -62.1653 226.361 52.8985 526.292 -222.342 -637.971 453.448 -36.0887 -98.3584 -41.8421 -505.8 -25.1221 275.204 48.8221 -244.862 -140.627 -190.663 207.948 -415.757 -922.068 166.766 -843.111 288.62 59.9042 -434.042 516.538
1128.27 233.213 513.556 -15.1655 -208.279 440.188 615.456 -306.36 -208.746 -24.1595 219.915 -88.6146 -53.487 -122.917 102.696 241.141 328.134 545.864 508.105 268.289 101.006 175.666 -389.944 138.957 -159.365 895.769 -296.834 -212.842 -998.549 -444.496 702.161 -497.989
-48.998 -412.037 -24.7144 -434.031 38.2284 -553.083 327.663 476.542 563.428 270.962 119.153 -258.67 -502.62 -169.906 -563.681 -151.62 -942.074 677.928 30.5624 -34.4382 -330.4 -48.7988 -251.278 70.3527 -275.141 -1053.07 533.324 -412.897 326.952 -669.592 -239.419 209.306
