4091.78 1888.53 4776.43 4865.71 1477.97 3543.9 5970.05 7341.53 4509.18 5419.16 6819.68 5315.6 3819.21 2347.81 2631.14 3305.13
2593.52 2634.82 5093.68 2643.36 1297.38 4636.93 7249.69 5320.21 2978.77 4161.38 4923.2 4823.35 5779.58 3652.37 1457.31 3638.49
1669.68 5226.75 4061.38 3115.07 2744.85 1430.63 1578.72 2374.51 3255.92 619.097 918.495 2477.15 3158.21 3571.87 3775.88 2589.93
1856.78 3545.6 1593.09 3022.89 2556.2 609.263 2692.8 4926.42 3506.16 3187.73 3980.42 4894.33 5162.26 1079.91 5636.18 3588.71
865.728 1395.48 1781.89 3546.11 2015.79 4182.97 4342.53 5616.77 5018.85 3628.2 3183.86 6190.72 5865.84 395.224 2541.09 311.309
3081.62 3415.77 6435.46 7409.47 4787.38 3752.43 5719.75 1767.36 3330.59 2678.83 3185.54 6177.25 4550.09 344.403 2635.08 1235.58
2639.09 4674.85 8461.67 7231.84 4303.96 1188.57 7247.54 8807.67 2983.93 4374.05 3468.42 4800.87 2267.79 2527.53 3685.2 3110.18
3036.89 3172.92 5453.12 5957.55 4514.11 3776.22 11280.6 12405.8 4264.98 3926.71 1797.44 2024.21 1516.35 1031.07 2133.26 3943.25
2326.52 1508.76 1131.26 3516.88 3962.69 5093.21 9306.24 8843.52 3320.13 1580.86 2580.01 2714.66 4504.31 4255.36 3274.39 1678.34
1205.98 1721.99 1835.6 2871.69 3575.95 6726.58 9055.3 7479.31 1319.29 2308.94 2090.17 4115.62 7572.37 9336.19 5864.88 1524.03
3707.13 2559.49 270.805 2215.88 645.054 8318.45 11286.7 7061.7 4026.27 3142.96 574.246 1959.28 4040.51 6855.03 5874.12 2990.91
1694.88 1525.69 2830.32 3537.36 6027.92 8740.23 9129.63 6373.44 1727.67 467.813 2636.13 5386.66 4781.73 3125.02 4296.04 4881.32
2523.92 2413.03 2937.19 3980.55 6195.62 6596.75 6001.94 5478.27 4178.09 4922.41 6700.9 7633.44 6221.01 3032.53 2779.71 4588.3
704.541 3770.38 3999.17 1768.99 1451.48 3686.02 5708.07 5432.62 3322.12 6546.07 9399.2 7905.3 5359.69 2950.24 2236.65 2056.21
1190.5 6635.59 5694.39 185.285 3301.28 1297.1 4712.08 4365.55 3999.42 2383.65 7306.84 5611.38 2516.38 2754.68 6906.73 7155.16
1662.58 5507.9 4851.68 1436.73 3437.98 3640.35 3643.76 5066.31 5820.44 4393.8 817.838 1298.86 1577.71 2714.97 5687.44 4710.3
