-103.254 299.345 -752.278 -519.262 861.305 946.36 881.008 594.8 740.245 55.5643 1155.63 -1659.46 -974.779 -262.367 -921.344 533.649 125.791 209.654 291.48 178.666 -57.4697 -224.351 -726.63 -478.354 932.299 -649.396 -99.2714 503.735 653.215 -458.138 -51.0174 244.74
524.337 407.731 -478.015 -642.895 -1176.76 323.071 547.431 -195.124 2853.4 -1607.07 191.609 -1625.01 -97.0054 -396.048 217.987 149.33 1325.64 180.843 1325.68 -806.004 -251.516 265.286 -219.472 -1202.86 -660.933 81.0143 -893.798 53.7358 -1383.59 -56.054 138.789 750.69
-199.129 -625.174 -465.578 -974.244 -195.964 838.475 1381.98 369.759 1759.09 -1953.84 712.656 -2924.61 -418.906 -1050.69 480.984 654.329 1542.51 557.536 1547.31 -587.069 521.919 -1244.41 25.1469 -432.108 772.32 47.3975 -367.048 -210.243 -859.416 -564.806 -539.667 312.549
496.148 -1635.95 546.771 -1420.35 -2365.06 321.877 1084.49 1820.52 2761.68 1309.74 3452.55 -639.397 1613.39 -2230.15 200.342 17.485 118.366 1849.19 418.887 1536.84 227.859 -102.7 79.702 -205.853 -13.5957 -150.945 625.561 60.2084 -5.12244 -1298.87 -202.356 -265.809
610.096 -922.976 1039.58 -1868.04 -205.956 -206.676 1092.73 2165.57 4130.41 1627.9 4313.77 -2044.82 1251.82 -2178.47 -607.813 -1157.65 1319.01 759.798 1714.33 876.255 2125.81 199.762 638.08 401.489 932.45 208.846 272.288 -196.247 -88.4376 -814.314 -593.907 138.914
845.402 -773.557 1287.75 -2579.48 -790.711 230.204 548.689 3061.15 4226 2465.7 4893 -97.7403 2132.31 -1893.02 35.6519 -420.913 636.004 1478.06 1898.55 1361.19 1665.62 439.048 1014.28 -289.455 -367.718 -200.135 -287.851 739.398 388.016 -1272.39 -903.232 -473.607
1399.57 -17.4224 3272.64 -1440.88 -824.83 -1376.47 -1094.65 3093.77 1804.47 4289.39 3869.53 3064.79 3213.23 413.947 1520.9 -1227.74 -1467.43 1639.98 -706.002 2218.86 -278.2 1738.31 204.444 1285.99 -1051.26 887.712 -358.528 -392.353 349.995 935.742 610.517 -646.747
826.456 -277.887 2700.14 -1183.47 880.621 -1954.6 -1093.75 1999.69 1314.22 3843.78 4597.58 3175.09 3949.29 791.069 384.834 99.128 -26.0434 498.306 -1030.89 2374.49 874.792 1419.33 1929.78 -224.922 372.818 281.903 -749.026 866.677 -121.23 320.177 206.571 -333.359
1312.81 -636.264 2623.35 -2586.13 33.6353 -1653.27 -724.902 1800.85 1971.27 4346.09 5591.94 2566.7 5246.69 -868.152 1012.23 -1164.74 -1062.25 103.88 326.514 2706.35 1445.33 2633.7 1910.26 474.361 352.935 411.179 83.9639 -419.133 829.139 551.673 121.141 -1276.58
2593.57 278.17 3105.64 1022.37 2118.94 -1152.84 -1963.84 1410.33 -936.411 5500.63 1703 6654.38 3619.88 3191.2 2490.31 408.878 -1133.07 113.569 -2916.96 919.754 -1945.94 2566.32 -378.755 1059.26 437.749 -230.235 97.6207 -25.8479 -277.627 -345.933 632.834 68.4164
1530.89 -929.052 3182.96 -1459.44 165.436 -1282.92 -35.9931 1583.03 2089.08 3517.47 4575.94 2620.41 4327.45 -140.794 1983.3 -2420.65 -1015.09 609.727 -631.974 2275.88 1794.71 1463.05 1382.52 1203.65 1047.65 1129.7 -144.028 218.936 710.524 124.444 -504.116 -1044.78
1512.5 -984.809 2228.58 -1129.86 -485.012 -1404.94 298.877 1219.37 1448.54 3218.49 5310.04 1020.51 4961.13 -1482.14 1484.96 -1510.52 -487.234 -57.9453 -36.1857 1666.64 881.956 1462.24 1447.66 286.271 -748.194 -229.906 527.433 32.1061 87.4639 -4.67096 -414.769 -706.758
576.891 457.183 2311.4 -1674.45 347.212 -2038.84 890.985 1335.92 2339.26 2395.64 4300.2 1075.34 2374.52 -2546.94 -14.2781 -2279.67 -610.1 430.766 -115.909 1394.39 1788.11 1133.61 1057.09 92.9388 -56.9807 -659.043 -228.24 455.058 -872.455 -671.477 -1001.34 -468.984
455.763 -318.773 1866.14 -246.794 -338.129 -725.38 -788.654 664.702 1860.04 1725.37 3176.68 951.593 3013.94 -2076.79 822.96 -1423.26 -902.913 -237.232 -389.921 826.198 1227.02 570.977 1286.28 382.137 553.441 -230.449 -431.443 1197.13 220.968 -270.799 -419.929 1041.47
391.256 -771.914 421.522 -791.216 -616.727 -818.439 432.089 -321.599 1863.51 303.546 3173.55 -1706.73 -242.007 -1879.91 -1457.62 -1461.63 -671.9 -257.377 977.951 42.9514 766.323 -1059.62 -150.224 -764.792 485.257 -18.4745 235.087 -306.692 543.164 -573.456 -344.539 1271.77
459.608 171.512 1353.24 -1363.59 -618.632 -529.609 -361.215 -683.089 528.448 157.134 1788.72 -352.263 536.457 -2365.89 -514.414 -1426.37 94.4859 -424.279 585.673 162.539 650.105 279.418 815.749 -613.472 464.075 6.93967 -945.525 501.777 -175.581 -1082.3 -859.736 262.534
