6520.76 3829.48 1942.26 2862.34 1570.43 5621.26 4575.35 14116.2 15409.5 10916.3 15350.7 17875.2 8707.67 7483.53 8045.88 2446.79
4977.33 2258.98 4707.46 6699.28 2326.19 3138.79 5601.97 14167.3 14398.2 6894.99 21999 28343.6 10058.3 6915.8 8247.83 2243.24
5617.69 2599.63 6147.83 5214.51 3748.52 1388.64 4916.1 21347.2 19708.9 8618.63 23501.7 28480.5 8573.36 2918.2 3947.51 1564.42
3331.42 2139.63 3297.59 3768.66 6001.78 6089.83 1225.26 21012.4 23132.8 9770.86 16056.9 21851.4 8189.63 2548.26 7886.99 2020.12
5030.96 298.161 5234.69 5287.47 5070.99 5155.04 6778.03 12931.8 16435 6527.29 9262.05 12974.4 5097.12 5749.63 6027.22 4736.53
7518.47 3454.53 887.241 2623.71 4114.21 1711.75 6020.93 7292.6 3609.57 4544.75 5855.14 18490.8 12266.4 7903.15 3449.95 4551.58
4267.75 3511.68 2271.35 3374.54 3209.53 2193.16 5955.84 23094 23884.3 16591.1 27710 47971.3 28738.6 8911.44 5732.22 4740.85
2516.5 2246.57 1862.15 7772.78 3163.91 8051.68 13603.8 63013.6 70613.1 36507.4 70870.5 113504 63948.8 14132 5877.87 4184.89
5421.78 5113.15 2604.17 7317.21 4263.86 10346.1 17492.5 89066.4 111965 64398.5 97193.8 138924 73221.3 16327.4 6478.9 7303.46
2432.18 3728.17 2192.46 3256.89 5258.74 6274.45 12484.1 57254.4 72611.3 42199.3 57164.9 72142.8 29277.8 5653.16 3093.66 5054.18
2800.34 6680.4 1352.65 7944.3 3105.84 4427.57 5478.58 21343.9 27334.2 17540.2 26636.5 32439.5 15577 2213.14 2268.88 498.186
1455.11 4616.31 4879.14 6858.27 1437.16 1078.75 2785.49 8388.66 10338.2 8301.67 8495.07 7213.8 1407.54 1943.12 7204.18 5139.15
2548.36 8231.28 9263.17 9434.18 3635.73 3395.23 3148.95 16007.8 14731.9 4003.39 12636.8 16707.5 8707.55 5006.99 7416.85 5633.98
1149.25 8462.63 8793.77 11455.1 8104.72 1808.52 4483.49 21152.8 25344.1 7119.74 15046.5 23204.7 10374.1 583.929 3530.4 4973.55
5518.42 4991.51 5308.18 6592.52 5494.25 4520.37 8060.29 16977.5 19859 4392.67 5833.69 15515.6 5267.44 5488.38 2765.12 5630.2
5962.4 1250.37 900.312 346.626 1774.94 2362.39 4599.67 15289.2 13782.4 6216.07 9009.68 14430 6397.22 7130.87 3992.16 5024.85
