276.109 278.805 -586.991 -5.76863 -338.768 -295.462 -26.3368 -47.8919 -183.558 1039.86 -282.173 -608.135 -28.8047 488.712 -427.046 777.452 -11.4749 -454.999 127.891 393.347 -1164.19 713.101 109.585 -686.143 328.921 -357.573 -506.651 -237.34 -735.721 -1212.59 241.618 -799.884
-431.22 177.491 209.957 -53.1005 -4.95831 -321.316 46.4387 217.065 -342.981 -247.101 1012.24 1056.75 211.54 480.061 472.154 679.223 179.423 200.062 660.615 62.4339 -703.787 785.799 361.589 311.629 -255.26 132.314 -795.58 -56.5456 467.878 -60.9576 -476.935 459.966
14.3279 454.494 -438.212 278.579 570.712 -614.947 163.311 -169.471 -160.815 237.861 1418.44 1081.78 -202.892 59.6987 -813.833 76.4755 688.094 1392.47 193.229 143.855 -225.31 -44.6963 319.54 133.503 -687.015 229.167 493.714 -123.48 5.14238 320.26 -752.964 -394.494
1158.67 262.242 -1029.08 151.787 -1064.92 -353.863 61.313 -529.232 -462.578 301.417 515.461 307.08 164.16 -559.584 515.309 717.117 515.714 688.764 -188.333 -463.28 -2061.21 -264.456 -50.4833 -105.819 172.857 -621.898 125.422 9.3996 28.457 -654.024 -621.66 -453.628
447.918 -622.394 410.767 -321.763 459.508 -131.645 496.335 6.19263 66.6254 455.322 192.887 543.003 -280.991 982.8 482.716 -648.741 -175.999 -325.753 -514.757 -554.502 -775.034 -421.091 157.84 -231.977 -157.036 -264.144 -463.074 -263.107 -172.506 -658.914 -678.19 93.058
623.876 -199.619 -127.677 -586.671 45.75 -266.811 450.61 -797.381 237.277 51.3542 885.997 315.451 -1603.65 230.276 -193.435 -1325.84 366.407 -2171.07 684.034 -212.502 809.134 -163.516 511.922 327.565 -599.489 68.8259 351.72 -284.005 546.431 -1002.41 -135.453 4.75037
-279.376 -1068.4 13.9324 -1001.84 618.005 219.796 275.163 -290.118 -358.921 212.961 -1325.52 -573.169 -2319.2 -346.905 571.591 -583.451 1400.33 -2435.28 948.211 -1905.17 2519.64 195.192 1511.72 625.54 -117.186 -372.197 -195.984 -314.198 -41.1738 -485.346 44.1081 368.158
-441.536 -331.887 -849.31 -649.853 170.834 -394.852 1011.45 -1149.13 519.469 -734.423 -443.49 181.454 -2721.74 -304.083 385.018 396.949 589.385 -2607.1 -73.6097 -1713.44 1824.57 40.7536 1719.34 -1144.33 -63.7976 -384.724 55.3117 -293.708 220.183 1012.72 -19.228 -339.237
-269.197 962.492 -703.317 -824.716 -549.578 -256.496 851.408 -662.193 20.9598 165.898 -1981.71 182.69 -2369.11 201.331 -276.664 75.5165 -336.077 -4491.03 -2533.17 -1895.37 868.746 -374.621 611.615 -1359.01 704.551 249.856 487.384 -43.1136 -817.317 301.03 -149.504 -869.443
178.719 -635.506 -641.341 -446.934 -1.33835 4.1983 718.163 -1025.25 53.7595 60.635 -520.861 171.734 -2619.63 -1067.06 -819.376 48.5049 1867.64 -3211.11 31.1809 -2507.9 916.626 249.81 1200.2 -775.158 139.994 423.096 -638.262 -376.676 339.976 -726.337 -377.677 142.023
1376.39 33.8293 -65.6127 -197.514 623.743 291.947 565.87 -162.904 346.184 -394.527 5.85187 -728.964 -2032.15 -78.8707 -320.165 -1035.59 647.919 -2169.31 919.728 -2605.08 -565.355 765.241 1021.65 664.389 617.477 586.862 -10.2529 -239.874 -296.911 -1567.54 -287.35 1275.4
528.235 -440.432 -450.297 -250.104 512.484 19.3602 661.157 279.764 -279.381 -147.617 -293.693 -617.641 -1218.87 -988.896 -331.092 -8.68155 100.82 -1861.51 -237.52 -2608.98 906.991 943.072 1774.29 755.456 568.056 76.1804 -305.674 312.866 -830.835 777.264 -233.356 1020.07
-412.65 -74.8423 -161.464 335.77 163.87 -298.116 -304.611 -98.1745 -413.029 -494.978 -369.926 -482.889 61.8102 -685.496 -180.612 482.277 268.898 61.7069 605.735 -880.411 511.01 -269.347 278.505 -487.121 538.067 -313.839 68.6241 -20.7531 -455.451 45.7348 -922.09 62.0522
282.816 800.715 658.9 260.362 783.393 448.636 -406.398 572.175 34.5594 -813.255 646.445 42.609 402.205 -292.935 44.5402 15.8699 514.003 773.104 -766.144 256.232 -736.702 -453.343 -133.12 -236.976 -864.425 538.523 1210.68 -321.038 284.405 -132.365 56.4542 -623.764
-163.186 -542.17 404.803 -521.948 159.226 -362.875 458.357 621.932 -511.733 -721.714 -542.84 1136.51 627.242 932.791 1240.51 94.5699 -241.401 70.4967 216.729 590.11 -242.299 29.3977 -910.345 -410.95 502.171 -109.946 663.321 -500.125 347.188 -583.733 410.988 -294.797
1.26389 -832.186 480.416 -395.651 1117.22 199.942 590.399 825.99 472.592 91.5337 97.7453 -239.907 -801.871 183.913 487.329 -120.7 -804.966 -353.59 -794.242 153.147 785.384 -174.849 -551.252 -89.6433 -437.695 -445.349 -643.881 -73.9799 250.931 410.189 923.195 212.185
