2876.39 3344.53 554.961 2901.07 1529.48 2316.83 645.002 3813.95 4059.56 1189.48 3369.23 5850.05 3064.4 6368.69 7251.82 3889.09
2690.36 3847.29 2198.15 1214.62 4221.8 3691.11 4062.11 6158.06 4913.67 4126.64 5417.68 5261.95 4764.34 7234.12 6219.09 2649.27
5253.07 4108.83 1945.51 3495.34 3692.53 696.374 7272.38 9175.85 6840.15 6818.09 8674.78 6931.31 6619.69 7604.75 6357.56 5146.45
5992.76 4655.17 1780.31 1663.27 846.548 4972.41 11027.9 11008.2 7975.11 5659.72 6137.35 5445.98 5469.83 7429.85 8155.55 6867.35
5392.76 5358.09 6398.53 6535.69 1792.73 7383.64 10362.1 9785.72 8633.98 5512.68 4387.36 3946.44 2236.11 3173.56 4800.37 5766.32
6224.23 3762.63 5057.36 5328.67 1496.87 5781.99 10354.4 10165.1 8733.25 6312.64 4292.56 4728.85 6078.95 6263.58 7759.08 9065.14
6954.96 586.569 5499.06 4878.73 2109.12 5991.92 13355.6 14451.1 8207.37 4870.25 3642.25 7280.54 19977.3 23068.3 20739.6 14870.4
3861.78 3670.63 5976.92 5147.76 2781.07 20081.4 36724.7 39018.7 25725.7 5292.48 3405.4 15690.1 30140.2 31650.2 27145.9 16826.7
3803.9 6385.63 3618.3 2206.49 6939.28 28026.8 44956 46084.3 34320.5 13042.6 6706.76 20034.4 31169.2 31930.2 26238.6 11859.4
1882.69 4225.22 4066.67 2910.3 8496.31 25942.9 37828.4 37130.6 28592.3 13222.2 6109.12 13594.4 20423.8 21692.1 17369.8 6708.89
3016.53 4565.89 4433.95 3534.05 2936.71 8797.59 15689.7 17562.8 14464.3 8043.75 7746.86 7056.15 4358.97 6980.08 7654.99 6767.29
4558.66 3682.43 2882.71 6744.2 10236.3 10137.4 11233.8 12665.8 7798.39 5367.17 9937.02 4873.85 4328.32 6580.08 5607.28 7632.65
4544.97 2852.58 2291.73 5000.31 8024.82 10389.2 12026.1 11082.2 7143.42 2452.63 3099.73 3822.35 10046.1 8130.59 4498.07 5688.59
4500.5 3771.27 1838.59 1806.13 669.3 2399.44 4181.57 3492.32 4267.78 5714.56 5929.09 8031 9129.38 6150.71 2203.89 4311.33
3043.22 2688.53 2785.59 5061.09 4463.21 1797.02 2111.21 723.243 4057.49 7002.22 6247.97 4656.31 2099.12 1349.95 522.604 2461.54
3451.47 2940.56 1333.23 4978.48 4331.59 1229.16 2639.64 1288.1 4999.72 3995.22 4909.78 6498.01 4101.54 1800.82 4203.42 4597.33
