-5555.56,0.332417,9.51919
-5550.13,19.4676,14.993
-5544.7,26.7778,0.395586
-5539.28,24.2907,-7.55541
-5533.85,6.63571,21.4857
-5528.43,2.25149,30.0323
-5523,16.698,11.6224
-5517.58,-21.1378,12.3727
-5512.15,-46.6767,41.2293
-5506.73,6.54153,31.7365
-5501.3,44.4481,-7.25415
-5495.88,21.6196,-7.01743
-5490.45,7.52415,-24.8453
-5485.03,21.0044,-23.7543
-5479.6,10.5884,53.1411
-5474.17,-45.2143,48.5724
-5468.75,-63.8214,14.816
-5463.32,-22.3058,38.8197
-5457.9,-11.0593,6.74277
-5452.47,-18.3684,-5.24738
-5447.05,-26.8258,32.1375
-5441.62,-47.5713,27.7809
-5436.2,-62.4949,9.34662
-5430.77,-46.6387,2.86772
-5425.35,4.81337,-16.7726
-5419.92,4.33372,-67.3489
-5414.5,-32.0035,-99.7467
-5409.07,-26.6483,-75.6802
-5403.65,-7.70551,-50.0245
-5398.22,5.19643,-39.3816
-5392.79,5.35714,-35.7534
-5387.37,25.7159,-37.0281
-5381.94,79.1195,16.2888
-5376.52,87.6007,74.5942
-5371.09,21.262,68.9522
-5365.67,-24.9638,41.5997
-5360.24,0.484062,23.1414
-5354.82,6.01877,35.3659
-5349.39,-11.5093,34.9696
-5343.97,-16.8559,11.3179
-5338.54,-36.2625,-2.74296
-5333.12,-2.69264,-9.33352
-5327.69,40.4065,20.5724
-5322.27,19.9166,49.1829
-5316.84,12.5774,34.4729
-5311.41,14.1438,1.2774
-5305.99,3.11573,-23.4035
-5300.56,28.7803,-10.9616
-5295.14,56.633,5.2537
-5289.71,17.04,6.48535
-5284.29,-28.8068,8.35073
-5278.86,-26.1036,5.88509
-5273.44,-10.5193,13.696
-5268.01,17.7228,23.87
-5262.59,24.6611,22.2598
-5257.16,13.1021,21.5305
-5251.74,32.5196,6.07834
-5246.31,51.5256,-27.4352
-5240.88,48.8017,-40.0676
-5235.46,9.03822,-42.5831
-5230.03,-17.4915,-37.5275
-5224.61,-1.1901,-11.3781
-5219.18,-17.0703,0.272583
-5213.76,-23.3332,-27.623
-5208.33,17.1778,-64.5525
-5202.91,74.574,-65.7178
-5197.48,96.3181,-25.653
-5192.06,24.5166,6.79849
-5186.63,-21.4944,-3.55879
-5181.21,6.16875,0.544275
-5175.78,0.669439,45.5586
-5170.36,-21.575,46.6883
-5164.93,-14.4504,4.99126
-5159.5,-5.35347,-2.28695
-5154.08,35.417,33.4193
-5148.65,87.0012,50.3287
-5143.23,58.8657,20.4352
-5137.8,-5.91845,7.90775
-5132.38,-20.5516,2.21181
-5126.95,-7.2947,3.83151
-5121.53,-4.03718,31.3696
-5116.1,22.3155,49.7686
-5110.68,24.3011,41.644
-5105.25,-28.8224,27.9081
-5099.83,-44.4292,45.575
-5094.4,-10.075,19.0903
-5088.98,52.5607,-32.8224
-5083.55,97.5397,-18.4214
-5078.12,41.9115,-0.175038
-5072.7,-37.8014,-6.41278
-5067.27,-67.6441,-1.26902
-5061.85,-90.68,-0.138044
-5056.42,-99.5763,12.0603
-5051,-84.8943,57.8863
-5045.57,-51.0838,68.7704
-5040.15,-0.838486,20.6751
-5034.72,20.326,-9.99889
-5029.3,9.71904,2.6247
-5023.87,9.89963,11.1441
-5018.45,21.8406,24.5699
-5013.02,29.2434,42.7986
-5007.6,10.0386,30.8844
-5002.17,-34.1635,16.9164
-4996.74,-45.8661,16.7289
-4991.32,-24.6201,38.5675
-4985.89,-25.0957,67.5936
-4980.47,-42.3817,41.658
-4975.04,-36.1309,-5.05263
-4969.62,-8.14846,-12.5582
-4964.19,15.0513,-30.9115
-4958.77,17.61,-60.312
-4953.34,-30.5992,-41.887
-4947.92,-58.5285,-15.1954
-4942.49,1.43463,-12.6162
-4937.07,55.4312,-11.8045
-4931.64,46.1551,-7.29737
-4926.21,-2.69988,7.44607
-4920.79,-33.1892,-6.11875
-4915.36,-10.7578,-39.3465
-4909.94,28.12,-31.4134
-4904.51,31.5808,-0.191227
-4899.09,-2.8985,2.05347
-4893.66,-9.03839,-4.52065
-4888.24,58.4627,10.8551
-4882.81,82.3229,9.52979
-4877.39,26.0293,4.17052
-4871.96,-12.4711,20.1333
-4866.54,-28.1616,14.67
-4861.11,0.659625,-34.9702
-4855.69,26.1318,-65.9604
-4850.26,14.5457,-29.7092
-4844.83,18.7279,29.296
-4839.41,16.6717,34.1805
-4833.98,-15.8883,-8.91432
-4828.56,-56.0272,-9.56317
-4823.13,-45.7246,15.9728
-4817.71,15.0123,24.9744
-4812.28,38.9707,44.6067
-4806.86,11.5777,25.1399
-4801.43,-14.8294,-48.0432
-4796.01,-12.4402,-84.9054
-4790.58,5.61135,-75.3922
-4785.16,-7.49005,-67.74
-4779.73,-22.1055,-60.1026
-4774.31,15.4482,-63.4156
-4768.88,30.7843,-58.3999
-4763.45,-19.7766,-31.1317
-4758.03,-46.4179,-16.5377
-4752.6,-29.1545,12.0556
-4747.18,-21.4771,51.7089
-4741.75,-8.40936,37.862
-4736.33,-7.80198,2.045
-4730.9,-6.84509,-20.9901
-4725.48,54.6386,-32.788
-4720.05,94.7284,1.47865
-4714.63,58.0842,16.4071
-4709.2,26.5218,-19.9839
-4703.78,41.7745,-51.9435
-4698.35,43.4895,-57.1114
-4692.92,13.8593,-14.9723
-4687.5,9.4164,40.6217
-4682.07,15.6819,52.423
-4676.65,-1.83674,42.6754
-4671.22,-1.09718,54.8665
-4665.8,21.7628,34.5287
-4660.37,-8.34126,-7.91162
-4654.95,-69.2841,2.89398
-4649.52,-55.8038,-6.07654
-4644.1,-8.91619,-51.0884
-4638.67,-17.3258,-37.7886
-4633.25,-31.7885,-0.080266
-4627.82,-28.5556,-7.2834
-4622.4,-24.6698,-6.88111
-4616.97,-28.4928,7.66896
-4611.54,-37.371,-5.55541
-4606.12,-3.59901,-12.8993
-4600.69,39.1608,-13.5302
-4595.27,35.6814,-29.3569
-4589.84,-9.90124,-6.96649
-4584.42,-40.6485,34.6745
-4578.99,-44.0802,-1.65116
-4573.57,-46.8184,-47.6314
-4568.14,-6.75655,-38.4891
-4562.72,23.3899,-14.864
-4557.29,22.9915,-17.5323
-4551.87,44.2372,-52.8588
-4546.44,21.819,-23.1037
-4541.02,-7.20419,36.0541
-4535.59,6.00884,64.7601
-4530.16,7.01664,81.7476
-4524.74,22.7788,62.3396
-4519.31,45.1563,36.5093
-4513.89,28.9996,19.1788
-4508.46,21.9173,19.3464
-4503.04,17.0757,49.4751
-4497.61,-11.0519,68.7935
-4492.19,-6.1211,40.2904
-4486.76,5.81469,-10.4515
-4481.34,13.0869,-29.1661
-4475.91,35.4549,-7.69397
-4470.49,29.2366,2.67215
-4465.06,12.5379,14.9727
-4459.63,26.1689,13.4039
-4454.21,51.3827,-27.7351
-4448.78,46.7981,-19.6315
-4443.36,16.5089,24.0626
-4437.93,-1.97851,41.0942
-4432.51,-13.6145,69.4189
-4427.08,-29.9681,97.6608
-4421.66,-22.4677,89.5429
-4416.23,32.2862,48.6146
-4410.81,47.7662,1.72284
-4405.38,5.55814,15.0522
-4399.96,-4.42474,21.4954
-4394.53,-7.55979,-17.3804
-4389.11,-30.4724,-21.0976
-4383.68,-18.8876,-0.563933
-4378.25,24.1826,6.70353
-4372.83,38.18,29.2005
-4367.4,39.9397,50.6724
-4361.98,7.66532,4.38579
-4356.55,-62.4966,-37.9104
-4351.13,-73.8655,-13.359
-4345.7,-44.2933,10.7343
-4340.28,-33.4116,20.2897
-4334.85,-12.8213,34.4061
-4329.43,-4.43322,19.4795
-4324,-30.1921,13.244
-4318.58,-26.6558,35.4555
-4313.15,2.56219,0.892883
-4307.73,32.0585,-34.0235
-4302.3,57.8303,-17.9401
-4296.87,61.0023,-22.8422
-4291.45,37.3242,-15.0637
-4286.02,-2.61253,12.865
-4280.6,-17.8053,24.8994
-4275.17,-7.63633,28.9114
-4269.75,-2.34652,21.0865
-4264.32,32.771,38.8273
-4258.9,58.6441,75.5853
-4253.47,20.3135,57.2348
-4248.05,-16.2094,15.8791
-4242.62,-16.4397,5.96709
-4237.2,-2.91385,3.46354
-4231.77,4.85514,19.7892
-4226.35,-8.07693,32.3445
-4220.92,-19.7205,28.0978
-4215.49,-21.7259,4.31095
-4210.07,-29.3689,-31.6678
-4204.64,-11.4046,4.50737
-4199.22,25.6543,44.1032
-4193.79,22.1179,-5.26944
-4188.37,3.33514,-43.0407
-4182.94,23.7995,-12.9286
-4177.52,42.3568,21.658
-4172.09,32.8873,7.86057
-4166.67,-6.90538,-2.46425
-4161.24,-54.3809,40.7968
-4155.82,-55.3274,48.1726
-4150.39,-19.6845,20.578
-4144.96,-0.364135,1.27727
-4139.54,-54.7078,-13.2299
-4134.11,-102.758,16.9914
-4128.69,-61.199,42.1909
-4123.26,-13.7681,8.9733
-4117.84,1.49909,-27.8692
-4112.41,4.56456,3.59639
-4106.99,-16.6727,72.7396
-4101.56,-28.6341,79.9541
-4096.14,-9.42496,24.8908
-4090.71,-6.74917,-18.7562
-4085.29,-15.3541,-32.685
-4079.86,-0.827381,-37.0784
-4074.44,0.361334,-27.5592
-4069.01,-5.96763,-14.0942
-4063.58,1.94294,-4.66097
-4058.16,0.544675,-9.65224
-4052.73,11.5858,-17.3139
-4047.31,25.6433,-1.07756
-4041.88,6.6195,24.0506
-4036.46,-6.2876,59.6568
-4031.03,29.6246,59.6193
-4025.61,62.0544,18.2232
-4020.18,70.1144,14.8524
-4014.76,59.8195,34.037
-4009.33,27.9434,11.8221
-4003.91,7.18468,-55.4827
-3998.48,-21.2316,-83.0687
-3993.06,-56.4042,-43.3562
-3987.63,-56.5094,-29.4347
-3982.2,-35.5515,-29.4748
-3976.78,-50.2379,-11.9482
-3971.35,-59.8543,-37.517
-3965.93,-8.79649,-65.4448
-3960.5,12.3075,-28.3831
-3955.08,-7.31369,-5.05363
-3949.65,16.0916,5.06315
-3944.23,59.4782,42.3589
-3938.8,43.7817,26.5416
-3933.38,-20.7917,10.8351
-3927.95,-35.1197,26.4958
-3922.53,7.68872,-2.53413
-3917.1,20.0709,8.53337
-3911.68,-6.03996,40.5223
-3906.25,-1.15795,28.1582
-3900.82,19.2242,50.1706
-3895.4,-9.8612,37.5653
-3889.97,-62.5252,-9.8688
-3884.55,-82.7494,-10.595
-3879.12,-37.577,-36.5044
-3873.7,18.9373,-55.7161
-3868.27,5.92777,-24.1789
-3862.85,-4.2336,-32.348
-3857.42,10.6591,-35.5834
-3852,14.4822,-8.78892
-3846.57,22.5005,22.0004
-3841.15,30.6596,64.5105
-3835.72,33.1896,24.2469
-3830.29,7.49353,-31.9931
-3824.87,-28.7879,-8.11986
-3819.44,-59.0939,17.403
-3814.02,-63.7575,18.5735
-3808.59,-35.9827,-18.4145
-3803.17,-14.6093,-66.361
-3797.74,-7.35881,-28.0285
-3792.32,5.36138,24.1808
-3786.89,1.57605,24.6605
-3781.47,-42.6519,29.2077
-3776.04,-44.4364,11.4108
-3770.62,-29.4581,-10.5245
-3765.19,-58.9052,1.11025
-3759.77,-38.0544,10.1501
-3754.34,23.2759,-4.26411
-3748.91,19.4826,-23.8263
-3743.49,-55.5671,8.52896
-3738.06,-99.1909,72.055
-3732.64,-56.0323,98.6025
-3727.21,-34.1832,79.7246
-3721.79,-34.1974,14.2248
-3716.36,19.1197,-46.1111
-3710.94,53.4794,-38.7582
-3705.51,42.5688,-26.0164
-3700.09,16.2461,-23.6884
-3694.66,26.7269,-12.8409
-3689.24,62.806,-32.4294
-3683.81,41.6407,-29.6503
-3678.39,23.9095,-14.9173
-3672.96,31.3611,-10.4894
-3667.53,2.30779,18.2854
-3662.11,20.0323,27.5818
-3656.68,84.5454,21.8619
-3651.26,82.7976,33.4169
-3645.83,18.912,33.5949
-3640.41,-46.815,26.3153
-3634.98,-56.3366,6.19401
-3629.56,-4.11124,-25.3846
-3624.13,45.6038,6.39165
-3618.71,44.3869,61.0049
-3613.28,17.185,43.828
-3607.86,-8.88733,-19.2523
-3602.43,-43.1275,-51.1065
-3597,-78.4032,-54.527
-3591.58,-47.2634,-55.1315
-3586.15,11.231,-17.0649
-3580.73,18.8672,29.618
-3575.3,17.5643,-0.192769
-3569.88,3.65243,-57.9674
-3564.45,-22.7272,-46.0977
-3559.03,-37.0835,-5.36036
-3553.6,-14.5199,16.3793
-3548.18,18.8452,33.3471
-3542.75,20.23,38.2475
-3537.33,7.99136,5.69202
-3531.9,-23.6024,-32.3812
-3526.48,-40.7397,-35.0308
-3521.05,-43.0536,-40.3663
-3515.62,-39.0029,-43.4969
-3510.2,-3.94645,-21.8486
-3504.77,21.5371,-1.94771
-3499.35,19.8452,30.0024
-3493.92,18.4152,69.4141
-3488.5,9.41366,56.9438
-3483.07,-19.0091,8.92031
-3477.65,-14.9182,-33.3602
-3472.22,43.397,-53.7478
-3466.8,54.4218,-23.7039
-3461.37,-48.1719,35.5879
-3455.95,-101.747,41.1944
-3450.52,-14.685,-19.4233
-3445.1,69.3573,-58.4411
-3439.67,56.9337,-39.8267
-3434.24,19.8322,34.585
-3428.82,20.1004,33.0511
-3423.39,-1.74764,-93.5088
-3417.97,-36.2102,-113.905
-3412.54,-41.2725,-33.5342
-3407.12,-20.5679,-19.3303
-3401.69,10.7552,-26.7051
-3396.27,17.4325,8.92789
-3390.84,14.502,29.1429
-3385.42,39.6136,10.9395
-3379.99,76.7203,2.33458
-3374.57,69.0448,13.7206
-3369.14,29.9527,-2.41689
-3363.71,-5.03848,-95.3673
-3358.29,9.76178,-136.745
-3352.86,71.1715,-65.8205
-3347.44,63.1116,-41.3473
-3342.01,31.1759,-63.2932
-3336.59,31.443,-27.1388
-3331.16,31.3474,-2.33899
-3325.74,44.2259,-47.4785
-3320.31,-0.392623,-25.7392
-3314.89,-67.0241,51.05
-3309.46,-43.9757,35.3977
-3304.04,7.13188,-16.1028
-3298.61,25.2422,-33.859
-3293.19,19.055,-22.4287
-3287.76,22.8145,-16.1805
-3282.33,0.141939,-15.6662
-3276.91,-41.0412,6.87334
-3271.48,-14.2854,-13.0678
-3266.06,23.8499,-63.6273
-3260.63,44.45,-38.5933
-3255.21,48.0498,13.5669
-3249.78,1.95562,-3.75762
-3244.36,-40.4002,-8.43414
-3238.93,7.49942,36.7405
-3233.51,43.7493,29.2976
-3228.08,-3.46243,-18.3013
-3222.66,-4.9678,-11.3757
-3217.23,64.1451,-6.59431
-3211.81,96.8209,-50.1723
-3206.38,70.3141,-37.2253
-3200.95,53.153,59.272
-3195.53,20.6558,93.5005
-3190.1,4.47004,6.79492
-3184.68,4.97312,-59.4162
-3179.25,30.3888,-49.2897
-3173.83,75.8485,22.6888
-3168.4,36.0508,77.752
-3162.98,81.9279,40.103
-3157.55,167.921,66.21
-3152.13,87.83,133.017
-3146.7,40.5473,97.2323
-3141.28,132.716,8.84729
-3135.85,158.636,-54.8251
-3130.43,58.8311,-74.7751
-3125,-12.697,-67.7648
-3119.57,-2.95916,-51.6663
-3114.15,46.999,-59.2805
-3108.72,69.2782,-84.8019
-3103.3,37.2249,-48.19
-3097.87,22.3908,54.0643
-3092.45,4.41272,77.5648
-3087.02,-1.8237,6.73432
-3081.6,48.5287,-54.036
-3076.17,53.2176,-37.7719
-3070.75,18.1832,10.3735
-3065.32,-28.2747,15.5615
-3059.9,-83.9719,-1.73713
-3054.47,-71.7744,-13.7063
-3049.04,-11.7724,-6.35862
-3043.62,46.6591,16.3715
-3038.19,58.3111,52.1239
-3032.77,9.16175,70.7492
-3027.34,11.8357,45.1193
-3021.92,45.2347,2.03295
-3016.49,22.217,-33.5463
-3011.07,-11.8403,-14.1439
-3005.64,10.8158,57.3825
-3000.22,75.7418,59.0983
-2994.79,82.1312,24.0122
-2989.37,34.8642,53.9364
-2983.94,6.51238,68.279
-2978.52,13.6438,-4.13286
-2973.09,15.9857,-75.8786
-2967.66,2.13396,-41.8223
-2962.24,-12.4826,101.404
-2956.81,-45.2388,202.152
-2951.39,-45.4427,139.826
-2945.96,-14.7926,76.9083
-2940.54,-35.628,84.7255
-2935.11,-62.8576,80.1269
-2929.69,-20.5653,75.8379
-2924.26,44.342,71.0323
-2918.84,38.8713,16.282
-2913.41,-10.2558,-21.7306
-2907.99,-1.04509,-2.64125
-2902.56,0.735673,-15.3466
-2897.14,-13.8881,-30.8081
-2891.71,-18.8186,-21.4056
-2886.28,-62.8974,1.02848
-2880.86,-42.1571,29.4727
-2875.43,24.6675,34.8317
-2870.01,52.4272,9.38376
-2864.58,39.3504,-37.0245
-2859.16,-11.1282,-97.2334
-2853.73,-17.0447,-96.0648
-2848.31,27.4072,-58.575
-2842.88,43.8338,-39.3
-2837.46,36.9618,12.8466
-2832.03,35.113,29.9746
-2826.61,20.4857,8.38309
-2821.18,-2.80298,-15.2444
-2815.75,-8.74101,-27.0642
-2810.33,-43.5133,-0.877562
-2804.9,-82.2848,45.2303
-2799.48,-5.56968,68.5086
-2794.05,57.9329,43.4875
-2788.63,9.45529,37.3838
-2783.2,-28.9227,87.9222
-2777.78,-46.3064,71.0257
-2772.35,-45.8458,-27.2658
-2766.93,-10.1215,-65.909
-2761.5,-5.24488,24.9943
-2756.08,-5.8731,113.99
-2750.65,75.7934,39.2982
-2745.23,149.464,19.0532
-2739.8,91.4188,125.737
-2734.37,-23.0696,99.4826
-2728.95,-49.301,20.0673
-2723.52,-9.56286,11.0499
-2718.1,3.34876,-12.5803
-2712.67,5.48607,-14.4572
-2707.25,13.2986,-1.31432
-2701.82,25.2758,44.157
-2696.4,18.6963,94.8686
-2690.97,-69.2217,45.2069
-2685.55,-141.716,-10.101
-2680.12,-101.222,13.606
-2674.7,-20.5415,33.2354
-2669.27,11.0175,7.9728
-2663.85,88.6423,-63.9408
-2658.42,300.156,-180.056
-2652.99,284.509,-155.26
-2647.57,44.5122,-38.8026
-2642.14,12.514,3.61925
-2636.72,108.02,20.21
-2631.29,105.04,24.0689
-2625.87,60.5732,59.3824
-2620.44,92.0727,82.9808
-2615.02,125.304,22.6334
-2609.59,98.1412,-10.3892
-2604.17,58.8958,13.4062
-2598.74,-5.3995,3.87465
-2593.32,-7.74286,-32.5993
-2587.89,31.4368,-37.8961
-2582.47,-47.8688,-50.9314
-2577.04,-105.656,-75.5453
-2571.61,-11.0178,-43.3391
-2566.19,27.674,58.0149
-2560.76,2.65166,81.4453
-2555.34,56.0958,-32.2911
-2549.91,25.0539,-78.1053
-2544.49,-65.57,-59.1649
-2539.06,-37.7787,-43.854
-2533.64,7.45141,-8.46953
-2528.21,26.1227,-67.9743
-2522.79,87.3958,-166.681
-2517.36,119.439,-101.261
-2511.94,113.018,15.6331
-2506.51,104.035,95.9671
-2501.08,20.4358,185.314
-2495.66,-71.7862,188.635
-2490.23,-76.2985,86.1684
-2484.81,-65.806,-34.1206
-2479.38,-76.4087,-79.0315
-2473.96,-3.49392,-84.1877
-2468.53,50.4295,-102.978
-2463.11,19.9399,-34.5962
-2457.68,132.436,66.1535
-2452.26,178.477,56.1613
-2446.83,31.1509,0.252511
-2441.41,-12.4517,-99.9474
-2435.98,3.0949,-151.746
-2430.56,-65.4609,-111.502
-2425.13,-133.444,-71.8693
-2419.7,-58.4878,29.4664
-2414.28,68.5838,120.988
-2408.85,61.9609,88.4882
-2403.43,-30.5472,-3.47039
-2398,-8.81549,-27.6817
-2392.58,118.544,-14.1191
-2387.15,136.874,-64.7237
-2381.73,60.8459,-134.004
-2376.3,64.6333,-133.743
-2370.88,117.276,-73.9737
-2365.45,86.9477,8.16992
-2360.03,49.2104,-14.5574
-2354.6,13.329,-177.262
-2349.18,-47.0011,-222.913
-2343.75,-10.5621,-129.03
-2338.32,26.2709,-48.0922
-2332.9,60.7776,-45.0013
-2327.47,192.645,-61.1387
-2322.05,156.389,-17.6582
-2316.62,-37.3477,-15.5701
-2311.2,-132.625,-59.0304
-2305.77,-149.806,-134.089
-2300.35,-70.5228,-151.939
-2294.92,32.2143,-65.4404
-2289.5,8.1666,2.37094
-2284.07,-57.6233,53.6048
-2278.65,-4.54513,20.2844
-2273.22,87.9131,32.1166
-2267.79,134.326,58.4643
-2262.37,-86.5189,-36.8172
-2256.94,-576.721,46.1854
-2251.52,-442.837,183.994
-2246.09,133.501,158.928
-2240.67,220.189,50.5232
-2235.24,6.01726,25.9921
-2229.82,-0.856346,51.862
-2224.39,113.843,-96.91
-2218.97,16.4764,-215.893
-2213.54,-126.88,-104.723
-2208.12,-147.769,109.168
-2202.69,-70.3836,234.475
-2197.27,14.9599,200.844
-2191.84,37.4075,58.9777
-2186.41,45.0244,-24.0926
-2180.99,-76.104,97.2068
-2175.56,-165.354,241.626
-2170.14,-73.7867,234.769
-2164.71,49.4456,182.374
-2159.29,-30.3047,368.729
-2153.86,-268.574,505.439
-2148.44,-280.609,427.693
-2143.01,-204.986,461.205
-2137.59,-118.327,294.003
-2132.16,168.825,-51.5851
-2126.74,302.442,-285.298
-2121.31,178.661,-284.913
-2115.89,113.474,16.5545
-2110.46,68.1154,209.043
-2105.03,37.6115,-47.9062
-2099.61,404.667,-414.201
-2094.18,631.135,-525.39
-2088.76,255.638,-510.194
-2083.33,76.0201,-339.236
-2077.91,78.5617,-172.199
-2072.48,43.9109,-250.787
-2067.06,271.917,-103.899
-2061.63,135.296,-495.673
-2056.21,-189.062,-1490.49
-2050.78,-231.025,-1058.98
-2045.36,119.339,-184.905
-2039.93,305.136,-80.9981
-2034.51,272.033,200.617
-2029.08,-520.974,589.096
-2023.65,-99.0581,658.176
-2018.23,-4539.15,287.894
-2012.8,-18476.7,508.826
-2007.38,-16998.4,750.827
-2001.95,-3016.35,87.9526
-1996.53,165.308,12.4535
-1991.1,-201.301,160.758
-1985.68,296.613,38.334
-1980.25,108.274,240.477
-1974.83,289.808,331.594
-1969.4,237.007,227.192
-1963.98,-307.653,183.819
-1958.55,-1801.19,100.762
-1953.12,-2442.8,149.872
-1947.7,-1181.3,248.99
-1942.27,-201.21,272.787
-1936.85,53.8548,396.371
-1931.42,32.6842,225.288
-1926,-187.522,-30.2144
-1920.57,-226.48,286.308
-1915.15,-134.2,702.046
-1909.72,-4.26229,570.23
-1904.3,12.8876,106.809
-1898.87,-172.828,-84.5951
-1893.45,-48.8291,103.561
-1888.02,312.994,204.48
-1882.6,165.379,-51.0119
-1877.17,-114.686,-264.876
-1871.74,-181.266,-115.543
-1866.32,-161.686,16.5728
-1860.89,-156.946,152.837
-1855.47,-273.083,429.206
-1850.04,-169.931,284.426
-1844.62,61.0863,35.1002
-1839.19,-15.9806,156.247
-1833.77,-36.9958,234.743
-1828.34,48.1223,134.033
-1822.92,-91.7329,-41.6198
-1817.49,-191.554,-108.469
-1812.07,-55.1393,-45.5367
-1806.64,83.1277,-77.4315
-1801.22,60.8592,-135.634
-1795.79,-72.6012,-216.058
-1790.36,-147.089,-196.649
-1784.94,-90.3373,95.3156
-1779.51,-74.6377,187.151
-1774.09,-117.425,-21.0305
-1768.66,1.1885,-62.9965
-1763.24,200.391,53.8565
-1757.81,222.318,-64.7056
-1752.39,117.693,-154.494
-1746.96,22.4353,54.6687
-1741.54,-22.359,102.04
-1736.11,19.2431,-14.8696
-1730.69,19.1356,-6.09776
-1725.26,-69.2007,37.9507
-1719.83,-76.7384,-13.0305
-1714.41,13.0857,-31.5954
-1708.98,44.0731,25.594
-1703.56,96.9779,90.6135
-1698.13,156.791,146.688
-1692.71,93.7763,70.8176
-1687.28,104.737,-27.6753
-1681.86,137.506,4.71763
-1676.43,63.1845,58.4401
-1671.01,23.2061,42.4182
-1665.58,-0.293173,-1.61781
-1660.16,-19.0754,72.2112
-1654.73,-24.2427,226.175
-1649.31,-91.1797,197.701
-1643.88,-161.871,105.374
-1638.45,-135.321,55.3178
-1633.03,-95.6892,-29.6614
-1627.6,-81.4569,-49.2305
-1622.18,-27.162,-10.5481
-1616.75,-33.54,19.5823
-1611.33,-77.5546,39.7984
-1605.9,-34.1152,50.7711
-1600.48,-25.8918,51.621
-1595.05,-23.6452,46.1482
-1589.63,59.5966,-30.4115
-1584.2,78.002,-86.9612
-1578.78,38.0196,-53.0612
-1573.35,56.5846,-5.69155
-1567.93,136.244,39.6744
-1562.5,162.33,93.64
-1557.07,22.2575,203.548
-1551.65,-41.9939,187.099
-1546.22,52.9146,60.0007
-1540.8,-22.4174,13.2287
-1535.37,-89.4613,-36.6378
-1529.95,2.21584,-34.5365
-1524.52,20.0602,46.2789
-1519.1,10.3286,73.5895
-1513.67,-36.9562,18.9218
-1508.25,-63.88,-56.3391
-1502.82,3.34778,-102.499
-1497.4,28.7716,-67.3819
-1491.97,18.2047,10.5669
-1486.55,5.56905,52.6701
-1481.12,39.812,56.1324
-1475.69,53.097,35.9091
-1470.27,6.78093,43.1179
-1464.84,-36.6046,4.59197
-1459.42,100.852,-103.883
-1453.99,362.353,-30.2107
-1448.57,249.472,208.228
-1443.14,-13.9226,231.61
-1437.72,-67.1488,83.165
-1432.29,-88.0445,3.65534
-1426.87,-67.6526,-24.6299
-1421.44,37.2512,-24.8489
-1416.02,98.2707,-17.7713
-1410.59,58.7197,-6.69424
-1405.16,6.27934,12.7235
-1399.74,13.3297,18.8255
-1394.31,86.1726,-71.7244
-1388.89,106.873,-150.457
-1383.46,13.0344,-60.045
-1378.04,-21.0304,19.4175
-1372.61,2.41816,55.8249
-1367.19,31.3506,113.031
-1361.76,26.8102,135.953
-1356.34,-75.6184,164.874
-1350.91,-41.604,154.613
-1345.49,87.033,65.6862
-1340.06,34.8501,-29.3402
-1334.64,-68.3072,-33.4531
-1329.21,-79.5157,9.80594
-1323.78,-43.97,29.703
-1318.36,2.20355,57.6627
-1312.93,23.1294,14.7942
-1307.51,38.294,-15.8694
-1302.08,32.3915,33.8844
-1296.66,-6.63555,37.1352
-1291.23,-43.0835,-21.1396
-1285.81,-70.7191,-98.7545
-1280.38,-68.5513,-96.6441
-1274.96,-36.3646,8.80058
-1269.53,-29.9276,62.0781
-1264.11,-82.742,25.2054
-1258.68,61.5576,99.3729
-1253.26,285.624,211.821
-1247.83,167.125,164.066
-1242.4,-11.6827,113.229
-1236.98,-15.3636,99.7534
-1231.55,0.389259,60.2698
-1226.13,12.6168,36.4316
-1220.7,39.3794,-3.19771
-1215.28,10.9116,-78.8264
-1209.85,-38.1048,-74.2861
-1204.43,-24.9822,-1.26915
-1199,-26.982,-32.6077
-1193.58,-28.4998,-80.8563
-1188.15,44.1188,-70.3799
-1182.73,68.5644,-47.9916
-1177.3,-0.57175,22.3827
-1171.87,-40.5872,36.2114
-1166.45,-1.27427,27.9787
-1161.02,-17.551,1.69346
-1155.6,-178.072,-163.385
-1150.17,-156.978,-198.219
-1144.75,41.6991,-24.4584
-1139.32,69.1109,77.4356
-1133.9,31.3695,57.8753
-1128.47,49.807,72.7993
-1123.05,67.1535,140.867
-1117.62,54.5084,108.541
-1112.2,-14.2221,-5.073
-1106.77,-98.6932,-84.1668
-1101.35,-79.2084,-110.959
-1095.92,10.3323,-49.3282
-1090.49,40.4255,26.0709
-1085.07,18.5796,27.0704
-1079.64,20.7875,30.9625
-1074.22,44.0218,14.525
-1068.79,-13.4294,-35.5131
-1063.37,-39.4388,-33.0537
-1057.94,555.699,134.546
-1052.52,1147.55,234.381
-1047.09,605.492,40.6592
-1041.67,1.6895,-77.66
-1036.24,28.0258,-75.8719
-1030.82,42.8207,-75.7749
-1025.39,-9.54181,-37.0324
-1019.97,-7.01977,-12.5911
-1014.54,15.395,-8.07428
-1009.11,5.61084,34.4109
-1003.69,5.44403,106.457
-998.264,40.8165,72.2348
-992.838,76.733,26.4186
-987.413,103.906,11.3282
-981.988,60.3992,-29.9968
-976.562,-41.5468,-32.0877
-971.137,-85.437,-1.40603
-965.712,7.14637,71.529
-960.286,-29.7934,83.4322
-954.861,-345.873,-54.4248
-949.436,-370.747,-120.807
-944.01,-77.5409,-66.2914
-938.585,45.0324,-13.6234
-933.16,41.5571,1.60841
-927.734,28.9423,-41.883
-922.309,10.2765,-32.9265
-916.884,-34.4483,65.5091
-911.458,-105.726,129.823
-906.033,-70.0336,144.401
-900.608,18.0945,136.277
-895.182,22.4778,92.7179
-889.757,-22.4833,44.2648
-884.331,-28.918,-3.41051
-878.906,8.36336,-15.2052
-873.481,-10.7367,8.40313
-868.055,-12.2556,-22.6544
-862.63,9.07778,-66.2812
-857.205,353.037,-474.379
-851.779,698.666,-857.381
-846.354,360.105,-394.08
-840.929,33.7718,8.44006
-835.503,-7.02745,-69.9054
-830.078,-27.681,-104.046
-824.653,31.3801,-75.499
-819.227,25.5396,-0.420646
-813.802,-23.6343,26.6941
-808.377,17.325,2.80709
-802.951,44.1359,-0.539109
-797.526,-7.74754,-0.578355
-792.101,12.9205,29.8697
-786.675,95.6246,70.357
-781.25,94.3994,49.4469
-775.825,45.4593,-23.2078
-770.399,42.4703,-85.3492
-764.974,6.40696,-56.2216
-759.549,-57.1816,-176.996
-754.123,-18.3805,-601.456
-748.698,12.8426,-517.268
-743.273,-47.2116,-61.5115
-737.847,-32.6304,-0.78144
-732.422,15.7993,-16.4303
-726.996,4.34745,25.4777
-721.571,22.5629,34.0919
-716.146,17.6647,27.3353
-710.72,10.8252,20.719
-705.295,47.6163,38.1234
-699.87,-16.0159,40.8792
-694.444,-68.4461,5.06207
-689.019,4.01569,-19.8627
-683.594,35.6213,27.1321
-678.168,-0.476022,33.6652
-672.743,-53.7935,-16.0051
-667.318,-58.0665,2.56676
-661.892,29.4629,48.227
-656.467,61.8973,337.483
-651.042,23.4053,575.236
-645.616,20.023,254.359
-640.191,29.8079,-18.8898
-634.766,36.3038,-2.21087
-629.34,46.057,-2.10674
-623.915,11.7177,-54.3824
-618.49,-20.9433,-69.9218
-613.064,3.68085,-0.123956
-607.639,11.9544,40.8384
-602.214,-6.41376,64.8983
-596.788,-25.2208,115.812
-591.363,-11.783,76.5795
-585.937,25.281,-12.0625
-580.512,5.73667,-31.6388
-575.087,-11.8105,1.71569
-569.661,-33.4669,17.0206
-564.236,54.0834,34.5705
-558.811,-198.784,-177.614
-553.385,-1001.93,-694.745
-547.96,-876.693,-626.313
-542.535,-114.507,-110.768
-537.109,26.8166,37.3672
-531.684,-32.689,6.15625
-526.259,-26.5268,-5.91172
-520.833,-9.75228,-25.0004
-515.408,-13.2733,-58.5372
-509.983,-34.8023,-37.9323
-504.557,-45.2622,15.5372
-499.132,-52.062,18.2611
-493.707,-48.6859,49.0389
-488.281,-23.0297,67.5975
-482.856,12.976,5.97448
-477.431,4.96209,-29.3075
-472.005,-36.9066,24.7051
-466.58,-10.4704,32.7459
-461.154,21.1754,110.007
-455.729,-259.704,1270.96
-450.304,-431.027,1996.99
-444.878,-150.602,759.821
-439.453,-5.56213,-58.9441
-434.028,-57.7818,25.3813
-428.602,-92.8538,-2.46441
-423.177,-103.436,-33.7958
-417.752,-73.678,-72.7694
-412.326,-45.056,-56.9255
-406.901,-21.3796,-13.598
-401.476,-7.42052,-45.9523
-396.05,-12.0299,-56.6454
-390.625,-44.6553,4.31349
-385.2,-70.0085,12.1901
-379.774,-28.7481,-3.47107
-374.349,-13.0269,33.7631
-368.924,-14.5408,96.1673
-363.498,-39.2203,48.6153
-358.073,301.003,150.906
-352.648,1013.5,520.071
-347.222,787.682,417.975
-341.797,71.3603,35.198
-336.371,-73.2886,-22.0185
-330.946,-60.3274,-18.2246
-325.521,-42.7919,-40.4995
-320.095,-19.5444,-34.8186
-314.67,-36.8797,-22.4655
-309.245,-45.1453,-17.799
-303.819,-39.1755,-68.6623
-298.394,-27.8122,-100.914
-292.969,2.80858,-38.7257
-287.543,28.037,18.3835
-282.118,6.00364,5.07494
-276.693,-37.8362,-40.3966
-271.267,-18.1876,-41.8974
-265.842,-9.62506,-67.5802
-260.417,-8.60829,76.1073
-254.991,339.514,1505.86
-249.566,592.543,2308.75
-244.141,305.966,864.648
-238.715,80.4563,-22.2559
-233.29,48.7247,58.4453
-227.865,19.6337,19.4537
-222.439,26.2533,35.1417
-217.014,18.3145,41.7888
-211.589,-14.298,12.7553
-206.163,-96.0839,-11.027
-200.738,-150.446,-11.447
-195.312,-67.9043,8.9038
-189.887,25.143,43.8713
-184.462,18.3171,36.8056
-179.036,-3.49594,17.9285
-173.611,15.2024,-22.7798
-168.186,70.2126,-20.629
-162.76,49.1663,-37.5648
-157.335,357.453,297.91
-151.91,987.037,996.517
-146.484,714.763,766.642
-141.059,43.6695,98.4568
-135.634,-42.8779,-2.75355
-130.208,-24.5163,24.0323
-124.783,-32.7498,34.1569
-119.358,2.61652,46.6489
-113.932,16.6591,8.52717
-108.507,-59.2288,-38.8995
-103.082,-242.93,0.323397
-97.6562,-212.565,34.7491
-92.2309,-0.503951,-10.9571
-86.8055,20.0563,-37.9204
-81.3802,-46.7542,-45.5464
-75.9549,-52.4361,-21.4196
-70.5295,-67.2067,0.902378
-65.1042,-50.1427,18.9316
-59.6788,-36.7583,-79.0059
-54.2535,-328.465,-794.891
-48.8281,-472.711,-1107.9
-43.4028,-140.961,-371.746
-37.9774,8.96078,42.2195
-32.5521,-25.6486,1.35095
-27.1267,20.2931,-23.0298
-21.7014,31.7994,-28.0319
-16.276,31.7273,-0.323469
-10.8507,37.3309,6.08659
-5.42535,12.7348,236.404
0,16.1349,462.045
5.42535,3.78684,236.717
10.8507,-36.8154,8.67583
16.276,-31.6726,1.8905
21.7014,-33.6773,-25.7454
27.1267,-21.85,-21.5581
32.5521,25.6803,-0.441511
37.9774,-5.9939,42.7418
43.4028,114.686,-380.673
48.8281,394.277,-1138.18
54.2535,272.216,-815.867
59.6788,31.1576,-81.3776
65.1042,51.3411,15.3877
70.5295,67.1058,-3.78814
75.9549,50.8137,-25.025
81.3802,43.4631,-48.697
86.8055,-22.6526,-36.4289
92.2309,-0.261519,-10.9655
97.6562,214.471,19.8368
103.082,242.361,-16.6233
108.507,56.371,-42.9364
113.932,-16.0237,9.66844
119.358,0.643872,46.7177
124.783,35.0527,31.7892
130.208,26.1329,22.2636
135.634,42.5814,-5.73783
141.059,-36.6952,101.263
146.484,-659.544,814.634
151.91,-915.119,1062.94
157.335,-335.802,322.119
162.76,-51.6668,-34.0437
168.186,-71.4806,-15.681
173.611,-16.7544,-21.6638
179.036,4.73808,17.641
184.462,-15.7052,37.9937
189.887,-22.0214,45.5183
195.312,68.36,4.14539
200.738,149.281,-21.9136
206.163,95.0807,-17.7025
211.589,15.1529,11.7268
217.014,-15.3549,42.9645
222.439,-23.7379,36.8875
227.865,-18.2289,20.7758
233.29,-44.5292,61.7018
238.715,-81.8128,-16.5893
244.141,-244.907,883.885
249.566,-430.05,2344.45
254.991,-233.644,1525.88
260.417,13.8963,75.3214
265.842,4.88751,-68.087
271.267,15.2206,-43.0639
276.693,34.926,-42.9375
282.118,-5.63499,5.48137
287.543,-26.6864,20.2945
292.969,-5.50312,-38.4355
298.394,20.7052,-102.608
303.819,34.2904,-71.2278
309.245,43.7938,-20.9048
314.67,35.2228,-24.9834
320.095,17.068,-36.0971
325.521,39.8625,-43.3857
330.946,58.9092,-22.3883
336.371,71.5743,-27.0769
341.797,-68.7312,40.0901
347.222,-756.607,471.903
352.648,-974.749,589.502
358.073,-289.743,171.535
363.498,42.5161,45.761
368.924,21.2137,94.9188
374.349,15.3503,32.7723
379.774,28.4359,-5.46798
385.2,70.6883,7.27694
390.625,44.8475,1.18798
396.05,8.04914,-57.3465
401.476,4.19699,-46.358
406.901,20.3789,-15.0563
412.326,40.9754,-59.9297
417.752,68.4223,-77.7316
423.177,100.827,-40.9283
428.602,92.4558,-8.93548
434.028,59.4115,21.2889
439.453,1.43688,-59.1885
444.878,203.237,747.464
450.304,569.279,1962.06
455.729,347.729,1249.75
461.154,-13.4502,111.216
466.58,12.7291,31.9357
472.005,38.54,22.0705
477.431,-6.99441,-28.89
482.856,-12.5277,6.86511
488.281,27.6889,65.8264
493.707,51.9879,45.5234
499.132,53.209,14.585
504.557,46.2358,12.3421
509.983,32.0715,-40.2675
515.408,9.15766,-59.3205
520.833,7.98459,-25.6198
526.259,26.0498,-7.7477
531.684,33.0388,3.86103
537.109,-24.1448,39.1469
542.535,106.501,-118.485
547.96,830.868,-685.942
553.385,951.026,-762.944
558.811,185.911,-191.047
564.236,-51.5402,38.2589
569.661,34.5727,14.6447
575.087,11.9015,0.887659
580.512,-7.92973,-31.1614
585.937,-26.0608,-10.2696
591.363,17.0962,75.5712
596.788,33.2381,113.771
602.214,10.9252,64.2929
607.639,-9.07657,41.5728
613.064,-3.68062,0.132996
618.49,16.0141,-71.2128
623.915,-15.4832,-53.4326
629.34,-46.0918,1.11127
634.766,-36.3695,0.326901
640.191,-31.053,-16.7646
645.616,-2.2312,255.136
651.042,16.778,575.468
656.467,-38.2051,340.978
661.892,-26.027,50.1648
667.318,58.1041,-1.48992
672.743,52.546,-19.7185
678.168,2.8233,33.5499
683.594,-33.6419,29.5509
689.019,-5.39142,-19.5342
694.444,68.6325,0.275189
699.87,18.8285,39.6625
705.295,-44.841,41.352
710.72,-9.3535,21.4236
716.146,-15.7148,28.5009
721.571,-20.1297,35.5825
726.996,-2.55959,25.7188
732.422,-16.9069,-15.2882
737.847,32.4964,-3.05568
743.273,42.8058,-64.655
748.698,-48.8938,-515.112
754.123,-23.6195,-601.273
759.549,44.6955,-180.554
764.974,-10.314,-55.6372
770.399,-48.3199,-82.178
775.825,-46.9676,-19.9803
781.25,-90.7202,55.9114
786.675,-90.4839,76.856
792.101,-10.8054,30.6982
797.526,7.68815,-1.11743
802.951,-44.066,2.54107
808.377,-17.0869,4.00875
813.802,25.4388,24.9804
819.227,-25.5069,1.36202
824.653,-36.5702,-73.1261
830.078,20.3558,-105.723
835.503,2.13402,-70.2253
840.929,-33.1009,10.7753
846.354,-386.718,-368
851.779,-756.772,-806.556
857.205,-385.268,-448.597
862.63,-13.6792,-65.4865
868.055,10.6454,-23.4541
873.481,11.2967,7.63372
878.906,-9.40369,-14.5847
884.331,28.6097,-5.41939
889.757,25.5163,42.5886
895.182,-15.9554,94.0599
900.608,-8.54424,137.207
906.033,79.9358,139.164
911.458,114.525,122.132
916.884,38.934,62.9466
922.309,-12.5484,-32.1295
927.734,-31.7934,-39.7621
933.16,-41.3437,4.50337
938.585,-45.8731,-10.4488
944.01,72.7278,-71.5389
949.436,361.417,-146.374
954.861,341.234,-78.419
960.286,35.5407,81.1507
965.712,-2.13941,71.8535
971.137,85.1304,-7.36253
976.562,39.2072,-34.9076
981.988,-62.3445,-25.7105
987.413,-102.863,18.5486
992.838,-74.7032,31.7069
998.264,-35.6782,74.9061
1003.69,1.99523,106.577
1009.11,-3.19678,34.7185
1014.54,-15.9207,-6.98069
1019.97,6.12436,-13.0501
1025.39,6.93534,-37.6078
1030.82,-48.0022,-72.6033
1036.24,-33.2501,-73.7321
1041.67,-7.10266,-77.3529
1047.09,-601.181,82.7969
1052.52,-1128.41,313.858
1057.94,-544.96,172.982
1063.37,37.0371,-35.7243
1068.79,10.9195,-36.3634
1074.22,-42.9013,17.5605
1079.64,-18.577,32.3371
1085.07,-16.646,28.3005
1090.49,-38.5085,28.8273
1095.92,-13.748,-48.4874
1101.35,71.2754,-116.214
1106.77,92.5816,-90.8462
1112.2,13.8335,-6.05296
1117.62,-46.8043,112.079
1123.05,-57.1636,145.209
1128.47,-44.6075,76.0964
1133.9,-27.256,59.9226
1139.32,-63.541,82.0679
1144.75,-43.3035,-21.4901
1150.17,142.768,-208.686
1155.6,166.241,-175.409
1161.02,17.6263,0.465025
1166.45,3.22283,27.8217
1171.87,43.0142,33.292
1177.3,2.13167,22.2883
1182.73,-71.7451,-43.0919
1188.15,-48.9208,-67.131
1193.58,22.7901,-82.6474
1199,24.6418,-34.4105
1204.43,24.8328,-3.00869
1209.85,32.8301,-76.7632
1215.28,-16.3836,-77.8733
1220.7,-39.5066,-0.442971
1226.13,-10.0448,37.2228
1231.55,3.81584,60.1501
1236.98,22.2846,98.4387
1242.4,19.5527,112.138
1247.83,-155.273,175.324
1253.26,-270.153,231.229
1258.68,-54.4758,103.425
1264.11,84.2985,19.3722
1269.53,34.185,59.8393
1274.96,36.8899,6.24248
1280.38,61.6429,-101.191
1285.81,63.6579,-103.447
1291.23,41.5038,-24.0935
1296.66,9.20983,36.5819
1302.08,-29.9489,36.0614
1307.51,-39.3077,-13.1596
1312.93,-22.0417,16.3717
1318.36,1.82271,57.6756
1323.78,45.935,26.5635
1329.21,80.0061,4.23535
1334.64,65.8073,-38.1365
1340.06,-36.8119,-26.8377
1345.49,-82.239,71.5973
1350.91,52.2878,151.334
1356.34,86.9352,159.198
1361.76,-17.2614,137.492
1367.19,-23.3896,114.942
1372.61,1.48189,55.8576
1378.04,22.3337,17.9032
1383.46,-17.1912,-58.9895
1388.89,-117.108,-142.636
1394.31,-90.9659,-65.5386
1399.74,-11.9841,19.7095
1405.16,-5.37659,13.1306
1410.59,-59.0436,-2.58186
1416.02,-99.271,-10.8731
1421.44,-38.8939,-22.1898
1426.87,65.7697,-29.2891
1432.29,88.085,-2.49521
1437.72,72.7864,78.2784
1443.14,30.0449,230.075
1448.57,-234.339,225.123
1453.99,-363.578,-4.86094
1459.42,-107.853,-96.5939
1464.84,36.8353,2.02727
1470.27,-3.75666,43.4859
1475.69,-50.4628,39.5254
1481.12,-35.7995,58.7728
1486.55,-1.88151,52.9304
1491.97,-17.4233,11.811
1497.4,-33.4018,-65.2107
1502.82,-10.4896,-102.016
1508.25,59.7943,-60.658
1513.67,38.1861,16.2979
1519.1,-5.17009,74.1307
1524.52,-16.7831,47.5655
1529.95,-4.61957,-34.2978
1535.37,86.6876,-42.7889
1540.8,23.2855,11.6327
1546.22,-48.6002,63.5457
1551.65,54.9429,183.714
1557.07,-8.00464,204.604
1562.5,-155.403,104.735
1567.93,-133.145,49.0815
1573.35,-56.844,-1.73068
1578.78,-41.6285,-50.28
1584.2,-83.878,-81.3083
1589.63,-61.5728,-26.1803
1595.05,26.8067,44.3864
1600.48,29.4296,49.6892
1605.9,37.5737,48.2677
1611.33,80.1419,34.2915
1616.75,34.8243,17.195
1622.18,26.36,-12.4172
1627.6,77.8243,-54.7926
1633.03,93.3869,-36.264
1638.45,138.85,45.7438
1643.88,168.827,93.8256
1649.31,104.748,190.859
1654.73,39.9605,223.933
1660.16,24.0657,70.7048
1665.58,0.178408,-1.63459
1671.01,-20.1908,43.9336
1676.43,-58.9541,62.7052
1681.86,-136.842,14.2979
1687.28,-106.412,-20.3018
1692.71,-88.6079,77.1866
1698.13,-146.177,157.268
1703.56,-90.4208,97.1576
1708.98,-42.1805,28.606
1714.41,-15.2577,-30.6057
1719.83,75.6425,-18.3516
1725.26,71.6794,33.0311
1730.69,-19.5144,-4.74808
1736.11,-20.2334,-13.491
1741.54,29.4223,100.231
1746.96,-18.5675,56.1004
1752.39,-128.183,-145.908
1757.81,-226.29,-49.04
1763.24,-196.146,67.7037
1768.66,-5.58002,-62.7602
1774.09,115.671,-29.1704
1779.51,87.5109,181.488
1784.94,96.766,88.7819
1790.36,133.014,-206.431
1795.79,57.353,-220.596
1801.22,-70.1723,-131.059
1806.64,-88.3267,-71.444
1812.07,51.8285,-49.2721
1817.49,183.521,-121.566
1822.92,88.6063,-47.9174
1828.34,-38.6557,137.063
1833.77,53.2796,231.59
1839.19,26.8402,154.751
1844.62,-58.4891,39.2759
1850.04,189.358,271.879
1855.47,302.357,409.112
1860.89,167.225,141.516
1866.32,162.448,5.25379
1871.74,172.764,-127.906
1877.17,95.9304,-272.231
1882.6,-168.535,-39.3514
1888.02,-297.968,225.815
1893.45,55.9342,99.9028
1898.87,166.506,-96.4447
1904.3,-5.40569,107.447
1909.72,44.0289,568.543
1915.15,182.845,690.974
1920.57,245.898,269.812
1926,184.957,-43.2216
1931.42,-16.8894,227.019
1936.85,-26.0743,399.162
1942.27,219.748,258.087
1947.7,1195.79,165.981
1953.12,2447.3,-20.8929
1958.55,1803.84,-25.1272
1963.98,319.726,161.91
1969.4,-220.582,243.171
1974.83,-265.971,351.002
1980.25,-91.2351,247.444
1985.68,-293.216,58.9311
1991.1,212.025,146.324
1996.53,-164.036,23.9544
2001.95,3015.14,-122.671
2007.38,17009.4,-436.744
2012.8,18467.2,-781.277
2018.23,4548.17,-29.4416
2023.65,144.729,649.663
2029.08,560.798,551.32
2034.51,-257.376,219.105
2039.93,-310.043,-59.5156
2045.36,-131.946,-176.129
2050.78,156.592,-1072.52
2056.21,84.6307,-1500.05
2061.63,-169.542,-485.028
2067.06,-278.502,-84.6778
2072.48,-61.2979,-247.113
2077.91,-90.3822,-166.299
2083.33,-99.4988,-333.107
2088.76,-290.605,-491.119
2094.18,-666.245,-480.085
2099.61,-432.573,-384.964
2105.03,-40.8616,-45.1658
2110.46,-53.3675,213.286
2115.89,-112.043,24.4297
2121.31,-198.1,-271.756
2126.74,-321.606,-263.505
2132.16,-172.012,-39.6829
2137.59,138.547,285.033
2143.01,236.659,445.782
2148.44,309.76,407.077
2153.86,303.178,485.474
2159.29,55.9522,365.718
2164.71,-36.6036,185.379
2170.14,89.9835,229.05
2175.56,181.806,229.503
2180.99,82.6998,91.6617
2186.41,-46.5949,-20.8931
2191.84,-33.2022,61.4434
2197.27,-0.913404,201.398
2202.69,86.5682,228.994
2208.12,155.024,98.5939
2213.54,119.266,-113.319
2218.97,-31.4961,-214.218
2224.39,-120.326,-88.7327
2229.82,4.47201,51.6759
2235.24,-4.18956,26.3486
2240.67,-216.128,65.7597
2246.09,-122.089,167.853
2251.52,454.593,152.655
2256.94,578.538,5.843
2262.37,83.7399,-42.7627
2267.79,-129.92,67.6919
2273.22,-85.4585,38.1707
2278.65,5.94901,19.918
2284.07,61.2222,49.4547
2289.5,-7.98134,2.93484
2294.92,-36.7006,-63.0338
2300.35,59.7524,-156.489
2305.77,140.088,-144.212
2311.2,128.184,-68.138
2316.62,36.1707,-18.1374
2322.05,-157.24,-6.70611
2327.47,-196.441,-47.5515
2332.9,-63.7687,-40.6521
2338.32,-29.5615,-46.1425
2343.75,1.53569,-129.453
2349.18,31.3373,-225.648
2354.6,-25.6615,-175.901
2360.03,-50.1047,-11.0891
2365.45,-86.1659,14.2151
2370.88,-122.15,-65.6128
2376.3,-73.8052,-128.908
2381.73,-70.0453,-129.433
2387.15,-141.056,-55.0182
2392.58,-119.241,-5.81556
2398,6.86304,-28.2292
2403.43,30.2308,-5.59277
2408.85,-55.6374,92.5948
2414.28,-59.9771,125.477
2419.7,60.4007,25.3147
2425.13,128.106,-81.0028
2430.56,57.5235,-115.797
2435.98,-13.6726,-151.16
2441.41,5.44974,-100.572
2446.83,-31.0574,2.42491
2452.26,-174.124,68.4743
2457.68,-127.499,75.2306
2463.11,-22.3046,-33.121
2468.53,-57.4899,-99.2098
2473.96,-2.38722,-84.2263
2479.38,70.7096,-84.169
2484.81,63.2657,-38.6278
2490.23,82.1234,80.6362
2495.66,84.7698,183.168
2501.08,-7.45927,186.288
2506.51,-97.0877,102.991
2511.94,-111.653,23.4787
2517.36,-126.212,-92.6826
2522.79,-98.8098,-160.178
2528.21,-30.8004,-65.9866
2533.64,-8.02364,-7.92921
2539.06,34.6277,-46.3825
2544.49,61.2832,-63.5947
2549.91,-30.4412,-76.1673
2555.34,-58.2117,-28.2994
2560.76,3.0361,81.4318
2566.19,-23.5597,59.804
2571.61,7.96783,-44.0021
2577.04,100.129,-82.7314
2582.47,44.1994,-54.1464
2587.89,-34.0037,-35.6109
2593.32,5.45005,-33.06
2598.74,5.65668,3.48859
2604.17,-57.8172,17.4819
2609.59,-98.6268,-3.5179
2615.02,-123.419,31.319
2620.44,-86.0599,89.2014
2625.87,-56.2833,63.4631
2631.29,-103.105,31.3375
2636.72,-106.348,27.6958
2642.14,-12.231,4.48338
2647.57,-47.1104,-35.6031
2652.99,-294.646,-135.036
2658.42,-311.985,-158.68
2663.85,-92.8865,-57.6017
2669.27,-10.4345,8.72197
2674.7,22.8095,31.7216
2680.12,101.925,6.51192
2685.55,140.666,-19.9619
2690.97,72.2066,40.2682
2696.4,-12.0332,95.9416
2701.82,-22.1336,45.812
2707.25,-13.3571,-0.384002
2712.67,-6.48118,-14.0393
2718.1,-4.21813,-12.316
2723.52,10.3103,10.3559
2728.95,50.5807,16.5795
2734.37,29.9528,97.6311
2739.8,-82.4251,131.808
2745.23,-147.77,29.4328
2750.65,-72.8675,44.4895
2756.08,13.8103,113.302
2761.5,6.97558,24.5677
2766.93,5.49939,-66.4545
2772.35,43.8322,-30.3974
2777.78,51.1481,67.6225
2783.2,34.9854,85.6905
2788.63,-6.82446,37.9522
2794.05,-54.7581,47.4228
2799.48,10.335,67.9532
2804.9,85.2395,39.3802
2810.33,43.346,-3.91073
2815.75,6.83188,-27.6081
2821.18,1.73279,-15.4028
2826.61,-19.851,9.79154
2832.03,-32.9366,32.3509
2837.46,-35.9756,15.3937
2842.88,-46.4684,-36.1466
2848.31,-31.4258,-56.5204
2853.73,10.3019,-97.0196
2859.16,4.3185,-97.7728
2864.58,-41.8373,-34.1894
2870.01,-51.6449,13.018
2875.43,-22.1774,36.4676
2880.86,44.1106,26.4603
2886.28,62.816,-3.36153
2891.71,17.2796,-22.6662
2897.14,11.7052,-31.7018
2902.56,-1.80442,-15.2579
2907.99,0.858294,-2.70772
2913.41,8.71495,-22.3931
2918.84,-37.6408,18.9539
2924.26,-39.279,73.9524
2929.69,25.8053,74.2186
2935.11,68.2937,75.547
2940.54,41.4513,82.0339
2945.96,20.1214,75.689
2951.39,55.0857,136.315
2956.81,59.2299,198.504
2962.24,19.5258,100.286
2967.66,-5.04605,-41.5717
2973.09,-21.2397,-74.5786
2978.52,-13.8988,-3.17105
2983.94,-1.73362,68.567
2989.37,-31.0168,56.237
2994.79,-80.2561,29.6829
3000.22,-71.4348,64.2378
3005.64,-6.78665,57.9972
3011.07,10.8248,-14.9353
3016.49,-24.503,-31.9148
3021.92,-44.9827,5.18351
3027.34,-8.65962,45.8349
3032.77,-4.20423,71.2159
3038.19,-54.5331,56.0645
3043.62,-45.4033,19.5864
3049.04,11.3004,-7.1645
3054.47,70.6437,-18.6797
3059.9,83.6462,-7.59043
3065.32,29.2913,13.5512
3070.75,-17.4153,11.6166
3076.17,-55.7228,-33.9676
3081.6,-52.1799,-50.5192
3087.02,2.28903,6.59073
3092.45,1.00866,77.6837
3097.87,-18.5649,55.4944
3103.3,-40.4958,-45.4759
3108.72,-75.0248,-79.7628
3114.15,-51.0197,-55.8577
3119.57,-0.652051,-51.7469
3125,7.93904,-68.4854
3130.43,-63.9038,-70.4891
3135.85,-162.074,-43.6256
3141.28,-131.776,18.0835
3146.7,-33.666,99.8238
3152.13,-78.3373,138.82
3157.55,-162.893,77.7623
3162.98,-78.9309,45.7202
3168.4,-30.5393,80.0773
3173.83,-74.0811,27.9244
3179.25,-33.7531,-47.0498
3184.68,-9.10567,-58.9246
3190.1,-3.98518,7.0902
3195.53,-14.0833,94.7139
3200.95,-48.8889,62.8354
3206.38,-72.7396,-32.2299
3211.81,-100.085,-43.2962
3217.23,-64.4488,-2.10369
3222.66,4.16227,-11.6946
3228.08,2.17739,-18.4984
3233.51,-41.599,32.278
3238.93,-4.91831,37.1741
3244.36,39.7135,-11.2317
3249.78,-2.21298,-3.61206
3255.21,-46.9863,16.8857
3260.63,-47.0338,-35.3986
3266.06,-28.2302,-61.8086
3271.48,13.339,-14.0325
3276.91,41.4207,3.99372
3282.33,-1.23445,-15.6182
3287.76,-23.8876,-14.5496
3293.19,-20.5731,-21.0449
3298.61,-27.5426,-32.0157
3304.04,-8.23772,-15.5661
3309.46,46.3379,32.244
3314.89,70.4218,46.2504
3320.31,-1.40382,-25.7039
3325.74,-47.4301,-44.2778
3331.16,-31.4342,-0.146652
3336.59,-33.2595,-24.8794
3342.01,-35.5149,-60.9644
3347.44,-65.842,-36.8442
3352.86,-75.5894,-60.6955
3358.29,-19.2768,-135.731
3363.71,-1.62622,-95.4864
3369.14,-30.0482,-0.321562
3374.57,-67.9197,18.5035
3379.99,-76.3706,7.68058
3385.42,-38.754,13.6761
3390.84,-12.4337,30.0834
3396.27,-16.7671,10.1222
3401.69,-12.5915,-25.8899
3407.12,19.1695,-20.718
3412.54,38.8328,-36.3315
3417.97,28.1765,-116.153
3423.39,-4.77947,-93.4029
3428.82,-17.7459,34.3728
3434.24,-17.3714,35.8842
3439.67,-59.5732,-35.7582
3445.1,-73.2649,-53.4607
3450.52,13.2943,-20.4003
3455.95,104.373,33.9963
3461.37,50.537,32.141
3466.8,-55.9427,-19.8499
3472.22,-47.0405,-50.5897
3477.65,12.5547,-34.3195
3483.07,19.585,7.57252
3488.5,-5.41854,57.4617
3493.92,-13.5283,70.5296
3499.35,-17.704,31.3136
3504.77,-21.6206,-0.440667
3510.2,2.41274,-22.0706
3515.62,35.8737,-46.1117
3521.05,40.1329,-43.2712
3526.48,38.1969,-37.7872
3531.9,21.2861,-33.9486
3537.33,-7.57484,6.23555
3542.75,-17.5127,39.565
3548.18,-16.4741,34.5799
3553.6,15.627,15.3264
3559.03,36.6192,-7.9341
3564.45,19.4563,-47.5707
3569.88,-7.68707,-57.5714
3575.3,-17.5348,1.03301
3580.73,-16.7551,30.862
3586.15,-12.394,-16.2399
3591.58,43.3025,-58.2941
3597,74.4088,-59.8632
3602.43,39.4574,-53.9905
3607.86,7.52277,-19.8253
3613.28,-14.0859,44.92
3618.71,-40.0233,63.9525
3624.13,-45.0469,9.55725
3629.56,2.33043,-25.6095
3634.98,56.6314,2.2491
3640.41,48.5367,22.9857
3645.83,-16.5224,34.8323
3651.26,-80.2649,39.1112
3656.68,-82.8144,27.7062
3662.11,-18.0594,28.912
3667.53,-1.02659,18.4018
3672.96,-32.0163,-8.27625
3678.39,-24.8918,-13.2131
3683.81,-43.6075,-26.6734
3689.24,-64.9152,-27.9693
3694.66,-27.5575,-10.9453
3700.09,-17.8589,-22.4974
3705.51,-44.2799,-22.9836
3710.94,-56.0528,-34.9333
3716.36,-22.2894,-44.6651
3721.79,35.1062,11.8047
3727.21,39.6613,77.1459
3732.64,62.7739,94.4537
3738.06,103.976,64.9603
3743.49,56.0265,4.63188
3748.91,-21.0967,-22.4094
3754.34,-23.5166,-2.63011
3759.77,38.6697,7.47093
3765.19,58.8392,-3.00148
3770.62,28.6522,-12.5537
3776.04,45.1241,8.28327
3781.47,44.5854,26.1614
3786.89,0.148023,24.7104
3792.32,-3.66158,24.4958
3797.74,5.3857,-28.4736
3803.17,9.94467,-67.2184
3808.59,34.6105,-20.8796
3814.02,64.8979,14.0808
3819.44,60.1639,13.2384
3824.87,28.1513,-10.1082
3830.29,-9.70699,-31.3924
3835.72,-31.4174,26.503
3841.15,-26.0849,66.492
3846.57,-20.911,23.5164
3852,-15.06,-7.75731
3857.42,-13.1153,-34.7532
3862.85,1.9668,-32.5645
3868.27,-7.59992,-23.7064
3873.7,-22.7777,-54.2594
3879.12,34.939,-39.0366
3884.55,81.8088,-16.3414
3889.97,61.6845,-14.2064
3895.4,12.4573,36.7863
3900.82,-15.6776,51.3894
3906.25,3.11934,28.0089
3911.68,8.85197,40.0023
3917.1,-19.4268,9.91265
3922.53,-7.8464,-1.99195
3927.95,36.8824,23.9814
3933.38,21.4968,9.35827
3938.8,-41.8235,29.5309
3944.23,-56.3785,46.4047
3949.65,-15.6992,6.17331
3955.08,6.94334,-5.55149
3960.5,-14.2574,-27.4554
3965.93,4.20992,-65.899
3971.35,57.0914,-41.6008
3976.78,49.282,-15.4235
3982.2,33.4088,-31.8829
3987.63,54.3185,-33.3049
3993.06,53.2425,-47.1852
3998.48,15.3853,-84.3473
4003.91,-11.0374,-54.8463
4009.33,-27.0506,13.7425
4014.76,-57.2995,38.1268
4020.18,-68.9075,19.7071
4025.61,-60.6321,22.5075
4031.03,-25.3936,61.5406
4036.46,10.4337,59.0728
4041.88,-4.92566,24.4537
4047.31,-25.656,0.713818
4052.73,-12.7653,-16.4635
4058.16,-1.21664,-9.59073
4063.58,-2.2633,-4.51415
4069.01,4.9699,-14.4761
4074.44,-2.28285,-27.4668
4079.86,-1.76107,-37.0458
4085.29,13.0367,-33.6765
4090.71,5.42468,-19.1815
4096.14,11.1387,24.1725
4101.56,34.1416,77.7619
4106.99,21.7061,71.3994
4112.41,-4.30254,3.90604
4117.84,-3.4395,-27.6967
4123.26,14.3605,7.99106
4128.69,63.993,37.8191
4134.11,103.693,9.78198
4139.54,53.6517,-17.0139
4144.96,0.452336,1.24876
4150.39,21.0719,19.1547
4155.82,58.5529,44.1958
4161.24,57.0943,36.904
4166.67,6.71666,-2.93994
4172.09,-32.2589,10.1355
4177.52,-40.7428,24.5599
4182.94,-24.6434,-11.2369
4188.37,-6.32938,-42.7032
4193.79,-22.4315,-3.7137
4199.22,-22.5153,45.7853
4204.64,11.6912,3.70083
4210.07,27.0884,-33.6393
4215.49,21.9737,2.78492
4220.92,21.6325,26.6537
4226.35,10.3135,31.7023
4231.77,-3.46287,20.0797
4237.2,3.14868,3.25262
4242.62,16.8159,4.80602
4248.05,17.2776,14.7098
4253.47,-16.2715,58.5124
4258.9,-53.2287,79.492
4264.32,-29.9827,41.0188
4269.75,3.81178,20.8713
4275.17,9.63447,28.3083
4280.6,19.4988,23.5968
4286.02,3.50357,12.6514
4291.45,-38.2841,-12.4234
4296.87,-62.4471,-18.5312
4302.3,-58.9408,-13.8624
4307.73,-34.3538,-31.7044
4313.15,-2.49362,1.06942
4318.58,29.0641,33.5098
4324,31.0424,11.1056
4329.43,5.78132,19.1229
4334.85,15.1902,33.428
4340.28,34.7455,17.9097
4345.7,44.9342,7.61843
4351.13,72.7537,-18.479
4356.55,59.7,-42.1775
4361.98,-7.34073,4.90983
4367.4,-36.3078,53.335
4372.83,-36.0501,31.7926
4378.25,-23.656,8.37408
4383.68,18.8022,-1.88008
4389.11,28.9264,-23.1719
4394.53,6.32897,-17.8654
4399.96,5.91344,21.1344
4405.38,-4.49459,15.4033
4410.81,-47.5299,5.05053
4416.23,-28.8161,50.7484
4421.66,28.6591,87.7576
4427.08,36.7076,95.3324
4432.51,18.4238,68.3001
4437.93,4.84041,40.8563
4443.36,-14.7903,25.1553
4448.78,-48.0535,-16.3192
4454.21,-53.1922,-24.0832
4459.63,-25.1702,15.1966
4465.06,-11.463,15.8109
4470.49,-28.979,4.70509
4475.91,-35.9053,-5.20204
4481.34,-15.0895,-28.1822
4486.76,-6.52957,-10.0204
4492.19,8.91668,39.7652
4497.61,15.8238,67.855
4503.04,-13.5828,50.5457
4508.46,-20.5144,20.8281
4513.89,-27.5911,21.155
4519.31,-42.4995,39.5702
4524.74,-18.3747,63.7767
4530.16,-1.29718,82.0379
4535.59,-1.4768,65.0215
4541.02,9.70162,35.4637
4546.44,-23.3775,-21.5254
4551.87,-47.8166,-49.6442
4557.29,-24.1584,-15.8859
4562.72,-24.3698,-13.1963
4568.14,4.05524,-38.8666
4573.57,43.3817,-50.7812
4578.99,43.8576,-4.72199
4584.42,42.9682,31.755
4589.84,9.39122,-7.64031
4595.27,-37.6423,-26.7964
4600.69,-40.0092,-10.7656
4606.12,2.69046,-13.119
4611.54,36.8926,-8.14869
4616.97,28.9585,5.66281
4622.4,24.1297,-8.58519
4627.82,27.978,-9.25756
4633.25,31.7054,-2.29753
4638.67,14.6476,-38.9052
4644.1,5.33072,-51.5859
4649.52,55.244,-9.95443
4654.95,69.3172,-1.94608
4660.37,7.76911,-8.4742
4665.8,-19.3012,35.9627
4671.22,4.92187,54.6562
4676.65,4.80915,42.4434
4682.07,-11.9869,53.3892
4687.5,-6.55984,41.1796
4692.92,-14.87,-13.9691
4698.35,-47.3673,-53.9387
4703.78,-45.2961,-48.9032
4709.2,-27.8512,-18.0852
4714.63,-56.7982,20.4188
4720.05,-94.3945,8.08293
4725.48,-56.7927,-28.8968
4730.9,5.36425,-21.4165
4736.33,7.92565,1.49575
4741.75,11.03,37.1832
4747.18,25.0318,50.0848
4752.6,29.9244,9.99258
4758.03,45.1513,-19.7354
4763.45,17.5567,-32.4353
4768.88,-34.783,-56.1102
4774.31,-19.8342,-62.1836
4779.73,17.8591,-61.4983
4785.16,2.747,-68.0971
4790.58,-10.8579,-74.8175
4796.01,6.48722,-85.5666
4801.43,11.4419,-48.9606
4806.86,-9.79583,25.8863
4812.28,-35.7642,47.2165
4817.71,-13.2336,25.9608
4823.13,46.7274,12.7443
4828.56,55.2235,-13.4482
4833.98,15.2277,-10.001
4839.41,-14.2469,35.2602
4844.83,-16.6388,30.5311
4850.26,-16.5826,-28.6222
4855.69,-30.6693,-63.977
4861.11,-3.09741,-34.839
4866.54,29.1163,12.6698
4871.96,13.8452,19.2142
4877.39,-25.6751,5.97601
4882.81,-81.4576,15.2491
4888.24,-57.5631,14.9068
4893.66,8.70103,-5.14012
4899.09,3.03465,1.8463
4904.51,-31.5172,2.0122
4909.94,-30.2428,-29.3754
4915.36,7.98697,-40.001
4920.79,32.6816,-8.41901
4926.21,3.21263,7.23978
4931.64,-46.5515,-4.0598
4937.07,-56.1191,-7.90941
4942.49,-2.31115,-12.4854
4947.92,57.326,-19.2411
4953.34,27.6028,-43.9194
4958.77,-21.7743,-58.9367
4964.19,-17.1709,-29.7861
4969.62,7.25264,-13.096
4975.04,35.6905,-7.56062
4980.47,45.1844,38.6002
4985.89,29.7497,65.6784
4991.32,27.2504,36.7562
4996.74,46.9213,13.4888
5002.17,35.2602,14.4921
5007.6,-7.85986,31.5096
5013.02,-26.1867,44.7342
5018.45,-20.0734,26.0337
5023.87,-9.09811,11.8076
5029.3,-9.5122,3.29625
5034.72,-20.974,-8.55669
5040.15,2.27871,20.5663
5045.57,55.7565,65.0395
5051,88.7254,51.8234
5056.42,100.175,5.08484
5061.85,90.4495,-6.46315
5067.27,67.3908,-5.98449
5072.7,37.262,-9.03404
5078.12,-41.8216,2.74897
5083.55,-98.5871,-11.5725
5088.98,-54.7222,-29.076
5094.4,11.3822,18.341
5099.83,47.5002,42.3648
5105.25,30.6991,25.8298
5110.68,-21.3368,43.2376
5116.1,-18.7895,51.2039
5121.53,6.21555,31.0115
5126.95,7.54417,3.3133
5132.38,20.6556,0.772747
5137.8,6.45578,7.47518
5143.23,-57.2968,24.4917
5148.65,-83.2785,56.275
5154.08,-32.9995,35.8085
5159.5,5.18091,-2.6548
5164.93,14.7633,3.9711
5170.36,24.7793,45.0696
5175.78,2.51016,45.4943
5181.21,-6.11576,0.973265
5186.63,21.1938,-5.04948
5192.06,-23.9826,8.49222
5197.48,-97.8729,-18.8717
5202.91,-78.9766,-60.3558
5208.33,-21.6389,-63.197
5213.76,21.3495,-29.1833
5219.18,17.0477,-0.918877
5224.61,0.393674,-11.4333
5230.03,14.8311,-38.6563
5235.46,-11.9866,-41.8489
5240.88,-51.4778,-36.5658
5246.31,-53.3139,-23.7741
5251.74,-32.0164,8.33198
5257.16,-11.5684,22.392
5262.59,-23.0483,23.9258
5268.01,-16.0145,25.0481
5273.44,11.4491,12.9288
5278.86,26.4507,4.04982
5284.29,29.3188,6.32109
5289.71,-16.546,7.65819
5295.14,-56.1285,9.19141
5300.56,-29.4747,-8.92753
5305.99,-4.74057,-23.1294
5311.41,-14.0201,2.26078
5316.84,-10.1421,35.2662
5322.27,-16.4373,50.4524
5327.69,-38.873,23.3409
5333.12,2.03502,-9.49862
5338.54,35.9828,-5.2658
5343.97,17.6044,10.1145
5349.39,13.9206,34.0816
5354.82,-3.5371,35.6996
5360.24,1.13137,23.1188
5365.67,27.8049,39.7569
5371.09,-16.4003,70.2674
5376.52,-82.184,80.5231
5381.94,-77.7905,21.7682
5387.37,-28.2362,-35.1441
5392.79,-7.83805,-35.2926
5398.22,-7.93077,-38.9232
5403.65,4.1973,-50.4401
5409.07,21.3043,-77.3547
5414.5,24.9676,-101.736
5419.92,-9.02115,-66.8826
5425.35,-5.9716,-16.396
5430.77,46.7251,-0.392544
5436.2,62.9947,4.96447
5441.62,49.3933,24.3948
5447.05,29.0023,30.188
5452.47,17.9575,-6.51605
5457.9,11.5028,5.95492
5463.32,24.9594,37.1692
5468.75,64.6995,10.328
5474.17,48.4924,45.3
5479.6,-6.8556,53.7499
5485.03,-22.6101,-22.2312
5490.45,-9.23891,-24.2599
5495.88,-22.0564,-5.49221
5501.3,-44.8459,-4.13591
5506.73,-4.31178,32.1154
5512.15,49.439,37.8729
5517.58,21.9494,10.8681
5523,-15.8466,12.7588
5528.43,-0.15106,30.1162
5533.85,-5.12078,21.8963
5539.28,-24.7586,-5.8426
5544.7,-26.6849,2.26258
5550.13,-18.3743,16.3144
