-5555.56,4.53072e-007,10.3651
-5550.13,-15.1107,12.1954
-5544.7,-17.3108,7.92966
-5539.28,8.24682,-3.18102
-5533.85,26.9352,2.77512
-5528.43,24.9873,1.90028
-5523,25.3688,3.4578
-5517.58,36.5111,58.4789
-5512.15,23.1564,121.089
-5506.73,-32.5688,104.493
-5501.3,-48.9324,22.0156
-5495.88,8.1221,-21.3608
-5490.45,49.6668,-0.00964
-5485.03,25.629,10.5481
-5479.6,-10.3888,-30.6144
-5474.17,-1.19473,-69.3878
-5468.75,41.5758,-57.9277
-5463.32,18.4853,-29.8452
-5457.9,-32.7305,-38.8635
-5452.47,-41.9987,-75.7976
-5447.05,-44.5063,-95.1894
-5441.62,-21.4917,-93.8726
-5436.2,-23.8475,-53.0841
-5430.77,-1.36241,13.8758
-5425.35,35.8347,33.3358
-5419.92,-2.41968,6.60301
-5414.5,-0.371813,-5.19833
-5409.07,24.1424,6.05041
-5403.65,27.3331,10.2393
-5398.22,40.5598,7.94591
-5392.79,-0.818612,15.3401
-5387.37,-37.5811,26.2157
-5381.94,-42.2661,1.06678
-5376.52,-58.8433,-12.2155
-5371.09,-25.953,11.1919
-5365.67,15.3587,-1.99131
-5360.24,7.77363,-13.8955
-5354.82,-11.2369,13.7891
-5349.39,-5.52018,37.2966
-5343.97,7.45161,53.7968
-5338.54,-26.2053,17.9232
-5333.12,-55.9881,-31.6128
-5327.69,-27.7745,1.17734
-5322.27,-5.76215,26.8878
-5316.84,-32.6544,38.1745
-5311.41,-55.1482,64.6613
-5305.99,-15.9791,44.7001
-5300.56,57.8406,-9.69532
-5295.14,83.9154,-59.8713
-5289.71,26.8477,-43.8809
-5284.29,-7.90987,-3.23255
-5278.86,15.938,-7.53057
-5273.44,14.3448,-4.73507
-5268.01,11.8868,-10.4891
-5262.59,25.1038,-10.3028
-5257.16,23.3304,29.8041
-5251.74,9.40091,33.2117
-5246.31,14.7131,6.56231
-5240.88,61.2168,-8.92443
-5235.46,65.7414,-7.04187
-5230.03,28.778,35.2652
-5224.61,27.4743,22.1452
-5219.18,22.1487,-49.2361
-5213.76,-18.4854,-60.2694
-5208.33,-42.3018,-27.6424
-5202.91,-17.0752,-1.72848
-5197.48,11.7995,14.457
-5192.06,11.6013,2.3847
-5186.63,-3.90709,-36.3122
-5181.21,-15.5149,-11.8259
-5175.78,12.5988,66.751
-5170.36,43.5653,81.4001
-5164.93,18.0941,23.9342
-5159.5,15.5491,-26.0983
-5154.08,35.5301,-15.0148
-5148.65,17.5398,17.1047
-5143.23,12.012,39.1025
-5137.8,15.1147,44.0362
-5132.38,-16.0387,15.946
-5126.95,-24.9551,7.00914
-5121.53,38.2899,25.5758
-5116.1,65.0363,55.3324
-5110.68,24.2878,48.5659
-5105.25,-18.8241,-38.1846
-5099.83,-80.0814,-99.6441
-5094.4,-92.9221,-55.2626
-5088.98,-53.6968,-21.7333
-5083.55,-40.0046,-24.8754
-5078.12,-5.9401,-9.61957
-5072.7,34.8471,-12.5786
-5067.27,18.8891,-0.215626
-5061.85,-20.8136,0.891124
-5056.42,-27.8863,-35.623
-5051,0.40661,-36.8741
-5045.57,19.1338,-30.118
-5040.15,24.9623,-42.5481
-5034.72,35.9663,-25.5755
-5029.3,32.5305,-28.0001
-5023.87,-11.6099,-48.9336
-5018.45,-30.1893,-29.1858
-5013.02,16.7501,-14.8994
-5007.6,20.7823,-13.2181
-5002.17,4.70178,-26.1971
-4996.74,4.50195,-33.9109
-4991.32,-41.4591,-31.0358
-4985.89,-57.4197,-60.9209
-4980.47,-4.51956,-59.5074
-4975.04,24.5312,-33.5768
-4969.62,10.4079,-22.1909
-4964.19,18.2386,-5.92448
-4958.77,42.2233,3.55076
-4953.34,37.1612,12.5954
-4947.92,37.5649,21.9532
-4942.49,16.0056,29.6893
-4937.07,-2.51013,18.2495
-4931.64,64.7467,-12.6824
-4926.21,107.188,9.65295
-4920.79,70.972,26.6368
-4915.36,26.8781,-22.5823
-4909.94,-1.83605,-29.127
-4904.51,-40.1908,11.2814
-4899.09,-47.7086,20.4413
-4893.66,12.6953,15.6316
-4888.24,37.7936,5.86987
-4882.81,19.5969,-25.2051
-4877.39,26.8555,-13.2665
-4871.96,9.60578,4.29792
-4866.54,-23.7143,-6.48428
-4861.11,-6.83341,7.11359
-4855.69,9.97628,9.75056
-4850.26,29.6411,8.29802
-4844.83,36.7191,24.4223
-4839.41,-31.8426,13.0266
-4833.98,-41.8136,-27.6931
-4828.56,28.2993,-18.8558
-4823.13,24.7507,44.652
-4817.71,-37.4055,70.3637
-4812.28,-62.4981,47.788
-4806.86,-50.8849,32.1082
-4801.43,-17.8663,4.81928
-4796.01,-0.25313,-13.3136
-4790.58,-8.37043,19.1866
-4785.16,-7.55246,46.1168
-4779.73,-22.4191,34.9295
-4774.31,-24.9431,22.8177
-4768.88,-6.07636,30.4741
-4763.45,11.2991,-1.6838
-4758.03,-4.57108,-22.664
-4752.6,-28.1738,7.92911
-4747.18,8.00564,9.02351
-4741.75,51.1265,1.13078
-4736.33,70.6321,11.8656
-4730.9,78.6536,24.1173
-4725.48,97.6435,12.1478
-4720.05,107.435,-17.1793
-4714.63,51.079,-27.0725
-4709.2,10.8623,0.763473
-4703.78,2.66827,17.5542
-4698.35,-53.497,-17.7165
-4692.92,-72.6787,-29.7639
-4687.5,-15.2372,-23.846
-4682.07,45.1006,-31.8884
-4676.65,39.0959,-11.7779
-4671.22,-0.521743,13.4746
-4665.8,19.2044,18.8268
-4660.37,64.2376,-23.6016
-4654.95,64.4597,-54.3319
-4649.52,23.3854,-20.5284
-4644.1,22.0571,-16.0493
-4638.67,47.981,-14.7008
-4633.25,25.7243,15.3838
-4627.82,-26.8936,34.5119
-4622.4,-48.721,37.7113
-4616.97,-24.6788,21.7691
-4611.54,3.20144,26.5163
-4606.12,23.7518,17.6125
-4600.69,6.72506,-5.5602
-4595.27,-41.7197,16.7686
-4589.84,-52.9963,14.6824
-4584.42,-35.7577,-4.99777
-4578.99,-37.9458,20.4205
-4573.57,-39.685,33.2173
-4568.14,-13.0839,7.24748
-4562.72,4.99013,-1.18475
-4557.29,11.6828,2.25769
-4551.87,29.1662,-4.14659
-4546.44,22.6719,10.1122
-4541.02,4.33042,40.4259
-4535.59,11.4633,39.9555
-4530.16,19.2585,-3.985
-4524.74,38.3691,-16.0694
-4519.31,73.7523,-13.1262
-4513.89,70.9067,-43.5448
-4508.46,41.4651,-28.415
-4503.04,19.6543,-6.76547
-4497.61,-11.495,-37.5317
-4492.19,-30.4098,-58.0968
-4486.76,-8.67216,-58.8878
-4481.34,34.5672,-2.67802
-4475.91,47.8943,67.6062
-4470.49,4.68602,35.1638
-4465.06,-23.0308,2.79938
-4459.63,14.2209,4.92634
-4454.21,69.8199,-32.9342
-4448.78,74.2554,-62.6484
-4443.36,32.1439,-20.4535
-4437.93,8.94744,45.9391
-4432.51,4.60678,18.3113
-4427.08,-0.000848901,-24.8075
-4421.66,-5.08687,9.0312
-4416.23,-8.28678,18.2098
-4410.81,-8.09332,-3.38633
-4405.38,-39.8962,-32.8416
-4399.96,-70.5291,-60.862
-4394.53,-16.443,-32.9604
-4389.11,46.3154,-7.69259
-4383.68,31.785,7.84582
-4378.25,-8.41276,47.3658
-4372.83,-17.2735,29.4845
-4367.4,4.32368,-7.41734
-4361.98,1.90227,10.2275
-4356.55,-18.0187,35.6342
-4351.13,-15.2354,42.8692
-4345.7,-20.4557,30.3615
-4340.28,-41.1725,16.9526
-4334.85,-31.9308,19.6105
-4329.43,14.0607,32.8359
-4324,30.0301,49.1102
-4318.58,2.23747,22.0598
-4313.15,-10.108,-38.3592
-4307.73,-0.315042,-39.8079
-4302.3,29.252,-5.13794
-4296.87,41.2444,12.6427
-4291.45,5.44939,32.2306
-4286.02,3.27001,27.9714
-4280.6,2.8678,-15.7596
-4275.17,-17.9121,-25.1738
-4269.75,2.50174,-1.52158
-4264.32,0.997655,-0.557565
-4258.9,14.7142,-10.8062
-4253.47,57.2472,6.86055
-4248.05,16.1529,41.5003
-4242.62,-29.4456,44.1167
-4237.2,-20.6388,22.5894
-4231.77,-28.7828,1.96169
-4226.35,-55.5572,24.9544
-4220.92,-62.2117,18.1279
-4215.49,-40.4545,-22.7263
-4210.07,-41.4102,10.7851
-4204.64,-50.896,9.42034
-4199.22,-27.4831,-24.6259
-4193.79,-18.6434,-0.545066
-4188.37,-23.4578,12.0604
-4182.94,7.15344,16.9135
-4177.52,11.2419,21.832
-4172.09,-17.5961,12.6246
-4166.67,-19.8962,26.3279
-4161.24,8.7737,29.3182
-4155.82,52.3044,7.37266
-4150.39,44.6866,-6.57749
-4144.96,-2.57547,11.6471
-4139.54,-24.4323,38.5172
-4134.11,-29.2415,7.551
-4128.69,-47.4424,-23.5321
-4123.26,-58.17,-16.6383
-4117.84,-33.029,8.27463
-4112.41,14.6372,44.1221
-4106.99,35.973,39.5397
-4101.56,23.9665,7.78057
-4096.14,-4.62793,-11.1355
-4090.71,-33.1884,6.68619
-4085.29,-29.5617,29.6765
-4079.86,-9.81964,16.4956
-4074.44,-8.14886,-37.7983
-4069.01,-40.0174,-61.4657
-4063.58,-58.0228,-0.0255602
-4058.16,1.39204,26.9757
-4052.73,63.7337,32.6027
-4047.31,50.366,29.8895
-4041.88,15.4434,-30.1072
-4036.46,-2.59273,-39.6548
-4031.03,1.44917,-4.2462
-4025.61,-5.72785,16.2045
-4020.18,-14.4785,15.9767
-4014.76,12.168,-19.2829
-4009.33,31.1299,-29.1605
-4003.91,20.3751,-20.0627
-3998.48,9.54904,-31.742
-3993.06,0.192438,2.95277
-3987.63,-39.0473,46.6916
-3982.2,-58.6926,35.9484
-3976.78,-36.6316,8.10034
-3971.35,-4.69411,-3.27474
-3965.93,1.30322,17.5007
-3960.5,-38.6314,9.53245
-3955.08,-48.0817,-15.7073
-3949.65,-26.0796,30.1209
-3944.23,-1.6107,90.263
-3938.8,32.7177,70.7074
-3933.38,24.1567,-0.664155
-3927.95,5.88531,-39.5395
-3922.53,28.6501,-28.3255
-3917.1,20.8942,0.307807
-3911.68,-35.2287,17.6703
-3906.25,-51.2941,39.2426
-3900.82,-28.1531,46.8029
-3895.4,-21.3452,-9.54811
-3889.97,-18.5431,-32.2803
-3884.55,13.8698,5.76936
-3879.12,75.7662,5.01863
-3873.7,98.3874,-7.65864
-3868.27,46.186,-17.4786
-3862.85,-10.0665,-51.769
-3857.42,5.98657,-74.275
-3852,43.0769,-70.0917
-3846.57,23.2435,-51.5542
-3841.15,-6.03015,-23.838
-3835.72,-15.9342,10.8713
-3830.29,-4.04914,33.3877
-3824.87,18.6454,14.8325
-3819.44,-11.4434,-3.27068
-3814.02,-65.2997,18.5331
-3808.59,-65.9181,27.6171
-3803.17,-27.3758,35.2933
-3797.74,-4.27176,22.9441
-3792.32,20.4295,-38.7283
-3786.89,18.8964,-99.7536
-3781.47,-31.2396,-117.135
-3776.04,-49.4419,-65.252
-3770.62,-3.91435,-21.4564
-3765.19,32.7648,-10.3769
-3759.77,13.197,-29.0042
-3754.34,-11.754,-50.4254
-3748.91,-23.3951,-27.5982
-3743.49,-27.5688,-34.4298
-3738.06,-36.6404,-66.8669
-3732.64,-25.0122,-59.0475
-3727.21,13.2417,-32.0048
-3721.79,55.7389,7.1952
-3716.36,96.6138,23.6408
-3710.94,72.9254,-45.3908
-3705.51,23.6411,-113.016
-3700.09,10.0096,-82.4649
-3694.66,-2.65315,17.3869
-3689.24,-15.8791,78.5274
-3683.81,-7.60303,28.6107
-3678.39,9.36275,-36.9455
-3672.96,-15.5005,-29.7173
-3667.53,-55.2977,-18.0215
-3662.11,-82.799,-21.2058
-3656.68,-78.0564,-10.5099
-3651.26,-10.4377,-35.7089
-3645.83,29.1882,-53.2493
-3640.41,31.1167,1.38025
-3634.98,52.3439,51.3879
-3629.56,65.9283,34.2919
-3624.13,59.7666,21.942
-3618.71,35.4064,39.7173
-3613.28,19.509,20.4677
-3607.86,56.6989,-5.51074
-3602.43,69.3707,-15.6505
-3597,33.0045,-31.7607
-3591.58,29.3235,-55.161
-3586.15,14.6003,-34.6521
-3580.73,-21.8654,3.82358
-3575.3,-9.72018,-8.30411
-3569.88,14.589,10.4231
-3564.45,52.866,9.63967
-3559.03,74.1373,-38.7369
-3553.6,35.782,4.2437
-3548.18,38.1455,84.623
-3542.75,59.6309,86.989
-3537.33,43.6135,41.6683
-3531.9,31.7173,21.9673
-3526.48,29.9293,64.011
-3521.05,31.3308,107.001
-3515.62,18.8255,90.027
-3510.2,12.5477,40.2915
-3504.77,58.2541,-14.8252
-3499.35,53.7399,-67.266
-3493.92,22.003,-78.3064
-3488.5,25.0195,3.43643
-3483.07,12.6828,87.8493
-3477.65,-8.30325,91.6732
-3472.22,-56.5064,56.2749
-3466.8,-65.5724,19.0409
-3461.37,-18.2838,-14.1147
-3455.95,2.4949,-50.0929
-3450.52,-4.03919,-48.527
-3445.1,-5.57666,-16.4225
-3439.67,-15.6121,3.3029
-3434.24,-51.5013,-11.3629
-3428.82,-79.3354,5.61221
-3423.39,-78.3099,31.2332
-3417.97,-68.0495,25.4962
-3412.54,-49.6968,71.8252
-3407.12,-21.9918,49.6904
-3401.69,4.21507,-8.77818
-3396.27,32.276,35.1976
-3390.84,12.3215,49.8083
-3385.42,-69.995,-11.0156
-3379.99,-120.042,-36.603
-3374.57,-87.8063,-2.62533
-3369.14,-25.6362,-0.542793
-3363.71,12.6484,0.968164
-3358.29,10.1179,26.2132
-3352.86,-30.6965,-15.2028
-3347.44,-42.5981,-39.3964
-3342.01,-34.3258,-2.33137
-3336.59,-61.8496,13.3453
-3331.16,-66.588,-4.77725
-3325.74,-12.5744,-54.3063
-3320.31,28.5907,-102.502
-3314.89,49.5459,-92.6338
-3309.46,64.7332,-61.3507
-3304.04,62.6282,-73.2513
-3298.61,54.4683,-94.9401
-3293.19,32.7603,-56.8901
-3287.76,16.2808,0.70461
-3282.33,8.24254,-15.4345
-3276.91,-15.0485,-51.397
-3271.48,-70.3189,-41.0994
-3266.06,-45.1282,33.6307
-3260.63,71.222,136.297
-3255.21,82.02,102.891
-3249.78,14.0889,14.8583
-3244.36,-16.1912,14.7883
-3238.93,-22.4537,-4.19095
-3233.51,16.3215,-50.433
-3228.08,70.8239,-42.5052
-3222.66,27.1887,29.357
-3217.23,-34.5118,83.4479
-3211.81,-22.3942,74.8399
-3206.38,-23.3654,69.0223
-3200.95,-30.3323,59.1786
-3195.53,-15.7273,18.7951
-3190.1,29.4984,-42.0419
-3184.68,68.3484,-64.2474
-3179.25,44.7664,-14.9225
-3173.83,-21.935,0.659169
-3168.4,-88.7146,-16.1896
-3162.98,-62.1206,34.8113
-3157.55,24.7905,65.9679
-3152.13,51.2184,-3.62995
-3146.7,12.7141,-38.0927
-3141.28,22.4581,-7.95285
-3135.85,80.85,3.22929
-3130.43,68.1668,-20.4414
-3125,27.95,-41.7408
-3119.57,4.73084,4.17979
-3114.15,9.13382,19.884
-3108.72,18.2817,-38.1507
-3103.3,-14.841,-18.6008
-3097.87,20.4526,57.921
-3092.45,69.0667,89.1982
-3087.02,32.7265,62.7465
-3081.6,4.34941,5.86539
-3076.17,-14.4387,-34.5894
-3070.75,-26.1384,-57.1031
-3065.32,-16.6329,-77.9033
-3059.9,-36.1764,-84.0816
-3054.47,-37.8318,-99.3728
-3049.04,23.1887,-106.633
-3043.62,40.3893,-79.76
-3038.19,-10.0776,-59.435
-3032.77,-22.8907,14.0041
-3027.34,-0.831952,76.036
-3021.92,12.1733,23.8683
-3016.49,11.0113,-0.333609
-3011.07,-3.42049,21.0894
-3005.64,-39.9191,5.06869
-3000.22,-56.521,10.2879
-2994.79,-27.4277,7.25107
-2989.37,-10.7437,1.89132
-2983.94,0.162798,49.9729
-2978.52,-13.3423,64.8573
-2973.09,-47.7686,-3.77463
-2967.66,-43.6158,-93.5525
-2962.24,-43.2202,-17.0277
-2956.81,-84.0663,136.187
-2951.39,-93.9105,81.8486
-2945.96,0.215858,-23.0354
-2940.54,74.7803,-31.5691
-2935.11,43.7071,-46.9881
-2929.69,-14.2314,-23.7983
-2924.26,-50.6059,33.5757
-2918.84,-23.3462,23.6278
-2913.41,27.6012,-51.7398
-2907.99,22.5612,-93.0271
-2902.56,-13.1149,-51.0945
-2897.14,-6.07521,-35.7487
-2891.71,-5.92151,-36.8912
-2886.28,9.80712,-11.2557
-2880.86,87.0599,19.3941
-2875.43,77.6665,78.575
-2870.01,-8.63472,91.2865
-2864.58,-70.6096,-45.1013
-2859.16,-102.7,-204.296
-2853.73,-72.2437,-146.248
-2848.31,2.29577,34.6572
-2842.88,49.3898,61.6053
-2837.46,29.4419,-0.456994
-2832.03,3.14096,-11.3982
-2826.61,44.8713,-20.8927
-2821.18,44.7183,-0.825239
-2815.75,10.6904,20.1058
-2810.33,26.4189,4.99566
-2804.9,47.0315,36.5688
-2799.48,38.0093,51.452
-2794.05,-9.17541,26.9046
-2788.63,-48.3776,88.3043
-2783.2,-55.3207,140.352
-2777.78,-33.2056,83.2755
-2772.35,-3.28846,23.1697
-2766.93,-4.38373,33.9375
-2761.5,-76.5556,95.393
-2756.08,-117.169,153.495
-2750.65,-54.6154,118.359
-2745.23,-28.2375,-16.6732
-2739.8,-45.1901,-126.823
-2734.37,-36.2235,-90.6296
-2728.95,-46.8744,25.5775
-2723.52,-40.9948,-8.00936
-2718.1,-8.04841,-89.3891
-2712.67,-44.325,-39.9842
-2707.25,-70.2383,47.2613
-2701.82,-45.1814,34.639
-2696.4,-41.1122,-38.7042
-2690.97,-20.7367,-4.80613
-2685.55,17.5507,48.9935
-2680.12,1.62409,85.6241
-2674.7,-63.7955,113.845
-2669.27,-137.365,76.4175
-2663.85,-130.147,-124.135
-2658.42,-7.81985,-440.158
-2652.99,64.7151,-365.468
-2647.57,38.6558,-49.8732
-2642.14,33.4457,49.1945
-2636.72,71.552,71.4399
-2631.29,50.0017,88.3787
-2625.87,1.92563,51.9438
-2620.44,47.4836,17.5555
-2615.02,64.8183,-15.4105
-2609.59,-11.4784,-50.718
-2604.17,-34.4747,21.1034
-2598.74,-3.75865,113.381
-2593.32,-15.4803,129.646
-2587.89,-25.0511,100.869
-2582.47,14.4379,39.5207
-2577.04,32.8037,0.924183
-2571.61,42.3373,-49.2527
-2566.19,57.5389,-71.2729
-2560.76,33.2996,-25.8426
-2555.34,48.7382,1.37769
-2549.91,44.4375,1.30684
-2544.49,-56.0872,16.567
-2539.06,-49.7621,37.1421
-2533.64,58.1075,14.1953
-2528.21,86.2207,8.81846
-2522.79,68.1379,86.5724
-2517.36,61.3393,88.2929
-2511.94,43.1734,-40.6609
-2506.51,53.7937,-75.2773
-2501.08,93.0882,-9.69802
-2495.66,35.5674,-7.24176
-2490.23,-38.9471,11.1483
-2484.81,32.5968,91.0133
-2479.38,73.4356,163.276
-2473.96,-0.385388,165.07
-2468.53,-10.0156,118.88
-2463.11,-10.2355,59.591
-2457.68,-26.1439,-92.4209
-2452.26,-8.22873,-146.336
-2446.83,53.4951,-48.9145
-2441.41,138.303,45.2382
-2435.98,110.317,67.3751
-2430.56,-59.493,-3.55757
-2425.13,-161.446,-84.4669
-2419.7,-59.9155,-175.601
-2414.28,8.81509,-182.253
-2408.85,36.2879,-153.222
-2403.43,22.9052,-82.6966
-2398,-66.7257,115.859
-2392.58,-30.0984,98.0635
-2387.15,81.1376,-109.69
-2381.73,71.6124,-103.984
-2376.3,-58.82,13.0099
-2370.88,-15.2122,-37.134
-2365.45,102.855,-87.8674
-2360.03,-30.8815,97.2373
-2354.6,-176.982,138.658
-2349.18,-118.146,-77.0065
-2343.75,-105.841,-104.223
-2338.32,-99.0215,-14.6741
-2332.9,27.9256,26.2846
-2327.47,57.0014,76.8917
-2322.05,12.7339,14.8101
-2316.62,-73.7865,-105.937
-2311.2,-108.229,-10.5531
-2305.77,-41.2669,122.761
-2300.35,16.9809,145.367
-2294.92,60.0736,98.726
-2289.5,-84.3245,-20.3905
-2284.07,-287.487,54.7512
-2278.65,-230.386,183.788
-2273.22,-19.0584,117.351
-2267.79,66.6805,-45.0299
-2262.37,219.058,-146.407
-2256.94,459.634,-108.298
-2251.52,232.903,-94.5458
-2246.09,-66.7551,-158.167
-2240.67,8.17665,-171.098
-2235.24,73.4123,-64.6721
-2229.82,-15.3479,40.1964
-2224.39,-0.6529,92.6031
-2218.97,233.217,196.834
-2213.54,318.179,217.805
-2208.12,143.649,116.703
-2202.69,-47.4698,38.23
-2197.27,-100.262,-22.1871
-2191.84,-96.9671,-23.9664
-2186.41,-66.2168,-10.7743
-2180.99,-68.2456,12.6109
-2175.56,-118.626,30.8421
-2170.14,-75.8623,-25.7382
-2164.71,36.5777,54.0337
-2159.29,190.979,120.259
-2153.86,270.727,121.977
-2148.44,308.286,205.063
-2143.01,354.243,114.174
-2137.59,379.369,-63.188
-2132.16,279.421,39.7275
-2126.74,74.5097,213.575
-2121.31,140.594,54.0899
-2115.89,223.86,-187.324
-2110.46,103.769,-134.683
-2105.03,77.9235,75.7059
-2099.61,115.617,-29.6481
-2094.18,86.4136,-376.279
-2088.76,281.678,-451.676
-2083.33,462.763,-330.26
-2077.91,199.658,-180.762
-2072.48,-45.1432,-123.735
-2067.06,-95.8978,-249.668
-2061.63,-153.502,337.673
-2056.21,128.514,1207.84
-2050.78,309.884,663.2
-2045.36,148.045,-559.563
-2039.93,-416.433,-685.209
-2034.51,-566.421,0.830564
-2029.08,-877.19,-64.7221
-2023.65,-236.985,-366.661
-2018.23,-6583.52,16.9933
-2012.8,-23074.7,780.627
-2007.38,-19890.6,898.946
-2001.95,-2822.86,85.5503
-1996.53,833.019,-161.05
-1991.1,-304.122,-164.43
-1985.68,-537.614,-329.106
-1980.25,-673.008,-355.199
-1974.83,-86.4054,-727.961
-1969.4,190.797,-661.61
-1963.98,349.667,-430.204
-1958.55,1125.94,-1524.36
-1953.12,1014.95,-1884.4
-1947.7,-67.639,-653.537
-1942.27,-291.6,-326.42
-1936.85,-160.303,-623.022
-1931.42,179.456,-313.203
-1926,313.068,143.32
-1920.57,42.0431,302.636
-1915.15,-145.481,274.898
-1909.72,-293.661,323.709
-1904.3,-358.153,330.013
-1898.87,-150.305,-15.949
-1893.45,-60.131,-341.185
-1888.02,-298.58,-362.967
-1882.6,-204.053,-249.83
-1877.17,11.9984,-212.656
-1871.74,-150.494,-205.535
-1866.32,-80.6888,-144.566
-1860.89,-221.151,-203.794
-1855.47,-633.76,-256.768
-1850.04,-311.727,-56.3152
-1844.62,141.106,108.588
-1839.19,116.406,-17.6414
-1833.77,39.1388,-138.182
-1828.34,90.1318,-86.5194
-1822.92,139.038,-52.9333
-1817.49,23.8213,-158.679
-1812.07,-171.665,-123.328
-1806.64,-234.787,140.068
-1801.22,-124.414,231.941
-1795.79,-26.03,14.1419
-1790.36,12.1843,-58.8945
-1784.94,82.8183,138.747
-1779.51,-12.445,230.681
-1774.09,-146.279,136.13
-1768.66,-24.6197,61.0061
-1763.24,205.875,86.2002
-1757.81,496.886,127.088
-1752.39,570.109,121.247
-1746.96,310.518,52.6146
-1741.54,69.2592,-59.598
-1736.11,-8.2656,-97.5387
-1730.69,37.9183,-15.5126
-1725.26,102.639,7.78798
-1719.83,144.484,-14.9002
-1714.41,103.1,-59.9415
-1708.98,53.9385,-82.4693
-1703.56,31.0102,-20.3456
-1698.13,1.45463,-30.3487
-1692.71,12.9829,-109.327
-1687.28,-30.2326,-134.677
-1681.86,-48.2147,-6.38191
-1676.43,37.2092,34.6782
-1671.01,108.112,-34.3895
-1665.58,161.624,-3.29912
-1660.16,34.1438,-4.26813
-1654.73,-238.644,-23.3096
-1649.31,-179.69,13.1811
-1643.88,40.1229,110.378
-1638.45,75.7179,158.106
-1633.03,47.9829,98.1022
-1627.6,-11.4379,2.07747
-1622.18,-62.2637,-78.564
-1616.75,-73.466,-48.2332
-1611.33,-37.9596,24.8983
-1605.9,-21.2186,17.1853
-1600.48,-83.1573,-39.0774
-1595.05,-30.4203,0.96791
-1589.63,17.5945,89.4215
-1584.2,-63.7035,81.2071
-1578.78,-27.8452,6.80115
-1573.35,32.2699,-34.5643
-1567.93,-13.7575,15.0264
-1562.5,-34.1129,38.9693
-1557.07,-142.151,88.4676
-1551.65,-168.157,151.903
-1546.22,22.2058,118.842
-1540.8,84.7165,66.2186
-1535.37,67.9079,-5.78613
-1529.95,37.3856,-33.8921
-1524.52,-18.9051,-17.7251
-1519.1,42.272,-15.4174
-1513.67,88.5085,3.01796
-1508.25,34.5544,-17.2451
-1502.82,19.061,-32.9421
-1497.4,15.1791,16.9708
-1491.97,-30.6139,13.7035
-1486.55,-61.6391,4.53583
-1481.12,-78.8635,21.8365
-1475.69,-63.9253,10.7287
-1470.27,-31.766,1.44267
-1464.84,-31.6304,-28.8599
-1459.42,125.32,9.34615
-1453.99,422.836,167.253
-1448.57,442.154,254.643
-1443.14,207.432,159.721
-1437.72,75.7733,30.3999
-1432.29,39.7573,5.62154
-1426.87,-5.30798,51.5265
-1421.44,-16.3685,73.993
-1416.02,7.99907,-20.0031
-1410.59,6.93529,-119.609
-1405.16,-18.3527,-64.2389
-1399.74,-10.4656,-0.665615
-1394.31,15.0266,-14.7366
-1388.89,13.5339,-9.56278
-1383.46,2.45436,23.0232
-1378.04,-14.0783,56.6959
-1372.61,-22.0455,62.3221
-1367.19,36.3248,15.4769
-1361.76,66.1448,78.0742
-1356.34,3.57817,276.157
-1350.91,-8.93885,218.855
-1345.49,9.7086,27.1122
-1340.06,11.0354,46.1282
-1334.64,30.0835,54.5318
-1329.21,28.5071,26.9532
-1323.78,19.9751,46.9551
-1318.36,-5.95975,9.96809
-1312.93,-15.0407,-61.9858
-1307.51,28.0957,-75.8524
-1302.08,56.5614,-20.8061
-1296.66,25.9497,-6.62786
-1291.23,-12.8135,-3.24097
-1285.81,-10.5753,20.4785
-1280.38,-12.1771,-27.0138
-1274.96,-47.2859,-61.291
-1269.53,-67.7265,-21.7647
-1264.11,-40.2597,1.87036
-1258.68,174.658,-102.24
-1253.26,393,-205.554
-1247.83,247.527,-142.962
-1242.4,64.5391,-7.51753
-1236.98,18.2239,64.6118
-1231.55,-39.1966,31.2437
-1226.13,-6.48444,40.2617
-1220.7,31.7503,76.9521
-1215.28,34.8084,52.1061
-1209.85,76.0416,23.1021
-1204.43,32.5802,35.3575
-1199,-19.7471,61.4142
-1193.58,58.6089,53.753
-1188.15,139.044,16.5888
-1182.73,76.8843,-11.7583
-1177.3,-6.99547,42.7988
-1171.87,-2.28013,89.1208
-1166.45,9.76421,31.6724
-1161.02,-50.2217,-36.4062
-1155.6,-204.53,-96.284
-1150.17,-206.832,-110.127
-1144.75,-65.8363,-10.0242
-1139.32,-13.1812,36.443
-1133.9,9.75178,-27.1736
-1128.47,-0.247541,-73.7285
-1123.05,-27.1141,-79.682
-1117.62,9.91445,-80.6482
-1112.2,26.224,-94.8441
-1106.77,-30.9142,-56.4342
-1101.35,-31.4545,-13.0039
-1095.92,-13.7276,-6.8806
-1090.49,-66.0522,61.5112
-1085.07,-79.43,64.5309
-1079.64,-72.2654,-23.9465
-1074.22,-67.4566,-13.4438
-1068.79,-44.7812,32.9969
-1063.37,-65.8307,6.07148
-1057.94,39.5025,-512.365
-1052.52,190.214,-937.048
-1047.09,102.047,-399.768
-1041.67,11.2142,9.93324
-1036.24,28.6163,-33.5451
-1030.82,4.73686,55.6991
-1025.39,-15.263,91.164
-1019.97,-7.92659,-20.8713
-1014.54,-38.9092,-80.5478
-1009.11,-7.60382,-42.5374
-1003.69,103.769,-21.5307
-998.264,113.893,-56.318
-992.838,74.1922,-44.2873
-987.413,59.3834,15.5077
-981.988,29.7865,7.90682
-976.562,42.8369,23.0089
-971.137,69.0955,85.5654
-965.712,70.4503,38.808
-960.286,70.5027,42.1948
-954.861,60.0414,346.148
-949.436,82.0263,405.231
-944.01,115.988,145.747
-938.585,80.082,75.8941
-933.16,9.20312,74.1434
-927.734,-8.93913,78.7921
-922.309,36.2027,32.2559
-916.884,70.525,-73.5649
-911.458,47.726,-59.334
-906.033,-11.5915,-22.9664
-900.608,-4.98915,20.7949
-895.182,40.0814,88.4406
-889.757,18.6524,58.9654
-884.331,32.6277,19.503
-878.906,52.3674,46.9709
-873.481,32.2864,97.6156
-868.055,46.3918,101.829
-862.63,41.5379,39.2455
-857.205,-468.849,97.4692
-851.779,-901.248,159.128
-846.354,-369.164,9.67912
-840.929,89.9585,-66.3577
-835.503,68.0258,-3.91654
-830.078,63.9496,5.80416
-824.653,86.7721,-28.2047
-819.227,56.8754,-15.3658
-813.802,-13.951,53.7001
-808.377,7.72835,42.7821
-802.951,34.0462,-20.3706
-797.526,-2.39315,-28.6556
-792.101,36.1169,-30.2472
-786.675,114.841,-30.5212
-781.25,92.0123,8.95364
-775.825,78.2373,6.83327
-770.399,74.617,-34.2736
-764.974,39.9771,-107.734
-759.549,-19.7585,9.75224
-754.123,-127.96,481.406
-748.698,-99.567,494.812
-743.273,4.21872,81.7691
-737.847,18.0016,-8.50079
-732.422,1.55173,23.1064
-726.996,20.988,-6.26101
-721.571,42.6336,-20.8458
-716.146,2.94483,-5.50162
-710.72,-27.5964,-27.4362
-705.295,-19.7541,-97.9305
-699.87,17.8858,-110.171
-694.444,76.4822,-81.6004
-689.019,82.6458,-79.4307
-683.594,67.5329,-73.2958
-678.168,63.2462,-98.9334
-672.743,50.0049,-74.4533
-667.318,41.7056,32.4953
-661.892,28.504,18.105
-656.467,-17.4114,-359.782
-651.042,-80.9984,-622.605
-645.616,-75.1135,-285.28
-640.191,-50.5572,7.43291
-634.766,-24.5757,66.1479
-629.34,75.8571,75.4547
-623.915,121.384,11.4242
-618.49,104.876,20.5991
-613.064,81.5104,59.1765
-607.639,-0.295116,48.1994
-602.214,-53.0845,19.3189
-596.788,-35.6365,-7.56101
-591.363,-2.49255,-15.323
-585.937,37.1836,3.17957
-580.512,72.7766,12.5926
-575.087,26.1512,19.9729
-569.661,-11.1362,7.62366
-564.236,-43.6642,-34.2367
-558.811,355.519,-101.742
-553.385,1236,-220.519
-547.96,1020.02,-199.816
-542.535,135.399,-49.7136
-537.109,-59.5457,12.3601
-531.684,-8.85021,34.6917
-526.259,36.9141,67.6989
-520.833,39.6273,53.07
-515.408,-0.152641,24.1018
-509.983,4.04386,43.4964
-504.557,-0.755286,56.62
-499.132,11.3271,58.3675
-493.707,37.5786,35.6112
-488.281,9.47827,5.60941
-482.856,-28.1365,-11.2778
-477.431,-8.90397,-20.9495
-472.005,7.32731,-11.8647
-466.58,42.0185,1.05613
-461.154,-29.7992,-41.4892
-455.729,-1032.91,-731.589
-450.304,-1700.62,-1159.63
-444.878,-710.587,-409.392
-439.453,7.88532,54.5159
-434.028,-13.5268,4.38419
-428.602,13.1697,42.8833
-423.177,25.5308,74.4806
-417.752,42.9536,51.8736
-412.326,37.1295,7.16329
-406.901,9.57431,29.1057
-401.476,-4.20023,57.3401
-396.05,-22.8098,37.1233
-390.625,-43.2243,15.5217
-385.2,-30.4249,5.61801
-379.774,-19.3178,1.11614
-374.349,-7.45055,10.5141
-368.924,-5.24027,19.9825
-363.498,36.6049,-45.4966
-358.073,-98.6884,213.844
-352.648,-488.375,837.369
-347.222,-427.763,675.802
-341.797,-56.1898,120.333
-336.371,9.06033,32.2194
-330.946,-5.53864,6.30323
-325.521,40.1543,-25.2291
-320.095,44.6026,-63.0422
-314.67,-0.819181,-82.1708
-309.245,-12.502,-25.6856
-303.819,17.6151,23.7133
-298.394,30.935,52.186
-292.969,28.5382,45.5199
-287.543,15.2067,17.9883
-282.118,12.4859,5.85905
-276.693,24.297,-13.4581
-271.267,-13.6772,-23.5832
-265.842,-9.10605,-18.1531
-260.417,-99.7852,104.636
-254.991,-1253.21,977.073
-249.566,-1886.22,1420.93
-244.141,-660.97,504.202
-238.715,83.2059,-19.311
-233.29,32.7313,36.6008
-227.865,48.5132,9.37056
-222.439,33.0531,11.6922
-217.014,23.8919,6.74692
-211.589,-18.7472,14.1933
-206.163,-63.9927,4.64749
-200.738,-75.3636,-15.0381
-195.312,0.175325,-28.7773
-189.887,35.4163,-27.8238
-184.462,10.928,-10.6249
-179.036,33.2888,42.3124
-173.611,29.6772,63.2948
-168.186,13.9335,65.7372
-162.76,31.2432,-7.36958
-157.335,18.4845,460.886
-151.91,47.0204,1429.1
-146.484,69.4558,1074.1
-141.059,18.0007,114.764
-135.634,-16.7099,-42.9246
-130.208,-19.2552,-34.7841
-124.783,6.40611,-41.4146
-119.358,44.8946,-8.63171
-113.932,72.2497,15.1901
-108.507,22.2102,7.5451
-103.082,-143.168,-86.0118
-97.6562,-187.631,-101.64
-92.2309,-71.947,-23.4178
-86.8055,-2.13372,13.2195
-81.3802,11.3859,24.3069
-75.9549,6.80715,20.4733
-70.5295,25.2985,5.13369
-65.1042,48.1063,31.1356
-59.6788,6.04412,-72.7529
-54.2535,-136.577,-857.69
-48.8281,-213.422,-1197.35
-43.4028,-118.078,-391.424
-37.9774,-29.1539,29.8192
-32.5521,8.58,-7.97956
-27.1267,11.289,34.6386
-21.7014,8.0627,34.3589
-16.276,29.8527,20.2656
-10.8507,29.7476,18.3467
-5.42535,19.622,277.379
0,2.30117e-005,526.447
5.42535,-19.6222,277.379
10.8507,-29.7477,18.3467
16.276,-29.8528,20.2655
21.7014,-8.06272,34.359
27.1267,-11.289,34.6387
32.5521,-8.57997,-7.97957
37.9774,29.1539,29.8192
43.4028,118.078,-391.424
48.8281,213.422,-1197.35
54.2535,136.578,-857.69
59.6788,-6.04408,-72.753
65.1042,-48.1062,31.1355
70.5295,-25.2993,5.13352
75.9549,-6.80774,20.4736
81.3802,-11.386,24.3069
86.8055,2.13373,13.2195
92.2309,71.9469,-23.4178
97.6562,187.631,-101.641
103.082,143.168,-86.0119
108.507,-22.2103,7.54519
113.932,-72.2497,15.1902
119.358,-44.8946,-8.63178
124.783,-6.40616,-41.4147
130.208,19.2552,-34.7841
135.634,16.71,-42.9246
141.059,-18.0007,114.764
146.484,-69.4562,1074.1
151.91,-47.0207,1429.1
157.335,-18.4846,460.886
162.76,-31.2435,-7.36959
168.186,-13.9335,65.7372
173.611,-29.6772,63.2948
179.036,-33.2889,42.3124
184.462,-10.9281,-10.6249
189.887,-35.4163,-27.8239
195.312,-0.175328,-28.7773
200.738,75.3636,-15.038
206.163,63.9927,4.64754
211.589,18.7471,14.1933
217.014,-23.8919,6.74693
222.439,-33.0531,11.6922
227.865,-48.5132,9.37051
233.29,-32.7313,36.6008
238.715,-83.2059,-19.311
244.141,660.97,504.202
249.566,1886.22,1420.93
254.991,1253.21,977.073
260.417,99.7852,104.636
265.842,9.10601,-18.1531
271.267,13.677,-23.5834
276.693,-24.2974,-13.4578
282.118,-12.486,5.8591
287.543,-15.2066,17.9883
292.969,-28.5382,45.5198
298.394,-30.9349,52.1861
303.819,-17.6151,23.7134
309.245,12.5019,-25.6856
314.67,0.81921,-82.1708
320.095,-44.6026,-63.0422
325.521,-40.1543,-25.229
330.946,5.53863,6.30334
336.371,-9.06024,32.2195
341.797,56.1898,120.333
347.222,427.763,675.802
352.648,488.374,837.37
358.073,98.6883,213.845
363.498,-36.6049,-45.4966
368.924,5.24029,19.9825
374.349,7.45059,10.5142
379.774,19.3179,1.11612
385.2,30.4249,5.61805
390.625,43.2243,15.5217
396.05,22.8098,37.1234
401.476,4.20021,57.34
406.901,-9.57434,29.1057
412.326,-37.1295,7.16327
417.752,-42.9536,51.8737
423.177,-25.5308,74.4809
428.602,-13.1696,42.8833
434.028,13.5268,4.38422
439.453,-7.88539,54.5159
444.878,710.587,-409.392
450.304,1700.62,-1159.63
455.729,1032.91,-731.589
461.154,29.7994,-41.4891
466.58,-42.0184,1.05612
472.005,-7.32726,-11.8646
477.431,8.90399,-20.9495
482.856,28.1365,-11.2778
488.281,-9.47827,5.60939
493.707,-37.5786,35.6112
499.132,-11.3271,58.3676
504.557,0.755364,56.6199
509.983,-4.04385,43.4964
515.408,0.152696,24.1018
520.833,-39.6273,53.07
526.259,-36.9141,67.6989
531.684,8.85015,34.6916
537.109,59.5457,12.3601
542.535,-135.399,-49.7135
547.96,-1020.02,-199.817
553.385,-1236,-220.519
558.811,-355.519,-101.742
564.236,43.6643,-34.2366
569.661,11.1364,7.62384
575.087,-26.1513,19.9729
580.512,-72.7766,12.5925
585.937,-37.1837,3.17958
591.363,2.49264,-15.3228
596.788,35.6366,-7.56107
602.214,53.0845,19.319
607.639,0.295117,48.1994
613.064,-81.5105,59.1764
618.49,-104.877,20.599
623.915,-121.384,11.4231
629.34,-75.8572,75.4547
634.766,24.5756,66.1479
640.191,50.5572,7.43285
645.616,75.1135,-285.28
651.042,80.9985,-622.605
656.467,17.4115,-359.782
661.892,-28.5039,18.105
667.318,-41.7055,32.4952
672.743,-50.0049,-74.4533
678.168,-63.2461,-98.9333
683.594,-67.5329,-73.2958
689.019,-82.6458,-79.4307
694.444,-76.4822,-81.6004
699.87,-17.8857,-110.171
705.295,19.7541,-97.9305
710.72,27.5963,-27.4362
716.146,-2.94485,-5.50155
721.571,-42.6336,-20.8458
726.996,-20.988,-6.26099
732.422,-1.55174,23.1063
737.847,-18.0016,-8.5008
743.273,-4.21874,81.7691
748.698,99.5668,494.812
754.123,127.96,481.406
759.549,19.7585,9.75216
764.974,-39.9782,-107.734
770.399,-74.6175,-34.2735
775.825,-78.2374,6.83331
781.25,-92.0123,8.95365
786.675,-114.841,-30.5212
792.101,-36.1171,-30.247
797.526,2.39283,-28.6558
802.951,-34.0463,-20.3707
808.377,-7.7284,42.7821
813.802,13.9509,53.7001
819.227,-56.8753,-15.3659
824.653,-86.772,-28.2047
830.078,-63.9496,5.80412
835.503,-68.0257,-3.91654
840.929,-89.9584,-66.3577
846.354,369.164,9.67923
851.779,901.248,159.128
857.205,468.849,97.4693
862.63,-41.538,39.2455
868.055,-46.3918,101.829
873.481,-32.2864,97.6156
878.906,-52.3675,46.9709
884.331,-32.6278,19.503
889.757,-18.6524,58.9654
895.182,-40.0815,88.4405
900.608,4.9891,20.7949
906.033,11.5914,-22.9664
911.458,-47.726,-59.334
916.884,-70.5249,-73.565
922.309,-36.2027,32.2559
927.734,8.93911,78.7921
933.16,-9.20319,74.1434
938.585,-80.082,75.8942
944.01,-115.988,145.747
949.436,-82.0264,405.23
954.861,-60.0415,346.148
960.286,-70.5028,42.1947
965.712,-70.4505,38.808
971.137,-69.0962,85.565
976.562,-42.8371,23.0088
981.988,-29.7866,7.90687
987.413,-59.3835,15.5077
992.838,-74.1921,-44.2872
998.264,-113.893,-56.318
1003.69,-103.769,-21.5307
1009.11,7.60381,-42.5374
1014.54,38.9092,-80.5478
1019.97,7.92663,-20.8713
1025.39,15.263,91.164
1030.82,-4.73686,55.6991
1036.24,-28.6163,-33.5451
1041.67,-11.2142,9.93323
1047.09,-102.047,-399.768
1052.52,-190.214,-937.049
1057.94,-39.5023,-512.365
1063.37,65.8307,6.0715
1068.79,44.7812,32.9969
1074.22,67.4566,-13.4438
1079.64,72.2654,-23.9464
1085.07,79.4299,64.5309
1090.49,66.0522,61.5112
1095.92,13.7276,-6.88058
1101.35,31.4546,-13.0039
1106.77,30.9142,-56.4342
1112.2,-26.2239,-94.844
1117.62,-9.91423,-80.6479
1123.05,27.1141,-79.6819
1128.47,0.247549,-73.7285
1133.9,-9.75187,-27.1736
1139.32,13.181,36.4428
1144.75,65.836,-10.0243
1150.17,206.832,-110.127
1155.6,204.53,-96.2839
1161.02,50.2217,-36.4062
1166.45,-9.76424,31.6725
1171.87,2.28011,89.1208
1177.3,6.99545,42.7988
1182.73,-76.8842,-11.7583
1188.15,-139.045,16.5887
1193.58,-58.6089,53.753
1199,19.7471,61.4141
1204.43,-32.5801,35.3575
1209.85,-76.0416,23.1021
1215.28,-34.8084,52.1061
1220.7,-31.7503,76.9521
1226.13,6.48429,40.2617
1231.55,39.1964,31.2438
1236.98,-18.2238,64.6118
1242.4,-64.5391,-7.51746
1247.83,-247.527,-142.962
1253.26,-393,-205.554
1258.68,-174.658,-102.24
1264.11,40.2598,1.87053
1269.53,67.7265,-21.7647
1274.96,47.286,-61.291
1280.38,12.1771,-27.0137
1285.81,10.5752,20.4783
1291.23,12.8135,-3.24106
1296.66,-25.9497,-6.62783
1302.08,-56.5613,-20.8061
1307.51,-28.0957,-75.8524
1312.93,15.0406,-61.9859
1318.36,5.95865,9.96713
1323.78,-19.9749,46.9553
1329.21,-28.5071,26.9532
1334.64,-30.0835,54.5318
1340.06,-11.0354,46.1282
1345.49,-9.70859,27.1122
1350.91,8.93877,218.855
1356.34,-3.57819,276.157
1361.76,-66.1448,78.0741
1367.19,-36.3248,15.4769
1372.61,22.0455,62.3221
1378.04,14.0783,56.696
1383.46,-2.45438,23.0232
1388.89,-13.5339,-9.56278
1394.31,-15.0265,-14.7365
1399.74,10.4655,-0.665663
1405.16,18.3526,-64.239
1410.59,-6.93526,-119.609
1416.02,-7.99906,-20.003
1421.44,16.3686,73.993
1426.87,5.30795,51.5266
1432.29,-39.7573,5.6215
1437.72,-75.7733,30.3999
1443.14,-207.432,159.721
1448.57,-442.154,254.642
1453.99,-422.836,167.253
1459.42,-125.32,9.34623
1464.84,31.6301,-28.8599
1470.27,31.7659,1.44272
1475.69,63.9253,10.7287
1481.12,78.8634,21.8366
1486.55,61.6389,4.53586
1491.97,30.6133,13.7035
1497.4,-15.1792,16.9708
1502.82,-19.061,-32.942
1508.25,-34.5545,-17.2451
1513.67,-88.5085,3.0179
1519.1,-42.272,-15.4174
1524.52,18.9051,-17.7251
1529.95,-37.3856,-33.8921
1535.37,-67.908,-5.78611
1540.8,-84.7166,66.2187
1546.22,-22.2058,118.842
1551.65,168.157,151.903
1557.07,142.151,88.4676
1562.5,34.1129,38.9693
1567.93,13.7575,15.0265
1573.35,-32.2701,-34.5644
1578.78,27.8451,6.80118
1584.2,63.7036,81.2071
1589.63,-17.5946,89.4216
1595.05,30.4202,0.967911
1600.48,83.1574,-39.0773
1605.9,21.2186,17.1854
1611.33,37.9595,24.8983
1616.75,73.466,-48.2331
1622.18,62.2636,-78.564
1627.6,11.4379,2.07756
1633.03,-47.9828,98.1021
1638.45,-75.7177,158.106
1643.88,-40.1229,110.378
1649.31,179.69,13.1811
1654.73,238.644,-23.3095
1660.16,-34.1445,-4.26825
1665.58,-161.626,-3.29968
1671.01,-108.112,-34.3895
1676.43,-37.2093,34.6782
1681.86,48.2146,-6.38186
1687.28,30.2326,-134.677
1692.71,-12.983,-109.327
1698.13,-1.45462,-30.3487
1703.56,-31.0102,-20.3456
1708.98,-53.9385,-82.4693
1714.41,-103.1,-59.9415
1719.83,-144.484,-14.9001
1725.26,-102.639,7.78797
1730.69,-37.9184,-15.5126
1736.11,8.26561,-97.5387
1741.54,-69.2591,-59.5979
1746.96,-310.518,52.6143
1752.39,-570.109,121.246
1757.81,-496.886,127.088
1763.24,-205.876,86.2002
1768.66,24.6196,61.0061
1774.09,146.278,136.13
1779.51,12.445,230.681
1784.94,-82.8184,138.747
1790.36,-12.1843,-58.8945
1795.79,26.0298,14.1419
1801.22,124.414,231.941
1806.64,234.787,140.068
1812.07,171.665,-123.328
1817.49,-23.8213,-158.679
1822.92,-139.038,-52.9333
1828.34,-90.1318,-86.5193
1833.77,-39.1395,-138.182
1839.19,-116.406,-17.6421
1844.62,-141.106,108.588
1850.04,311.727,-56.315
1855.47,633.76,-256.768
1860.89,221.151,-203.794
1866.32,80.6888,-144.566
1871.74,150.494,-205.535
1877.17,-11.9983,-212.656
1882.6,204.053,-249.83
1888.02,298.58,-362.967
1893.45,60.1309,-341.185
1898.87,150.305,-15.9489
1904.3,358.153,330.014
1909.72,293.661,323.709
1915.15,145.481,274.898
1920.57,-42.0444,302.636
1926,-313.068,143.32
1931.42,-179.456,-313.203
1936.85,160.303,-623.022
1942.27,291.6,-326.42
1947.7,67.6392,-653.537
1953.12,-1014.95,-1884.4
1958.55,-1125.94,-1524.36
1963.98,-349.667,-430.204
1969.4,-190.797,-661.61
1974.83,86.4056,-727.961
1980.25,673.008,-355.199
1985.68,537.614,-329.105
1991.1,304.122,-164.43
1996.53,-833.019,-161.05
2001.95,2822.86,85.5509
2007.38,19890.6,898.95
2012.8,23074.7,780.633
2018.23,6583.52,16.9932
2023.65,236.986,-366.66
2029.08,877.19,-64.7219
2034.51,566.421,0.830698
2039.93,416.433,-685.209
2045.36,-148.045,-559.563
2050.78,-309.885,663.2
2056.21,-128.514,1207.84
2061.63,153.502,337.673
2067.06,95.898,-249.668
2072.48,45.1433,-123.735
2077.91,-199.658,-180.762
2083.33,-462.763,-330.26
2088.76,-281.677,-451.676
2094.18,-86.4121,-376.279
2099.61,-115.617,-29.648
2105.03,-77.9235,75.7058
2110.46,-103.769,-134.683
2115.89,-223.86,-187.324
2121.31,-140.594,54.0898
2126.74,-74.5098,213.575
2132.16,-279.421,39.7273
2137.59,-379.369,-63.188
2143.01,-354.243,114.174
2148.44,-308.286,205.063
2153.86,-270.728,121.977
2159.29,-190.979,120.259
2164.71,-36.5776,54.0337
2170.14,75.8623,-25.7381
2175.56,118.626,30.8421
2180.99,68.246,12.6112
2186.41,66.2175,-10.7738
2191.84,96.9672,-23.9665
2197.27,100.262,-22.187
2202.69,47.4698,38.23
2208.12,-143.649,116.703
2213.54,-318.179,217.805
2218.97,-233.217,196.834
2224.39,0.652859,92.603
2229.82,15.348,40.1966
2235.24,-73.4122,-64.6721
2240.67,-8.17659,-171.098
2246.09,66.7552,-158.167
2251.52,-232.903,-94.5459
2256.94,-459.634,-108.298
2262.37,-219.058,-146.407
2267.79,-66.68,-45.0298
2273.22,19.0586,117.351
2278.65,230.386,183.788
2284.07,287.487,54.7513
2289.5,84.3245,-20.3905
2294.92,-60.0737,98.726
2300.35,-16.981,145.367
2305.77,41.2668,122.761
2311.2,108.229,-10.5531
2316.62,73.7866,-105.937
2322.05,-12.734,14.8101
2327.47,-57.0011,76.8918
2332.9,-27.9256,26.2847
2338.32,99.0216,-14.674
2343.75,105.841,-104.223
2349.18,118.146,-77.0065
2354.6,176.983,138.658
2360.03,30.8833,97.2371
2365.45,-102.855,-87.8675
2370.88,15.2122,-37.134
2376.3,58.8201,13.0099
2381.73,-71.6124,-103.984
2387.15,-81.1376,-109.69
2392.58,30.0984,98.0634
2398,66.7257,115.859
2403.43,-22.9052,-82.6966
2408.85,-36.2879,-153.222
2414.28,-8.81505,-182.253
2419.7,59.9156,-175.601
2425.13,161.446,-84.4668
2430.56,59.4931,-3.55751
2435.98,-110.317,67.375
2441.41,-138.303,45.2383
2446.83,-53.495,-48.9145
2452.26,8.22875,-146.336
2457.68,26.1439,-92.4209
2463.11,10.2355,59.591
2468.53,10.0156,118.88
2473.96,0.385342,165.07
2479.38,-73.4356,163.276
2484.81,-32.5969,91.0133
2490.23,38.9471,11.1484
2495.66,-35.5674,-7.24175
2501.08,-93.0884,-9.69762
2506.51,-53.7935,-75.2774
2511.94,-43.1734,-40.6609
2517.36,-61.3392,88.2929
2522.79,-68.1379,86.5723
2528.21,-86.2205,8.81824
2533.64,-58.1075,14.1954
2539.06,49.7621,37.1421
2544.49,56.0872,16.567
2549.91,-44.4374,1.30682
2555.34,-48.7382,1.37768
2560.76,-33.2996,-25.8426
2566.19,-57.5389,-71.2729
2571.61,-42.3373,-49.2527
2577.04,-32.8037,0.924154
2582.47,-14.4379,39.5207
2587.89,25.0511,100.869
2593.32,15.4803,129.646
2598.74,3.75865,113.381
2604.17,34.4747,21.1034
2609.59,11.4784,-50.718
2615.02,-64.8181,-15.4105
2620.44,-47.4835,17.5555
2625.87,-1.9256,51.9439
2631.29,-50.0016,88.3786
2636.72,-71.552,71.4399
2642.14,-33.4458,49.1945
2647.57,-38.6559,-49.8732
2652.99,-64.715,-365.468
2658.42,7.81999,-440.158
2663.85,130.147,-124.135
2669.27,137.365,76.4175
2674.7,63.7954,113.845
2680.12,-1.62393,85.6241
2685.55,-17.5507,48.9935
2690.97,20.7366,-4.80612
2696.4,41.1122,-38.7042
2701.82,45.1819,34.6389
2707.25,70.2397,47.2612
2712.67,44.3249,-39.9842
2718.1,8.04842,-89.3891
2723.52,40.9947,-8.00946
2728.95,46.8744,25.5774
2734.37,36.2235,-90.6296
2739.8,45.1901,-126.823
2745.23,28.2375,-16.6732
2750.65,54.6154,118.358
2756.08,117.169,153.495
2761.5,76.5556,95.3931
2766.93,4.38374,33.9376
2772.35,3.28846,23.1698
2777.78,33.2056,83.2755
2783.2,55.3206,140.352
2788.63,48.3777,88.3042
2794.05,9.17541,26.9046
2799.48,-38.0093,51.452
2804.9,-47.0315,36.5688
2810.33,-26.4189,4.99566
2815.75,-10.6904,20.1058
2821.18,-44.7183,-0.825262
2826.61,-44.8714,-20.8928
2832.03,-3.14095,-11.3981
2837.46,-29.4418,-0.456935
2842.88,-49.3898,61.6052
2848.31,-2.2959,34.6577
2853.73,72.2437,-146.248
2859.16,102.7,-204.296
2864.58,70.6096,-45.1013
2870.01,8.6347,91.2865
2875.43,-77.6663,78.5752
2880.86,-87.06,19.3941
2886.28,-9.80708,-11.2557
2891.71,5.9215,-36.8911
2897.14,6.07522,-35.7487
2902.56,13.1149,-51.0945
2907.99,-22.5611,-93.0271
2913.41,-27.6012,-51.7398
2918.84,23.3461,23.6278
2924.26,50.6061,33.5758
2929.69,14.2314,-23.7983
2935.11,-43.707,-46.9881
2940.54,-74.7802,-31.5691
2945.96,-0.215891,-23.0354
2951.39,93.9105,81.8486
2956.81,84.0663,136.187
2962.24,43.2203,-17.0276
2967.66,43.6159,-93.5525
2973.09,47.7685,-3.77462
2978.52,13.3423,64.8573
2983.94,-0.16279,49.9728
2989.37,10.7437,1.89129
2994.79,27.4276,7.25108
3000.22,56.521,10.2879
3005.64,39.919,5.06869
3011.07,3.42058,21.0894
3016.49,-11.0113,-0.333612
3021.92,-12.1732,23.8681
3027.34,0.831974,76.036
3032.77,22.8907,14.0041
3038.19,10.0777,-59.435
3043.62,-40.3892,-79.7601
3049.04,-23.1882,-106.633
3054.47,37.8324,-99.3729
3059.9,36.1764,-84.0816
3065.32,16.633,-77.9033
3070.75,26.1384,-57.1031
3076.17,14.4387,-34.5894
3081.6,-4.34941,5.86535
3087.02,-32.7264,62.7465
3092.45,-69.0667,89.1982
3097.87,-20.4526,57.9211
3103.3,14.841,-18.6008
3108.72,-18.2816,-38.1506
3114.15,-9.13377,19.8841
3119.57,-4.73084,4.17978
3125,-27.9499,-41.7408
3130.43,-68.1668,-20.4414
3135.85,-80.8499,3.2292
3141.28,-22.4581,-7.95292
3146.7,-12.7141,-38.0927
3152.13,-51.2185,-3.62995
3157.55,-24.7906,65.9679
3162.98,62.1206,34.8113
3168.4,88.7145,-16.1896
3173.83,21.9351,0.659167
3179.25,-44.7664,-14.9225
3184.68,-68.3484,-64.2474
3190.1,-29.4984,-42.0419
3195.53,15.7276,18.7953
3200.95,30.3319,59.1787
3206.38,23.3654,69.0224
3211.81,22.3942,74.84
3217.23,34.5118,83.4478
3222.66,-27.1886,29.3569
3228.08,-70.824,-42.5051
3233.51,-16.3214,-50.433
3238.93,22.4536,-4.19092
3244.36,16.1911,14.7883
3249.78,-14.0889,14.8582
3255.21,-82.02,102.891
3260.63,-71.222,136.297
3266.06,45.1281,33.6307
3271.48,70.319,-41.0993
3276.91,15.0485,-51.397
3282.33,-8.24256,-15.4344
3287.76,-16.2808,0.70469
3293.19,-32.7603,-56.8901
3298.61,-54.4683,-94.9402
3304.04,-62.6282,-73.2513
3309.46,-64.7331,-61.3508
3314.89,-49.546,-92.6337
3320.31,-28.5907,-102.502
3325.74,12.5744,-54.3063
3331.16,66.588,-4.77718
3336.59,61.8496,13.3452
3342.01,34.3257,-2.33143
3347.44,42.598,-39.3964
3352.86,30.6965,-15.2027
3358.29,-10.1179,26.2131
3363.71,-12.6484,0.96814
3369.14,25.6363,-0.542736
3374.57,87.8063,-2.62519
3379.99,120.042,-36.603
3385.42,69.995,-11.0155
3390.84,-12.3214,49.8083
3396.27,-32.2748,35.197
3401.69,-4.21474,-8.77802
3407.12,21.9921,49.6904
3412.54,49.6969,71.8252
3417.97,68.0495,25.4962
3423.39,78.3099,31.2332
3428.82,79.3354,5.61216
3434.24,51.5012,-11.363
3439.67,15.6121,3.30287
3445.1,5.57672,-16.4225
3450.52,4.03922,-48.527
3455.95,-2.49494,-50.0928
3461.37,18.2838,-14.1147
3466.8,65.5724,19.0408
3472.22,56.5064,56.2749
3477.65,8.30321,91.6732
3483.07,-12.6828,87.8494
3488.5,-25.0194,3.43637
3493.92,-22.003,-78.3064
3499.35,-53.7398,-67.2661
3504.77,-58.254,-14.8253
3510.2,-12.5477,40.2915
3515.62,-18.8255,90.0269
3521.05,-31.3307,107.001
3526.48,-29.9294,64.011
3531.9,-31.7174,21.9673
3537.33,-43.6138,41.6683
3542.75,-59.6328,86.9882
3548.18,-38.1465,84.6233
3553.6,-35.7819,4.24375
3559.03,-74.1373,-38.7369
3564.45,-52.866,9.63967
3569.88,-14.5889,10.4231
3575.3,9.72015,-8.30397
3580.73,21.8654,3.82361
3586.15,-14.6003,-34.6521
3591.58,-29.3235,-55.161
3597,-33.0046,-31.7608
3602.43,-69.3708,-15.6504
3607.86,-56.6989,-5.51071
3613.28,-19.509,20.4677
3618.71,-35.4064,39.7173
3624.13,-59.7666,21.942
3629.56,-65.9283,34.2919
3634.98,-52.3439,51.388
3640.41,-31.1167,1.38025
3645.83,-29.1882,-53.2493
3651.26,10.4377,-35.7088
3656.68,78.0566,-10.5099
3662.11,82.7991,-21.2057
3667.53,55.2977,-18.0215
3672.96,15.5004,-29.7172
3678.39,-9.36277,-36.9455
3683.81,7.60301,28.6107
3689.24,15.879,78.5274
3694.66,2.65315,17.3869
3700.09,-10.0096,-82.4649
3705.51,-23.6411,-113.016
3710.94,-72.9254,-45.3908
3716.36,-96.6136,23.6406
3721.79,-55.739,7.1952
3727.21,-13.2416,-32.0049
3732.64,25.0123,-59.0475
3738.06,36.6404,-66.8668
3743.49,27.5688,-34.4298
3748.91,23.3954,-27.5984
3754.34,11.7541,-50.4254
3759.77,-13.1969,-29.0042
3765.19,-32.7648,-10.3769
3770.62,3.91431,-21.4564
3776.04,49.4419,-65.2521
3781.47,31.2396,-117.135
3786.89,-18.8964,-99.7536
3792.32,-20.4295,-38.7282
3797.74,4.27174,22.9441
3803.17,27.3758,35.2932
3808.59,65.9181,27.6171
3814.02,65.2997,18.5331
3819.44,11.4434,-3.27067
3824.87,-18.6454,14.8325
3830.29,4.04913,33.3877
3835.72,15.9342,10.8714
3841.15,6.03017,-23.838
3846.57,-23.2434,-51.5542
3852,-43.0769,-70.0918
3857.42,-5.98654,-74.275
3862.85,10.0665,-51.769
3868.27,-46.186,-17.4787
3873.7,-98.3875,-7.65866
3879.12,-75.7662,5.01863
3884.55,-13.8698,5.76936
3889.97,18.543,-32.2798
3895.4,21.3448,-9.54808
3900.82,28.153,46.8029
3906.25,51.2941,39.2426
3911.68,35.2287,17.6703
3917.1,-20.894,0.307992
3922.53,-28.65,-28.3256
3927.95,-5.88528,-39.5396
3933.38,-24.1568,-0.664218
3938.8,-32.7177,70.7074
3944.23,1.61067,90.263
3949.65,26.0796,30.1209
3955.08,48.0817,-15.7073
3960.5,38.6314,9.53245
3965.93,-1.30316,17.5007
3971.35,4.69413,-3.27472
3976.78,36.6316,8.10036
3982.2,58.6927,35.9485
3987.63,39.0473,46.6917
3993.06,-0.192432,2.95278
3998.48,-9.54905,-31.742
4003.91,-20.375,-20.0626
4009.33,-31.1299,-29.1605
4014.76,-12.1679,-19.2829
4020.18,14.4786,15.9767
4025.61,5.72784,16.2045
4031.03,-1.44919,-4.2462
4036.46,2.5927,-39.6548
4041.88,-15.4435,-30.1072
4047.31,-50.366,29.8895
4052.73,-63.7336,32.6026
4058.16,-1.39207,26.9757
4063.58,58.023,-0.0253941
4069.01,40.0176,-61.4658
4074.44,8.14891,-37.7984
4079.86,9.81962,16.4957
4085.29,29.5617,29.6766
4090.71,33.1886,6.68667
4096.14,4.62878,-11.1359
4101.56,-23.9664,7.7805
4106.99,-35.9729,39.5398
4112.41,-14.6372,44.1221
4117.84,33.029,8.27461
4123.26,58.17,-16.6383
4128.69,47.4424,-23.5321
4134.11,29.2415,7.55102
4139.54,24.4323,38.5172
4144.96,2.57548,11.6471
4150.39,-44.6865,-6.5774
4155.82,-52.3043,7.37266
4161.24,-8.77371,29.3182
4166.67,19.8962,26.3279
4172.09,17.5961,12.6246
4177.52,-11.2419,21.8319
4182.94,-7.15345,16.9134
4188.37,23.4578,12.0604
4193.79,18.6434,-0.544988
4199.22,27.4831,-24.6259
4204.64,50.896,9.42035
4210.07,41.4102,10.7851
4215.49,40.4546,-22.7263
4220.92,62.2117,18.1279
4226.35,55.5572,24.9544
4231.77,28.7829,1.96169
4237.2,20.6387,22.5893
4242.62,29.4452,44.1163
4248.05,-16.1529,41.5002
4253.47,-57.2472,6.86052
4258.9,-14.7141,-10.8062
4264.32,-0.99747,-0.557548
4269.75,-2.50174,-1.52165
4275.17,17.9122,-25.1739
4280.6,-2.86782,-15.7596
4286.02,-3.27,27.9714
4291.45,-5.44942,32.2307
4296.87,-41.2444,12.6427
4302.3,-29.252,-5.138
4307.73,0.315039,-39.8079
4313.15,10.108,-38.3592
4318.58,-2.23747,22.0599
4324,-30.0301,49.1102
4329.43,-14.0607,32.836
4334.85,31.9308,19.6105
4340.28,41.1725,16.9526
4345.7,20.4557,30.3615
4351.13,15.2354,42.8692
4356.55,18.0188,35.6342
4361.98,-1.90227,10.2275
4367.4,-4.32369,-7.41736
4372.83,17.2735,29.4845
4378.25,8.41273,47.3658
4383.68,-31.785,7.84583
4389.11,-46.3153,-7.69261
4394.53,16.4431,-32.9604
4399.96,70.5292,-60.862
4405.38,39.8961,-32.8416
4410.81,8.09347,-3.3864
4416.23,8.28701,18.2099
4421.66,5.08684,9.03117
4427.08,0.000862945,-24.8075
4432.51,-4.60675,18.3114
4437.93,-8.94742,45.9392
4443.36,-32.1437,-20.4535
4448.78,-74.2554,-62.6485
4454.21,-69.8198,-32.9342
4459.63,-14.2209,4.92632
4465.06,23.0308,2.79938
4470.49,-4.68604,35.1637
4475.91,-47.8942,67.6062
4481.34,-34.5672,-2.67801
4486.76,8.67219,-58.8878
4492.19,30.4099,-58.0968
4497.61,11.495,-37.5318
4503.04,-19.6543,-6.76547
4508.46,-41.4651,-28.415
4513.89,-70.9067,-43.5448
4519.31,-73.7524,-13.1262
4524.74,-38.3691,-16.0694
4530.16,-19.2586,-3.98511
4535.59,-11.4634,39.9555
4541.02,-4.33044,40.4259
4546.44,-22.6719,10.1122
4551.87,-29.1662,-4.1466
4557.29,-11.6828,2.25769
4562.72,-4.99015,-1.18474
4568.14,13.0839,7.24747
4573.57,39.6849,33.2173
4578.99,37.9458,20.4206
4584.42,35.7575,-4.99801
4589.84,52.9964,14.6824
4595.27,41.7196,16.7687
4600.69,-6.72506,-5.56018
4606.12,-23.7518,17.6125
4611.54,-3.20138,26.5162
4616.97,24.6789,21.769
4622.4,48.7209,37.7112
4627.82,26.8935,34.512
4633.25,-25.7244,15.3838
4638.67,-47.981,-14.7009
4644.1,-22.0571,-16.0494
4649.52,-23.3854,-20.5284
4654.95,-64.4597,-54.3319
4660.37,-64.2376,-23.6016
4665.8,-19.2044,18.8268
4671.22,0.521739,13.4744
4676.65,-39.0959,-11.7779
4682.07,-45.1006,-31.8885
4687.5,15.2372,-23.846
4692.92,72.6787,-29.7639
4698.35,53.4972,-17.7166
4703.78,-2.66812,17.5543
4709.2,-10.8623,0.763535
4714.63,-51.079,-27.0725
4720.05,-107.435,-17.1792
4725.48,-97.6435,12.1477
4730.9,-78.6537,24.1174
4736.33,-70.6322,11.8656
4741.75,-51.1265,1.13077
4747.18,-8.00564,9.02344
4752.6,28.1738,7.92911
4758.03,4.57109,-22.6641
4763.45,-11.299,-1.68366
4768.88,6.07635,30.4742
4774.31,24.9431,22.8177
4779.73,22.419,34.9294
4785.16,7.5529,46.1164
4790.58,8.37059,19.1867
4796.01,0.253419,-13.3137
4801.43,17.8663,4.81927
4806.86,50.8849,32.1082
4812.28,62.4981,47.788
4817.71,37.4054,70.3636
4823.13,-24.7508,44.652
4828.56,-28.2993,-18.8557
4833.98,41.8137,-27.693
4839.41,31.8426,13.0266
4844.83,-36.7191,24.4225
4850.26,-29.641,8.29809
4855.69,-9.97632,9.75055
4861.11,6.83341,7.11358
4866.54,23.7143,-6.48428
4871.96,-9.6058,4.29791
4877.39,-26.8555,-13.2665
4882.81,-19.5969,-25.2051
4888.24,-37.7936,5.86986
4893.66,-12.6953,15.6316
4899.09,47.7086,20.4413
4904.51,40.1908,11.2815
4909.94,1.83607,-29.127
4915.36,-26.8781,-22.5822
4920.79,-70.972,26.6368
4926.21,-107.188,9.65303
4931.64,-64.7469,-12.6822
4937.07,2.50973,18.2494
4942.49,-16.0056,29.6893
4947.92,-37.5649,21.9531
4953.34,-37.1612,12.5953
4958.77,-42.2234,3.55085
4964.19,-18.2385,-5.92443
4969.62,-10.4079,-22.1909
4975.04,-24.5312,-33.5768
4980.47,4.51959,-59.5074
4985.89,57.4197,-60.9209
4991.32,41.4591,-31.0358
4996.74,-4.50195,-33.911
5002.17,-4.70184,-26.1972
5007.6,-20.7824,-13.2182
5013.02,-16.7501,-14.8994
5018.45,30.1893,-29.1859
5023.87,11.6099,-48.9336
5029.3,-32.5305,-28.0002
5034.72,-35.9664,-25.5755
5040.15,-24.9623,-42.548
5045.57,-19.1337,-30.1181
5051,-0.40655,-36.8742
5056.42,27.8863,-35.623
5061.85,20.8137,0.891097
5067.27,-18.8891,-0.21565
5072.7,-34.8471,-12.5787
5078.12,5.94009,-9.61956
5083.55,40.0046,-24.8754
5088.98,53.6968,-21.7334
5094.4,92.9221,-55.2626
5099.83,80.0814,-99.644
5105.25,18.8242,-38.1845
5110.68,-24.2879,48.5661
5116.1,-65.0364,55.3325
5121.53,-38.2899,25.5757
5126.95,24.9551,7.0091
5132.38,16.0388,15.9459
5137.8,-15.1145,44.0356
5143.23,-12.0121,39.1024
5148.65,-17.5398,17.1047
5154.08,-35.5301,-15.0148
5159.5,-15.5491,-26.0983
5164.93,-18.0941,23.9342
5170.36,-43.5653,81.4001
5175.78,-12.5988,66.751
5181.21,15.5149,-11.8259
5186.63,3.90712,-36.3122
5192.06,-11.6013,2.38472
5197.48,-11.7995,14.4569
5202.91,17.0752,-1.72852
5208.33,42.3018,-27.6424
5213.76,18.4854,-60.2694
5219.18,-22.1486,-49.2361
5224.61,-27.4743,22.1451
5230.03,-28.778,35.2652
5235.46,-65.7414,-7.04189
5240.88,-61.2169,-8.92445
5246.31,-14.7131,6.56232
5251.74,-9.4009,33.2117
5257.16,-23.3304,29.8041
5262.59,-25.1038,-10.3028
5268.01,-11.8868,-10.489
5273.44,-14.3448,-4.73498
5278.86,-15.9382,-7.53046
5284.29,7.90996,-3.2323
5289.71,-26.8477,-43.8809
5295.14,-83.9154,-59.8713
5300.56,-57.8405,-9.69525
5305.99,15.9791,44.7001
5311.41,55.1483,64.6612
5316.84,32.6544,38.1745
5322.27,5.76217,26.8878
5327.69,27.7745,1.17734
5333.12,55.9881,-31.6127
5338.54,26.2053,17.9231
5343.97,-7.45163,53.7968
5349.39,5.52016,37.2966
5354.82,11.2368,13.7891
5360.24,-7.77361,-13.8955
5365.67,-15.3586,-1.99142
5371.09,25.953,11.1919
5376.52,58.8433,-12.2155
5381.94,42.2661,1.06678
5387.37,37.5811,26.2157
5392.79,0.818687,15.3401
5398.22,-40.5599,7.94592
5403.65,-27.333,10.2393
5409.07,-24.1423,6.05054
5414.5,0.371821,-5.1983
5419.92,2.41964,6.60299
5425.35,-35.8347,33.3359
5430.77,1.36236,13.8758
5436.2,23.8475,-53.0841
5441.62,21.4917,-93.8725
5447.05,44.5063,-95.1894
5452.47,41.9989,-75.7975
5457.9,32.7307,-38.8634
5463.32,-18.4853,-29.8452
5468.75,-41.5758,-57.9277
5474.17,1.19475,-69.3878
5479.6,10.3885,-30.6143
5485.03,-25.6288,10.5478
5490.45,-49.6667,-0.00956986
5495.88,-8.12209,-21.3608
5501.3,48.9324,22.0156
5506.73,32.5688,104.493
5512.15,-23.1564,121.089
5517.58,-36.5111,58.4788
5523,-25.3688,3.45779
5528.43,-24.9873,1.90027
5533.85,-26.9352,2.77511
5539.28,-8.24688,-3.18099
5544.7,17.3109,7.92963
5550.13,15.1107,12.1954
