-5555.56,18.4843,-23.6588
-5550.13,35.3174,-18.98
-5544.7,38.8769,14.4779
-5539.28,28.8863,39.7766
-5533.85,31.9926,0.555501
-5528.43,19.0838,-28.7399
-5523,-19.3071,-4.07275
-5517.58,-54.3837,7.31258
-5512.15,-61.4913,-28.0738
-5506.73,-18.6041,-13.1887
-5501.3,20.0375,15.3999
-5495.88,14.9454,-28.0429
-5490.45,22.3162,-39.2807
-5485.03,40.2377,4.85651
-5479.6,10.4538,45.267
-5474.17,-26.3542,47.6344
-5468.75,-7.85902,17.1754
-5463.32,4.18346,18.4261
-5457.9,-2.45804,11.0084
-5452.47,10.3303,-9.93238
-5447.05,10.4366,18.9188
-5441.62,-11.0961,4.93393
-5436.2,-42.3674,-53.0774
-5430.77,-50.6208,-41.7794
-5425.35,-23.4662,-8.94361
-5419.92,-20.0314,7.54024
-5414.5,-36.3862,2.1085
-5409.07,-8.70848,-37.2251
-5403.65,22.0998,-60.4737
-5398.22,13.0283,-79.7326
-5392.79,-11.3589,-61.5709
-5387.37,0.428912,7.64882
-5381.94,43.673,40.0196
-5376.52,36.5677,23.5757
-5371.09,-2.60413,2.86141
-5365.67,-7.40656,-13.4216
-5360.24,4.52694,-41.9017
-5354.82,-7.08916,-44.6205
-5349.39,-0.745443,-7.23612
-5343.97,21.9375,-6.66958
-5338.54,-14.4809,-48.8866
-5333.12,-38.857,-60.0928
-5327.69,-15.2811,-30.8925
-5322.27,-13.5302,-10.0603
-5316.84,-11.6972,-25.4606
-5311.41,-11.1845,-36.3735
-5305.99,-36.1446,-19.4767
-5300.56,-46.8784,-17.1365
-5295.14,-51.0724,-36.5434
-5289.71,-78.4941,-25.1073
-5284.29,-56.6959,1.28908
-5278.86,14.6407,6.02002
-5273.44,65.3741,-15.6831
-5268.01,58.8295,-44.4125
-5262.59,11.7602,-29.6542
-5257.16,1.18521,-13.7421
-5251.74,-1.10696,-7.25052
-5246.31,-19.0565,-5.50765
-5240.88,3.03307,-17.6312
-5235.46,43.7352,9.29833
-5230.03,55.944,24.3484
-5224.61,45.9505,-17.7437
-5219.18,37.138,-35.7644
-5213.76,31.0829,-7.22401
-5208.33,17.9074,2.09959
-5202.91,-0.252824,-1.58123
-5197.48,-18.9541,1.95399
-5192.06,-16.3781,3.33113
-5186.63,16.7057,21.6831
-5181.21,53.5675,17.8687
-5175.78,29.8077,2.96162
-5170.36,-37.3093,24.9748
-5164.93,-25.9901,25.3664
-5159.5,27.7622,-8.69073
-5154.08,14.1078,-29.7372
-5148.65,7.93842,-33.703
-5143.23,29.8367,-27.1277
-5137.8,10.146,-18.7384
-5132.38,0.163307,-8.63438
-5126.95,20.8373,-2.68421
-5121.53,54.8305,-19.1976
-5116.1,82.2747,-18.2779
-5110.68,51.1044,12.2225
-5105.25,22.7738,14.6782
-5099.83,40.0421,4.43109
-5094.4,29.9308,29.4645
-5088.98,5.50381,39.2475
-5083.55,14.8245,24.036
-5078.12,26.3843,4.53156
-5072.7,24.1021,-19.1914
-5067.27,34.4112,-21.4769
-5061.85,30.5944,-52.4678
-5056.42,-12.6342,-61.673
-5051,-52.9277,-24.4041
-5045.57,-62.5943,1.2299
-5040.15,-53.4871,23.109
-5034.72,-51.0568,29.2939
-5029.3,-68.3235,21.1239
-5023.87,-56.7027,-22.3103
-5018.45,13.9482,-38.1856
-5013.02,78.1639,-10.4763
-5007.6,91.3136,-6.841
-5002.17,76.8987,4.67888
-4996.74,38.2042,8.40365
-4991.32,-6.86126,-12.7443
-4985.89,-26.4912,-5.76664
-4980.47,-42.6422,26.1096
-4975.04,-25.4092,21.8254
-4969.62,21.9779,-14.933
-4964.19,60.217,-34.5113
-4958.77,78.4526,-18.5717
-4953.34,66.4387,21.5284
-4947.92,49.3559,-2.25563
-4942.49,25.2462,-42.7514
-4937.07,25.0344,-16.5148
-4931.64,4.01695,-19.8751
-4926.21,-56.2597,-53.8456
-4920.79,-54.5731,-55.9238
-4915.36,-22.314,-19.322
-4909.94,-9.78027,4.75172
-4904.51,-21.1202,7.64097
-4899.09,-69.801,23.8167
-4893.66,-88.7979,16.4661
-4888.24,-46.8003,10.4324
-4882.81,-21.8329,1.77655
-4877.39,-6.93535,-36.3767
-4871.96,61.1654,-59.6063
-4866.54,83.7608,-57.1369
-4861.11,0.967031,-31.5661
-4855.69,-65.927,-15.6851
-4850.26,-41.9853,-15.8343
-4844.83,29.2091,-1.01412
-4839.41,42.9156,9.12216
-4833.98,12.1021,0.832183
-4828.56,12.5088,-18.0724
-4823.13,22.5328,-38.5129
-4817.71,14.7417,-33.2465
-4812.28,-10.8661,9.4227
-4806.86,-31.0947,23.5217
-4801.43,-24.7294,-9.58337
-4796.01,-23.1285,-9.5292
-4790.58,-35.1735,23.3128
-4785.16,-13.8902,19.8073
-4779.73,40.7338,-4.74385
-4774.31,88.6708,21.842
-4768.88,102.334,49.1439
-4763.45,46.846,28.6843
-4758.03,-31.359,6.44357
-4752.6,-48.2959,-16.8898
-4747.18,-15.5666,1.22212
-4741.75,46.5587,51.5845
-4736.33,75.7888,82.9041
-4730.9,37.6082,99.9272
-4725.48,-6.92647,51.3448
-4720.05,-22.0593,-7.12162
-4714.63,-33.9304,-15.9117
-4709.2,-32.816,-10.1627
-4703.78,2.26051,8.69447
-4698.35,-8.93132,3.23902
-4692.92,-27.5879,-14.0355
-4687.5,-5.97526,7.06976
-4682.07,-4.97891,48.9141
-4676.65,-13.1057,21.7557
-4671.22,-16.9706,-67.0668
-4665.8,-11.1043,-80.963
-4660.37,2.3567,-23.6411
-4654.95,-14.0802,2.08647
-4649.52,-25.7248,-7.55585
-4644.1,3.13654,4.03411
-4638.67,24.7376,25.4252
-4633.25,16.3629,23.8833
-4627.82,12.9189,-1.87148
-4622.4,30.9732,-43.8926
-4616.97,23.6934,-39.1893
-4611.54,-1.35652,-7.64367
-4606.12,3.0609,-9.05433
-4600.69,2.2546,-14.1956
-4595.27,-20.4359,6.22842
-4589.84,-25.9673,16.4957
-4584.42,-0.623458,0.829019
-4578.99,43.304,14.2396
-4573.57,55.3132,17.4566
-4568.14,10.8638,11.8452
-4562.72,-18.4054,16.4682
-4557.29,-19.7858,28.9265
-4551.87,-30.8477,69.5546
-4546.44,-41.0537,82.0624
-4541.02,-36.1441,45.236
-4535.59,-5.49194,-0.487245
-4530.16,7.11439,0.0721648
-4524.74,-15.2595,0.586293
-4519.31,-25.2167,-31.5987
-4513.89,-3.58362,8.6399
-4508.46,45.7692,56.7922
-4503.04,67.1855,13.6398
-4497.61,31.3263,-39.6476
-4492.19,2.7175,-23.9498
-4486.76,3.27855,16.8574
-4481.34,6.11575,-10.3456
-4475.91,-0.739641,-39.2932
-4470.49,-10.3928,-11.0425
-4465.06,-19.4935,-3.96504
-4459.63,-24.4018,-38.0886
-4454.21,19.4611,-33.0423
-4448.78,50.4214,0.494587
-4443.36,16.9631,-19.3275
-4437.93,-3.44208,-33.9921
-4432.51,-19.0899,15.3859
-4427.08,-26.8053,43.1869
-4421.66,4.91215,40.9043
-4416.23,9.79364,31.0521
-4410.81,-17.7148,14.6437
-4405.38,-25.8821,7.68508
-4399.96,-2.80782,-37.5288
-4394.53,43.1436,-74.8655
-4389.11,50.6896,-47.0644
-4383.68,-0.848323,-4.58171
-4378.25,-19.9145,34.6021
-4372.83,17.38,58.3623
-4367.4,21.1291,51.8236
-4361.98,24.813,54.119
-4356.55,50.5114,42.8412
-4351.13,21.9326,3.41692
-4345.7,-18.453,-5.12613
-4340.28,1.94234,21.1699
-4334.85,40.8255,28.4044
-4329.43,14.2628,19.6848
-4324,-6.33035,9.91731
-4318.58,17.7518,-8.50292
-4313.15,2.43508,-15.473
-4307.73,-8.50828,-0.236104
-4302.3,33.0345,17.7971
-4296.87,69.6068,21.3524
-4291.45,58.3905,18.9571
-4286.02,26.8369,20.3443
-4280.6,-13.2227,54.0622
-4275.17,-49.7906,42.3476
-4269.75,-19.1504,-29.8089
-4264.32,32.8921,-39.4999
-4258.9,59.1584,-17.77
-4253.47,60.4964,-24.3684
-4248.05,14.3387,-33.0801
-4242.62,44.512,-11.4757
-4237.2,108.484,8.07576
-4231.77,62.7771,-39.9376
-4226.35,7.87049,-106.393
-4220.92,-16.3747,-104.24
-4215.49,-40.1085,-39.1786
-4210.07,-58.9117,-6.85199
-4204.64,-61.7496,-21.115
-4199.22,-56.9141,4.80383
-4193.79,-34.3441,19.7517
-4188.37,6.72128,4.65154
-4182.94,-6.14414,25.1069
-4177.52,-22.3558,29.0999
-4172.09,15.5143,5.74208
-4166.67,0.933023,5.34986
-4161.24,-57.553,36.1545
-4155.82,-64.0513,41.6002
-4150.39,-46.9969,-15.1157
-4144.96,-33.3477,-17.8647
-4139.54,-16.879,19.126
-4134.11,-36.9569,1.93772
-4128.69,-71.0851,-3.54071
-4123.26,-42.0492,-0.262966
-4117.84,-13.0108,18.3132
-4112.41,4.89932,52.8804
-4106.99,43.2508,25.3051
-4101.56,19.1235,9.46902
-4096.14,-22.4995,42.217
-4090.71,-8.39535,70.2741
-4085.29,-4.99045,82.5897
-4079.86,-29.7568,38.6141
-4074.44,-27.1158,-3.29202
-4069.01,-7.63476,10.8429
-4063.58,14.0881,5.71299
-4058.16,22.4996,-18.607
-4052.73,20.924,2.36286
-4047.31,44.8443,8.93655
-4041.88,45.9436,-6.35167
-4036.46,20.7976,5.81456
-4031.03,34.3239,-22.1783
-4025.61,31.1692,-30.3523
-4020.18,-25.9204,17.4157
-4014.76,-54.6105,13.1034
-4009.33,-34.0855,-12.7624
-4003.91,-13.6448,2.56039
-3998.48,-2.55244,15.4047
-3993.06,42.1525,25.399
-3987.63,65.4415,37.2008
-3982.2,36.1864,24.9324
-3976.78,15.5092,11.8352
-3971.35,9.09588,14.7538
-3965.93,16.5928,23.3935
-3960.5,31.9492,27.4497
-3955.08,24.1837,25.8131
-3949.65,-20.2937,22.5406
-3944.23,-30.0207,16.3099
-3938.8,-1.90855,-21.0012
-3933.38,2.48344,-64.0751
-3927.95,14.6048,-61.3148
-3922.53,36.7622,-15.0074
-3917.1,45.1705,16.5654
-3911.68,38.3144,-7.5473
-3906.25,13.6493,-24.6625
-3900.82,-6.95435,-0.460384
-3895.4,-10.1947,4.65879
-3889.97,1.93839,-43.7477
-3884.55,19.896,-60.9378
-3879.12,4.39061,-15.0305
-3873.7,-7.52366,14.0728
-3868.27,26.1667,11.0893
-3862.85,34.4837,-35.8658
-3857.42,34.3787,-119.174
-3852,49.6111,-115.864
-3846.57,26.9064,-4.06605
-3841.15,-14.0019,72.6987
-3835.72,-33.4881,62.6275
-3830.29,-17.5171,30.9026
-3824.87,-13.0325,-20.904
-3819.44,-19.4476,-68.6125
-3814.02,3.67039,-38.1972
-3808.59,15.9155,-10.2468
-3803.17,9.52829,-13.9502
-3797.74,9.58994,18.9876
-3792.32,36.2479,33.7666
-3786.89,51.505,33.0327
-3781.47,24.1754,45.0788
-3776.04,0.815905,5.19845
-3770.62,-20.4348,-37.7769
-3765.19,-23.1705,-48.4538
-3759.77,12.1025,-86.8829
-3754.34,-1.34452,-82.0873
-3748.91,-22.5378,-34.5402
-3743.49,8.73549,-19.5049
-3738.06,11.2278,-26.9061
-3732.64,4.43807,-34.3627
-3727.21,30.3853,-32.4605
-3721.79,30.7298,-25.7552
-3716.36,-2.94519,-12.6022
-3710.94,-7.68604,-0.538527
-3705.51,17.5668,-4.56083
-3700.09,38.2806,-19.7289
-3694.66,29.972,-14.2059
-3689.24,23.0842,6.55394
-3683.81,8.70517,31.5258
-3678.39,-45.8258,28.1427
-3672.96,-43.6208,-29.0111
-3667.53,-5.98147,-46.7183
-3662.11,-30.966,19.4702
-3656.68,-30.9315,59.4134
-3651.26,46.8168,31.4437
-3645.83,74.9668,2.93641
-3640.41,13.4529,-7.90889
-3634.98,-35.9373,-18.6236
-3629.56,-41.0855,-32.5487
-3624.13,-29.9236,-44.8806
-3618.71,2.61481,-45.0106
-3613.28,53.1853,-14.5122
-3607.86,68.6211,22.643
-3602.43,24.5904,43.3334
-3597,-17.2905,43.015
-3591.58,-43.586,-3.4887
-3586.15,-75.8927,-26.4398
-3580.73,-66.1784,-8.97931
-3575.3,-22.407,-24.821
-3569.88,10.3357,-9.35644
-3564.45,6.24441,6.99756
-3559.03,-7.584,-63.8769
-3553.6,-2.79194,-63.6647
-3548.18,0.247457,14.243
-3542.75,29.0659,8.86854
-3537.33,25.7899,-31.302
-3531.9,-22.5235,-24.8438
-3526.48,-29.2543,12.8786
-3521.05,-35.3443,8.76229
-3515.62,-38.8541,-20.8186
-3510.2,-6.01592,-23.182
-3504.77,24.1639,1.76573
-3499.35,40.4745,23.3936
-3493.92,38.0906,-4.04351
-3488.5,37.113,1.63497
-3483.07,49.7631,23.8803
-3477.65,67.5009,-5.71899
-3472.22,63.9738,-45.522
-3466.8,33.6972,-45.9623
-3461.37,12.8477,19.4254
-3455.95,-30.9383,88.1655
-3450.52,-55.3152,73.0542
-3445.1,-11.7544,-3.45916
-3439.67,10.5058,-37.998
-3434.24,5.29973,-37.7946
-3428.82,27.7137,-12.7446
-3423.39,28.2799,41.1364
-3417.97,-0.0190811,81.4776
-3412.54,-9.77189,56.6347
-3407.12,-12.465,-21.2772
-3401.69,-33.1431,-29.9761
-3396.27,-58.0364,2.62297
-3390.84,-40.516,17.2824
-3385.42,-25.5946,32.4418
-3379.99,-33.7293,15.8545
-3374.57,-7.90538,3.28435
-3369.14,77.1166,5.91219
-3363.71,127.506,-13.6284
-3358.29,25.9321,-18.1297
-3352.86,-46.7913,-20.2607
-3347.44,-14.733,-14.9332
-3342.01,-35.9039,40.0868
-3336.59,-52.6571,59.4411
-3331.16,-14.4579,11.8036
-3325.74,-16.8587,8.96511
-3320.31,-36.8895,18.007
-3314.89,-0.740752,-16.5005
-3309.46,17.8537,-37.3906
-3304.04,51.4205,-43.2334
-3298.61,116.815,-10.3749
-3293.19,58.8342,42.3537
-3287.76,-20.8556,50.7546
-3282.33,14.0715,37.9
-3276.91,20.428,35.9189
-3271.48,-47.0234,16.7123
-3266.06,-61.6539,-10.0311
-3260.63,-13.8341,13.0001
-3255.21,37.4791,25.0516
-3249.78,49.1098,9.15732
-3244.36,28.2658,45.5268
-3238.93,28.0002,67.0504
-3233.51,1.14898,46.4548
-3228.08,-53.547,24.9759
-3222.66,-41.2348,6.96696
-3217.23,-22.8795,7.83219
-3211.81,-51.8812,-40.4294
-3206.38,-25.8513,-90.1711
-3200.95,15.0599,-42.411
-3195.53,22.3732,2.97507
-3190.1,28.8946,-2.08381
-3184.68,4.05547,14.0442
-3179.25,-2.23557,26.3308
-3173.83,-9.1314,2.98431
-3168.4,-19.5445,-18.1104
-3162.98,10.8005,65.9708
-3157.55,26.622,198.936
-3152.13,11.5641,135.496
-3146.7,-40.1052,16.2848
-3141.28,-51.9156,28.7824
-3135.85,-13.2835,32.8028
-3130.43,-19.1884,2.76247
-3125,-7.19217,17.0424
-3119.57,27.2567,31.7394
-3114.15,7.70091,3.02978
-3108.72,4.97522,-50.61
-3103.3,38.1888,-66.106
-3097.87,34.8727,-44.7237
-3092.45,-14.2722,-10.5841
-3087.02,-43.3515,93.4852
-3081.6,5.51347,139.724
-3076.17,46.5739,32.0635
-3070.75,9.42698,-60.001
-3065.32,-15.1414,-64.2972
-3059.9,-0.221977,-102.812
-3054.47,-25.9671,-123.255
-3049.04,-68.4612,-44.2122
-3043.62,-48.5103,51.683
-3038.19,-9.37582,71.223
-3032.77,5.88133,-5.41819
-3027.34,8.57557,-46.2208
-3021.92,-51.0981,-17.2195
-3016.49,-89.9717,-8.75512
-3011.07,0.485149,-39.2982
-3005.64,58.668,-98.5336
-3000.22,-37.2109,-122.979
-2994.79,-104.46,-79.7302
-2989.37,-17.9221,-15.7904
-2983.94,70.3198,24.2267
-2978.52,22.5172,-12.9158
-2973.09,-44.4287,-11.1904
-2967.66,-46.0353,96.6374
-2962.24,36.54,100.017
-2956.81,201.753,-10.0939
-2951.39,168.473,-56.9395
-2945.96,36.4881,-39.5493
-2940.54,55.5166,-46.4902
-2935.11,76.033,-52.1995
-2929.69,37.3756,13.2646
-2924.26,21.8371,33.0296
-2918.84,45.0448,-34.1705
-2913.41,32.6891,-60.2448
-2907.99,-6.44335,-65.5512
-2902.56,-50.5905,-36.7101
-2897.14,-69.4485,26.5612
-2891.71,-84.1441,-9.88462
-2886.28,-86.9836,-57.4461
-2880.86,-27.3181,-24.4497
-2875.43,10.2052,25.0146
-2870.01,13.9603,51.1921
-2864.58,9.57769,60.4308
-2859.16,9.06045,141.743
-2853.73,-10.2614,169.299
-2848.31,-27.4968,91.3788
-2842.88,-11.5631,75.9268
-2837.46,-26.787,95.8476
-2832.03,-30.8882,65.8662
-2826.61,-10.5581,-4.43359
-2821.18,-71.0265,-42.7859
-2815.75,-172.712,-11.5354
-2810.33,-145.679,63.5846
-2804.9,-43.4607,76.4869
-2799.48,-22.5552,34.6087
-2794.05,-18.7982,3.69633
-2788.63,65.3384,-38.3236
-2783.2,112.472,-47.2835
-2777.78,75.1544,-30.2657
-2772.35,62.634,-9.38172
-2766.93,60.9634,27.1267
-2761.5,48.214,-41.353
-2756.08,-2.66891,-194.378
-2750.65,-47.7243,-178.628
-2745.23,-33.6361,-57.7022
-2739.8,-8.11617,-17.4485
-2734.37,3.60135,-18.7297
-2728.95,22.619,11.7711
-2723.52,101.992,49.774
-2718.1,113.692,-5.06472
-2712.67,19.4832,-70.5697
-2707.25,-10.7369,-81.601
-2701.82,1.44343,-71.8175
-2696.4,5.30712,-4.3
-2690.97,16.9164,67.2586
-2685.55,10.7124,85.6619
-2680.12,-8.10325,80.3863
-2674.7,29.6494,37.1859
-2669.27,41.2128,24.4721
-2663.85,-47.959,67.0264
-2658.42,88.3814,-56.9653
-2652.99,229.528,-203.883
-2647.57,64.6286,-100.683
-2642.14,-0.188243,14.7445
-2636.72,13.3885,22.1253
-2631.29,9.14503,1.88574
-2625.87,55.5502,-55.881
-2620.44,31.3844,-7.16903
-2615.02,16.8367,78.614
-2609.59,42.666,33.2913
-2604.17,35.4047,22.0436
-2598.74,-4.42872,70.0066
-2593.32,-19.4038,88.5139
-2587.89,31.6399,77.0832
-2582.47,63.9917,43.7538
-2577.04,46.5335,51.6269
-2571.61,-10.2445,62.777
-2566.19,-65.1892,-4.49481
-2560.76,-93.62,-39.5069
-2555.34,-149.833,-2.37828
-2549.91,-124.604,-2.24911
-2544.49,-17.5828,20.6329
-2539.06,-5.40833,55.0724
-2533.64,-51.5479,-49.6943
-2528.21,-39.119,-165.598
-2522.79,-3.9048,-120.212
-2517.36,8.98845,-60.3321
-2511.94,29.1864,-91.411
-2506.51,41.6328,-166.572
-2501.08,60.7567,-201.232
-2495.66,64.8954,-94.402
-2490.23,-3.59481,29.6509
-2484.81,-73.2864,34.2842
-2479.38,-19.3624,40.8981
-2473.96,51.5113,74.9849
-2468.53,17.0618,68.9089
-2463.11,-49.1729,20.0188
-2457.68,-226.475,-71.0421
-2452.26,-208.799,-108.215
-2446.83,81.9033,-6.11344
-2441.41,119.444,141.891
-2435.98,19.9024,171.464
-2430.56,-21.7283,111.47
-2425.13,-83.1548,152.125
-2419.7,-45.9241,223.509
-2414.28,93.3296,156.911
-2408.85,201.954,67.2918
-2403.43,189.009,14.238
-2398,94.5397,11.4228
-2392.58,32.2168,59.7378
-2387.15,-4.599,-30.8566
-2381.73,2.30819,-126.03
-2376.3,12.9109,-75.9556
-2370.88,-73.0227,-22.7061
-2365.45,-163.863,3.8078
-2360.03,-45.9812,-91.3552
-2354.6,183.243,-183.284
-2349.18,176.371,-101.21
-2343.75,-2.55944,4.50805
-2338.32,-33.1575,-12.2005
-2332.9,51.3829,-95.3216
-2327.47,65.8512,-84.4192
-2322.05,77.0206,-10.137
-2316.62,70.8139,0.135395
-2311.2,127.14,-22.5822
-2305.77,244.955,49.4001
-2300.35,131.403,-3.21798
-2294.92,-13.848,-81.2547
-2289.5,-19.3924,53.5674
-2284.07,-27.5927,75.0641
-2278.65,-67.2,-36.0567
-2273.22,-150.478,16.0214
-2267.79,-99.8848,28.1224
-2262.37,-55.7686,-38.2736
-2256.94,-295.14,307.806
-2251.52,-278.32,550.22
-2246.09,67.3544,270.641
-2240.67,207.228,82.4168
-2235.24,114.193,170.759
-2229.82,-26.2801,250.165
-2224.39,38.4131,171.365
-2218.97,189.061,97.5681
-2213.54,170.62,38.2644
-2208.12,5.77472,87.3022
-2202.69,-80.3874,170.395
-2197.27,-56.9456,99.4154
-2191.84,-172.167,47.7876
-2186.41,-279.228,48.8205
-2180.99,-200.718,115.542
-2175.56,63.1625,52.2761
-2170.14,285.552,5.54628
-2164.71,155.464,213.874
-2159.29,309.681,209.218
-2153.86,704.235,104.391
-2148.44,350.087,-42.4926
-2143.01,-117.647,-212.182
-2137.59,47.8056,-18.6048
-2132.16,367.282,83.2232
-2126.74,224.835,-63.3686
-2121.31,-130.547,-121.322
-2115.89,-256.806,-159.808
-2110.46,-122.475,20.4814
-2105.03,338.098,348.729
-2099.61,392.467,188.689
-2094.18,-89.8975,-169.293
-2088.76,-251.714,-169.699
-2083.33,-113.796,-293.989
-2077.91,-21.8206,-387.544
-2072.48,26.6836,-198.631
-2067.06,-24.1231,-131.045
-2061.63,-283.25,302.845
-2056.21,-263.609,1519.48
-2050.78,2.86292,1442.46
-2045.36,226.89,136.572
-2039.93,44.8188,-578.723
-2034.51,-539.319,113.77
-2029.08,-601.157,32.9065
-2023.65,283.488,934.077
-2018.23,-1289.13,-7498.54
-2012.8,-7504.25,-30431.6
-2007.38,-7764.36,-27360.7
-2001.95,-1296.25,-4680.55
-1996.53,958.889,507.082
-1991.1,314.169,-699.812
-1985.68,-153.045,-264.051
-1980.25,-48.9536,-135.62
-1974.83,501.771,-113.5
-1969.4,363.395,-375.757
-1963.98,-40.0851,-277.756
-1958.55,-846.327,-996.078
-1953.12,-1231.49,-1796.44
-1947.7,-358.488,-929.156
-1942.27,305.949,-330.433
-1936.85,321.16,-481.626
-1931.42,59.7681,-147.524
-1926,-211.393,123.216
-1920.57,-106.789,69.9231
-1915.15,-41.3443,98.7876
-1909.72,-277.301,242.43
-1904.3,-423.12,118.39
-1898.87,-461.81,195.378
-1893.45,-512.077,296.151
-1888.02,-210.906,114.021
-1882.6,105.559,47.9614
-1877.17,98.442,0.545544
-1871.74,134.267,-128.069
-1866.32,97.8992,-179.273
-1860.89,18.3693,-60.4508
-1855.47,243.403,369.834
-1850.04,412.231,389.675
-1844.62,288.309,23.1469
-1839.19,180.305,-31.1714
-1833.77,103.451,27.6674
-1828.34,40.0613,89.9869
-1822.92,86.3422,53.0385
-1817.49,65.0394,-7.77364
-1812.07,-33.755,74.6417
-1806.64,-10.1515,115.68
-1801.22,9.56022,90.3594
-1795.79,-57.1734,114.995
-1790.36,-81.6163,53.184
-1784.94,-99.3952,-161.166
-1779.51,-106.924,-151.993
-1774.09,-68.9376,23.9945
-1768.66,33.7569,99.2179
-1763.24,85.3857,148.525
-1757.81,-199.026,133.72
-1752.39,-438.887,67.0353
-1746.96,-142.902,-0.951897
-1741.54,68.9078,-18.8907
-1736.11,-27.1759,24.5524
-1730.69,17.4914,-17.2806
-1725.26,69.0126,-92.3704
-1719.83,-13.0384,-57.7529
-1714.41,-44.6905,14.7749
-1708.98,-6.27085,-23.4646
-1703.56,-85.142,-64.5255
-1698.13,-128.417,5.93047
-1692.71,-40.7403,50.9906
-1687.28,-29.0785,70.8788
-1681.86,-14.2997,135.988
-1676.43,-44.8402,166.584
-1671.01,-97.9022,83.3582
-1665.58,28.8135,20.8963
-1660.16,85.7164,44.5545
-1654.73,-4.10771,-49.7743
-1649.31,-32.9945,-121.442
-1643.88,-8.5078,-11.8337
-1638.45,-36.3417,52.6706
-1633.03,-58.7873,21.635
-1627.6,12.266,11.2022
-1622.18,90.2628,15.1065
-1616.75,99.8698,2.28116
-1611.33,13.369,-45.8188
-1605.9,-47.1931,-90.3558
-1600.48,-10.7197,-75.1663
-1595.05,1.73842,-33.0308
-1589.63,-23.333,62.945
-1584.2,18.2667,143.187
-1578.78,107.577,120.575
-1573.35,89.8422,95.5409
-1567.93,30.8943,68.3359
-1562.5,58.5611,22.5253
-1557.07,-72.8719,93.1363
-1551.65,-233.322,118.321
-1546.22,-74.118,-24.9207
-1540.8,103.999,-55.5381
-1535.37,81.0742,-63.5153
-1529.95,12.2798,-142.54
-1524.52,12.9152,-111.596
-1519.1,42.1026,-29.0197
-1513.67,52.9777,-3.64215
-1508.25,55.5633,19.0752
-1502.82,43.517,65.8272
-1497.4,20.2641,46.192
-1491.97,-0.882127,-0.820779
-1486.55,-12.156,-11.1819
-1481.12,-20.4109,40.5681
-1475.69,-0.596375,140.273
-1470.27,39.9542,108.237
-1464.84,55.9413,-29.5912
-1459.42,123.899,-144.526
-1453.99,206.629,-310.363
-1448.57,163.081,-378.534
-1443.14,92.7302,-215.79
-1437.72,23.8141,-28.1141
-1432.29,-54.9835,45.2964
-1426.87,-46.2909,20.0208
-1421.44,21.0238,-35.1603
-1416.02,76.1801,-83.6755
-1410.59,82.56,-103.363
-1405.16,31.4599,-57.5737
-1399.74,5.44564,22.066
-1394.31,-12.0352,-0.475841
-1388.89,-32.1005,-49.7604
-1383.46,46.6784,-17.391
-1378.04,101.531,-9.57587
-1372.61,54.6255,13.4659
-1367.19,18.8298,93.2722
-1361.76,25.6557,90.1383
-1356.34,111.651,-9.28802
-1350.91,113.455,-21.5904
-1345.49,-3.14686,-9.87232
-1340.06,24.8943,-8.4723
-1334.64,49.551,2.52005
-1329.21,-71.1578,-44.3184
-1323.78,-122.33,-12.9895
-1318.36,-48.4495,71.4685
-1312.93,11.3938,81.9372
-1307.51,37.2304,30.6353
-1302.08,45.27,11.5509
-1296.66,-1.51212,98.9824
-1291.23,-81.8848,142.626
-1285.81,-76.4712,59.1356
-1280.38,8.62565,8.45764
-1274.96,38.5062,-5.35154
-1269.53,40.6078,-35.8135
-1264.11,39.2168,-40.8122
-1258.68,-107.5,72.2714
-1253.26,-308.537,243.59
-1247.83,-206.881,179.701
-1242.4,-25.1035,-0.313774
-1236.98,-57.7759,-65.0339
-1231.55,-76.6407,-32.3685
-1226.13,-0.126698,84.3831
-1220.7,48.2442,149.331
-1215.28,51.449,75.9606
-1209.85,64.7347,3.75649
-1204.43,63.4372,-25.149
-1199,40.1199,-78.727
-1193.58,16.2197,-50.9349
-1188.15,14.4391,16.6871
-1182.73,32.2747,9.16544
-1177.3,20.8732,-12.3154
-1171.87,-15.5947,-25.4797
-1166.45,-58.4457,11.336
-1161.02,-61.5683,39.8738
-1155.6,-13.3519,-51.0182
-1150.17,6.07637,-108.531
-1144.75,-13.5581,-63.0801
-1139.32,-21.6838,-47.6873
-1133.9,18.7718,-90.5166
-1128.47,22.6539,-87.9745
-1123.05,-16.861,-40.2732
-1117.62,-0.768972,-65.5891
-1112.2,29.9906,-98.0962
-1106.77,24.7942,-66.9817
-1101.35,10.496,-83.7435
-1095.92,-7.79394,-100.819
-1090.49,-53.7103,-36.7697
-1085.07,-43.5145,-1.87913
-1079.64,17.98,-21.2658
-1074.22,16.9613,-27.9952
-1068.79,-18.9617,-20.7452
-1063.37,-85.9753,2.02214
-1057.94,216.954,-255.497
-1052.52,715.252,-628.823
-1047.09,468.734,-354.489
-1041.67,79.9673,113.511
-1036.24,70.8583,160.443
-1030.82,18.9173,84.0559
-1025.39,12.4579,73.0282
-1019.97,48.6254,56.5798
-1014.54,54.3781,30.62
-1009.11,53.5484,20.1926
-1003.69,18.2709,-15.8995
-998.264,2.85983,-35.4085
-992.838,0.58822,-0.380723
-987.413,-52.1688,37.6858
-981.988,-67.2263,27.3141
-976.562,-51.2457,-31.1482
-971.137,-16.4472,-59.5543
-965.712,-33.1601,-58.5901
-960.286,-23.2856,-69.2575
-954.861,234.182,69.6449
-949.436,281.243,167.298
-944.01,40.3947,92.998
-938.585,-17.9069,82.3426
-933.16,71.7649,86.6558
-927.734,96.7584,4.29277
-922.309,66.8118,-74.1742
-916.884,55.5098,-63.7659
-911.458,22.7238,-18.8437
-906.033,19.744,18.344
-900.608,43.5791,17.7146
-895.182,41.9082,-27.3539
-889.757,55.4234,-13.0846
-884.331,-6.70351,63.993
-878.906,-81.3384,56.3472
-873.481,-27.3564,-19.3276
-868.055,-1.9916,-1.15023
-862.63,-43.8524,30.0017
-857.205,150.49,451.324
-851.779,383.97,973.426
-846.354,175.561,516.648
-840.929,-57.5612,-62.6985
-835.503,-36.8062,-57.2664
-830.078,4.28445,-8.0771
-824.653,54.3054,-4.79467
-819.227,48.9451,4.54235
-813.802,-2.53782,-20.1935
-808.377,-63.3,-71.3488
-802.951,-118.566,-55.0662
-797.526,-57.5429,17.8427
-792.101,34.813,57.3625
-786.675,53.9698,20.1801
-781.25,56.4366,-34.0617
-775.825,28.5455,-14.0528
-770.399,-6.96942,14.5687
-764.974,-8.19142,31.1004
-759.549,81.3668,-130.088
-754.123,356.442,-594.661
-748.698,377.968,-573.046
-743.273,59.2747,-109.911
-737.847,-29.9172,-8.37084
-732.422,51.3136,-36.674
-726.996,29.1018,5.7304
-721.571,-17.3406,20.0421
-716.146,-6.89881,21.5326
-710.72,-5.90526,9.54702
-705.295,-4.29242,-44.8853
-699.87,9.66703,-92.5698
-694.444,-20.7449,-58.1174
-689.019,-68.4727,-19.7473
-683.594,-68.1025,-1.69388
-678.168,-35.0645,3.77267
-672.743,10.6517,21.7196
-667.318,44.1947,63.7486
-661.892,28.6818,50.6171
-656.467,312.696,86.3981
-651.042,572.352,119.111
-645.616,225.49,29.6664
-640.191,-84.3732,-24.7233
-634.766,-81.8687,-39.5177
-629.34,-47.6679,-39.3561
-623.915,-25.5232,-13.0393
-618.49,-34.4815,-18.0927
-613.064,-10.8273,-21.8792
-607.639,6.33572,29.3897
-602.214,4.53727,63.4423
-596.788,35.9032,1.8812
-591.363,42.0894,22.4155
-585.937,8.72598,91.8201
-580.512,8.14254,56.639
-575.087,-37.4984,5.83122
-569.661,-80.4966,14.2523
-564.236,-89.2503,-39.0783
-558.811,123.328,154.901
-553.385,742.277,812.77
-547.96,745.451,752.285
-542.535,157.09,117.891
-537.109,-14.4481,-13.2897
-531.684,4.92099,13.1967
-526.259,8.54593,-32.4131
-520.833,20.5951,-42.649
-515.408,3.20444,-48.5808
-509.983,-0.0288391,-86.6208
-504.557,14.6257,-70.0854
-499.132,-8.98302,12.8863
-493.707,-49.6881,9.48283
-488.281,-17.632,-70.3341
-482.856,28.1323,-77.415
-477.431,38.7553,-32.486
-472.005,18.6126,3.12762
-466.58,3.23192,50.2726
-461.154,-40.6552,2.40189
-455.729,-1021.18,-375.803
-450.304,-1766.71,-612.103
-444.878,-734.811,-275.375
-439.453,24.9764,-32.1955
-434.028,-17.8992,-9.59919
-428.602,11.4492,66.1731
-423.177,17.5498,77.7092
-417.752,18.9432,44.2869
-412.326,20.4571,37.1708
-406.901,37.4947,29.2144
-401.476,18.4399,19.2371
-396.05,2.04176,13.2961
-390.625,3.8906,32.9315
-385.2,24.6784,88.0996
-379.774,33.636,89.938
-374.349,1.29741,23.1717
-368.924,18.2706,-13.0653
-363.498,-8.94824,-16.0706
-358.073,321.582,172.22
-352.648,1077.06,547.016
-347.222,860.911,450.738
-341.797,98.482,80.2202
-336.371,-18.4851,-2.29059
-330.946,6.10447,5.75367
-325.521,-48.5836,-6.27714
-320.095,-53.4548,-25.159
-314.67,-22.7788,-43.1622
-309.245,-0.0234017,-9.8697
-303.819,32.9986,40.5587
-298.394,48.9896,15.06
-292.969,11.7453,-22.9956
-287.543,2.90423,-36.6604
-282.118,28.8209,-31.8027
-276.693,25.8094,33.8045
-271.267,27.5175,63.508
-265.842,-27.7518,35.654
-260.417,34.4648,-3.07206
-254.991,1513.91,-278.35
-249.566,2452.94,-444.391
-244.141,931.218,-151.454
-238.715,-54.6787,21.331
-233.29,49.3642,-5.51421
-227.865,15.0174,7.75846
-222.439,-0.518198,-8.87404
-217.014,4.0319,-27.2016
-211.589,-10.5147,-30.0596
-206.163,-68.0299,-80.0581
-200.738,-88.7656,-104.629
-195.312,-46.8236,-20.0673
-189.887,-24.865,35.9515
-184.462,-12.9392,38.4253
-179.036,-5.40654,11.6181
-173.611,-40.9813,-0.346956
-168.186,-53.5708,-3.94729
-162.76,30.1553,1.62594
-157.335,-244.942,-358.269
-151.91,-892.631,-1054.76
-146.484,-716.785,-791.834
-141.059,-95.6932,-60.9023
-135.634,30.9782,21.1485
-130.208,19.9961,-30.798
-124.783,32.0666,16.5024
-119.358,4.48735,56.5666
-113.932,-16.3385,50.7745
-108.507,-48.9603,59.8945
-103.082,-152.893,181.263
-97.6562,-146.376,195.498
-92.2309,-19.75,59.4919
-86.8055,1.21838,-21.4644
-81.3802,-22.9321,-37.937
-75.9549,12.8678,-11.752
-70.5295,57.3135,-1.07124
-65.1042,6.62271,-1.05087
-59.6788,42.2684,-24.5844
-54.2535,645.832,-277.489
-48.8281,919.305,-384.349
-43.4028,302.207,-111.029
-37.9774,-21.0104,9.19708
-32.5521,21.2633,-38.1483
-27.1267,-0.994672,-4.59938
-21.7014,-1.32254,45.6919
-16.276,8.01155,37.6205
-10.8507,10.9607,3.5907
-5.42535,149.896,-179.032
0,283.326,-362.641
5.42535,137.451,-188.755
10.8507,-6.1357,-9.76646
16.276,-38.4412,1.3275
21.7014,-44.0148,12.337
27.1267,4.70346,-0.147637
32.5521,31.8712,-29.8606
37.9774,-3.84095,22.6112
43.4028,34.6209,-320.09
48.8281,150.532,-984.98
54.2535,113.006,-693.778
59.6788,13.6283,-46.9604
65.1042,-0.582554,-6.68022
70.5295,-12.8267,-55.8705
75.9549,8.28982,-15.3287
81.3802,42.3577,13.0732
86.8055,20.5321,-6.37489
92.2309,-52.9467,33.5557
97.6562,-154.28,189.323
103.082,-138.891,192.203
108.507,-46.2708,61.9957
113.932,-45.3138,28.1365
119.358,-55.9719,9.33058
124.783,-23.7698,-27.1218
130.208,25.0457,-26.8528
135.634,-28.0145,-24.9417
141.059,82.2435,78.1172
146.484,941.718,503.932
151.91,1239.38,610.947
157.335,406.884,150.993
162.76,-8.87281,-28.866
168.186,16.79,51.0246
173.611,10.2509,39.6801
179.036,-9.96507,8.05659
184.462,-34.1538,21.8506
189.887,-28.8682,32.824
195.312,30.7988,40.578
200.738,122.996,60.8168
206.163,94.138,46.6414
211.589,31.7105,2.93045
217.014,25.4182,-10.4928
222.439,8.73583,-1.64395
227.865,-11.161,-12.6944
233.29,-6.5918,-49.2319
238.715,-7.46954,58.215
244.141,-78.3271,-940.198
249.566,-162.229,-2487.59
254.991,-96.1653,-1536.28
260.417,-5.35697,-34.1842
265.842,-27.8813,35.553
271.267,-68.2793,-11.3359
276.693,-39.0447,-16.8649
282.118,23.8856,-35.6587
287.543,34.8688,-11.6869
292.969,19.4712,-16.9596
298.394,-26.4643,-43.8912
303.819,-47.3369,-22.2064
309.245,9.58221,-2.36491
314.67,47.3908,11.6603
320.095,37.3436,45.7805
325.521,17.8442,45.6219
330.946,-7.05957,-4.53123
336.371,6.69436,17.3817
341.797,-101.662,-76.1497
347.222,-645.623,-726.295
352.648,-791.332,-912.734
358.073,-244.902,-270.367
363.498,17.7581,4.79455
368.924,8.25713,-20.8887
374.349,-22.7973,4.34688
379.774,-95.4037,-10.8789
385.2,-91.453,-2.63222
390.625,-32.8945,4.19179
396.05,-13.3952,1.23546
401.476,-23.1267,-13.2383
406.901,-37.4173,-29.3134
412.326,-41.0157,-10.857
417.752,-47.5546,-7.66722
423.177,-79.6465,1.77077
428.602,-66.9774,4.8995
434.028,13.6443,15.0453
439.453,25.1969,-32.0233
444.878,444.962,646.364
450.304,1021.33,1566.15
455.729,611.684,899.928
461.154,7.50482,40.0286
466.58,-49.5611,9.02609
472.005,-7.53752,-17.3031
477.431,22.1453,-45.4631
482.856,68.3097,-46.0251
488.281,72.5105,0.0929337
493.707,2.81956,50.5062
499.132,-10.3303,11.8337
504.557,64.4653,-31.1464
509.983,84.0547,-20.9276
515.408,46.3626,-14.862
520.833,36.3998,-30.301
526.259,29.3828,-16.1335
531.684,-13.9952,-1.58229
537.109,16.3902,10.8039
542.535,-152.393,-123.904
547.96,-910.279,-541.314
553.385,-968.199,-523.602
558.811,-180.136,-82.1909
564.236,59.509,77.1453
569.661,5.64482,81.5534
575.087,3.41363,37.7952
580.512,-56.9265,5.8015
585.937,-91.2037,13.7465
591.363,-31.9321,-35.4164
596.788,-10.5112,-34.3816
602.214,-62.6555,10.9455
607.639,-30.0494,0.962501
613.064,23.8485,5.2126
618.49,25.8967,29.079
623.915,18.8263,21.6111
629.34,49.7188,36.7308
634.766,58.1497,69.8767
640.191,44.4005,75.8857
645.616,-83.3359,-211.615
651.042,-254.037,-526.535
656.467,-159.48,-282.506
661.892,-56.0523,-15.5844
667.318,-72.5466,-27.4597
672.743,-23.6512,-5.08082
678.168,4.82233,34.9355
683.594,18.1189,65.6696
689.019,35.7257,61.6614
694.444,61.4097,6.06879
699.87,87.4813,-31.7745
705.295,44.5903,-6.6938
710.72,-7.83488,8.03937
716.146,-19.2241,11.9031
721.571,-15.2517,21.6743
726.996,-12.6004,-26.851
732.422,23.1707,-58.6617
737.847,15.3598,27.0034
743.273,92.3058,-84.1038
748.698,464.586,-505.373
754.123,490.766,-489.715
759.549,106.539,-110.421
764.974,-28.1948,15.4719
770.399,-12.4503,10.2872
775.825,6.72949,-31.0971
781.25,19.3967,-63.0005
786.675,-32.6371,-47.4846
792.101,-64.0807,-19.9016
797.526,-3.39178,60.15
802.951,82.1143,101.723
808.377,84.5431,44.1589
813.802,20.2076,-2.42284
819.227,-16.2484,-46.3923
824.653,-8.48544,-53.8523
830.078,6.80063,-6.11115
835.503,64.4695,21.8589
840.929,74.7615,40.6833
846.354,-543.773,-45.3582
851.779,-1037.4,-137.072
857.205,-474.324,-36.8352
862.63,-18.5017,49.8079
868.055,1.59787,1.65421
873.481,25.3716,21.868
878.906,-34.9961,92.5538
884.331,-60.4705,21.9858
889.757,-0.712217,-56.9426
895.182,16.4028,-47.2809
900.608,-27.7312,-37.9991
906.033,-22.5756,-14.7197
911.458,12.7866,-26.6075
916.884,48.4427,-69.2872
922.309,55.8077,-82.7717
927.734,-27.5732,-92.8456
933.16,-101.443,-48.6693
938.585,-75.5645,37.2954
944.01,-100.008,-16.6965
949.436,-230.367,-232.416
954.861,-124.23,-210.377
960.286,72.8335,5.83901
965.712,64.8719,18.0009
971.137,61.7637,1.55077
976.562,42.6203,42.1881
981.988,-10.2393,71.8372
987.413,-23.9457,59.7362
992.838,0.22707,-0.662876
998.264,33.6648,-11.341
1003.69,11.0071,-21.5746
1009.11,-32.5473,-47.0728
1014.54,-42.8657,-45.3553
1019.97,-66.6627,-33.4931
1025.39,-73.8727,5.57936
1030.82,-86.1357,1.97954
1036.24,-172.819,-29.939
1041.67,-129.485,-50.131
1047.09,230.562,-540.569
1052.52,437.109,-846.132
1057.94,195.422,-272.32
1063.37,18.8372,83.9106
1068.79,24.7161,13.3797
1074.22,23.0603,-23.2302
1079.64,16.2843,-22.5906
1085.07,12.3504,41.7673
1090.49,48.6712,43.2194
1095.92,99.7096,-16.8278
1101.35,78.7167,-30.4436
1106.77,58.9938,-40.262
1112.2,87.9265,-52.8314
1117.62,63.8267,-15.1212
1123.05,43.1559,6.61717
1128.47,79.8808,-43.2639
1133.9,83.2866,-40.1121
1139.32,51.5166,9.50279
1144.75,64.4864,-2.10524
1150.17,103.837,-32.1518
1155.6,52.7329,0.61282
1161.02,-23.7947,69.3857
1166.45,3.14002,59.452
1171.87,28.4955,8.96737
1177.3,6.89996,-23.2326
1182.73,-16.7011,-29.0987
1188.15,-19.6845,-9.97325
1193.58,45.498,-28.0602
1199,66.6826,-57.9739
1204.43,9.05514,-67.637
1209.85,-19.3056,-61.9031
1215.28,-86.1509,-31.5442
1220.7,-156.567,-10.6847
1226.13,-81.8462,20.537
1231.55,49.948,66.5335
1236.98,77.0793,40.3266
1242.4,6.37745,24.2818
1247.83,-124.314,244.21
1253.26,-161.712,358.302
1258.68,-44.1181,121.791
1264.11,30.1125,-47.9253
1269.53,24.9258,-48.0657
1274.96,-4.12296,-38.6571
1280.38,-10.2932,-6.32332
1285.81,-38.8791,88.5059
1291.23,-118.58,113.957
1296.66,-95.6764,25.4131
1302.08,-22.1596,-41.1309
1307.51,-38.7321,-28.7132
1312.93,-82.2607,8.76709
1318.36,-57.6252,64.2997
1323.78,42.1981,115.554
1329.21,60.2166,58.3226
1334.64,-14.4326,-47.4694
1340.06,2.19814,-26.2045
1345.49,10.3404,0.665082
1350.91,-6.498,-115.308
1356.34,-17.9985,-110.581
1361.76,-93.6676,-3.08712
1367.19,-95.057,4.29412
1372.61,-26.2811,-49.7454
1378.04,-15.2711,-100.832
1383.46,5.58184,-49.4991
1388.89,56.0481,19.1089
1394.31,3.37328,11.5625
1399.74,-22.7281,0.0542431
1405.16,48.2525,-44.4539
1410.59,80.3197,-105.113
1416.02,62.7603,-94.1601
1421.44,29.0298,-28.9054
1426.87,-8.22731,49.7593
1432.29,-30.6492,64.3084
1437.72,21.5179,-29.9082
1443.14,186.947,-142.18
1448.57,327.837,-249.813
1453.99,251.156,-275.575
1459.42,110.259,-155.182
1464.84,15.1784,-61.4386
1470.27,-114.688,-12.5824
1475.69,-135.962,34.5137
1481.12,-34.4252,29.6188
1486.55,13.7903,9.08944
1491.97,1.00934,0.657414
1497.4,-49.7222,-8.48732
1502.82,-74.3995,-26.2994
1508.25,-31.9505,-49.2982
1513.67,-9.28256,-52.2852
1519.1,17.9722,-47.8724
1524.52,105.157,-39.529
1529.95,135.336,-46.3986
1535.37,42.0151,-94.0317
1540.8,28.7287,-114.346
1546.22,42.1113,65.8877
1551.65,-58.3611,255.016
1557.07,-72.7405,93.239
1562.5,-36.0234,-51.3722
1567.93,-73.78,-13.4447
1573.35,-114.438,-64.0602
1578.78,-143.018,-75.2121
1584.2,-143.353,16.916
1589.63,-55.4305,37.8677
1595.05,31.6291,-9.67763
1600.48,75.5269,-7.78302
1605.9,99.0889,23.9322
1611.33,41.2236,-24.0565
1616.75,-26.374,-96.3514
1622.18,-36.4944,-83.9271
1627.6,-13.8369,-9.1915
1633.03,-6.77065,62.2747
1638.45,-42.3143,48.0039
1643.88,13.5403,5.39226
1649.31,125.817,2.63497
1654.73,49.2893,-8.05584
1660.16,-63.9687,-72.3912
1665.58,-27.2487,-22.9032
1671.01,-57.1977,115.16
1676.43,-150.788,83.8084
1681.86,-128.489,46.7732
1687.28,-61.7387,45.3618
1692.71,-39.62,51.8659
1698.13,25.3125,126.037
1703.56,83.2065,67.0028
1708.98,24.2846,0.407971
1714.41,-3.52447,46.9374
1719.83,59.1916,-1.32043
1725.26,72.9309,-89.3091
1730.69,12.5357,-21.1525
1736.11,-17.2487,32.3084
1741.54,1.65924,-71.431
1746.96,35.4939,138.426
1752.39,41.1318,442.067
1757.81,-81.5989,225.464
1763.24,-164.77,-46.9179
1768.66,-104.437,-8.75124
1774.09,-6.60436,72.6947
1779.51,173.346,66.9776
1784.94,180.424,57.4532
1790.36,-31.8594,92.0583
1795.79,-97.7478,83.2947
1801.22,-89.9882,12.5836
1806.64,-109.788,37.8354
1812.07,-64.2589,50.8092
1817.49,-8.19176,-64.988
1822.92,-72.351,-70.9464
1828.34,-97.0057,-17.1016
1833.77,-51.8735,-93.6855
1839.19,-13.3752,-182.491
1844.62,-92.2077,-274.145
1850.04,-477.827,-305.716
1855.47,-417.733,-146.702
1860.89,54.2112,-32.448
1866.32,150.264,-138.361
1871.74,91.7828,-161.261
1877.17,-24.3445,-95.3859
1882.6,-72.074,-90.8208
1888.02,-59.6114,232.225
1893.45,-163.472,568.512
1898.87,-77.8533,495.358
1904.3,-12.5118,439.193
1909.72,-168.143,327.713
1915.15,-85.8512,64.0149
1920.57,-42.0136,120.532
1926,-68.4165,234.922
1931.42,128.683,-93.682
1936.85,389.624,-428.136
1942.27,246.602,-376.8
1947.7,988.282,123.057
1953.12,2041,760.31
1958.55,1171.23,580.215
1963.98,279.203,-28.3006
1969.4,276.682,-443.505
1974.83,-11.2608,-514.324
1980.25,143.434,14.6906
1985.68,293.232,84.6195
1991.1,603.021,-474.137
1996.53,-723.996,-807.732
2001.95,4855.11,125.416
2007.38,28426.3,914.591
2012.8,31343.1,-80.709
2018.23,7587.67,-563.217
2023.65,-974.913,-49.0944
2029.08,113.504,591.261
2034.51,20.0819,550.822
2039.93,550.689,-183.493
2045.36,-187.405,-187.111
2050.78,-1400.3,346.183
2056.21,-1410.57,623.374
2061.63,-225.325,348.101
2067.06,132.988,-8.29607
2072.48,186.276,-73.9443
2077.91,381.312,-72.5828
2083.33,312.786,39.2935
2088.76,225.553,203.183
2094.18,186.015,46.2718
2099.61,-278.03,-335.161
2105.03,-420.163,-243.69
2110.46,9.75631,123.792
2115.89,217.188,210.517
2121.31,149.3,97.3186
2126.74,7.09377,-233.487
2132.16,-169.604,-336.238
2137.59,6.48692,-50.8865
2143.01,234.341,62.8213
2148.44,-43.4633,-349.967
2153.86,-271.66,-658.062
2159.29,-277.923,-249.867
2164.71,-245.132,-99.1059
2170.14,-74.4628,-275.728
2175.56,-66.0034,-48.6396
2180.99,-63.5511,222.709
2186.41,20.1821,282.745
2191.84,-4.71693,178.614
2197.27,-82.6861,79.3047
2202.69,-145.886,119.222
2208.12,-86.106,15.517
2213.54,-78.4045,-156.295
2218.97,-140.408,-159.841
2224.39,-175.568,4.18492
2229.82,-236.377,86.0199
2235.24,-193.313,-69.4906
2240.67,-130.102,-181.134
2246.09,-278.896,0.120178
2251.52,-466.544,403.163
2256.94,-227.262,360.838
2262.37,50.6283,44.8529
2267.79,-3.12213,103.721
2273.22,20.8589,149.884
2278.65,51.2427,56.4809
2284.07,-66.1592,44.9327
2289.5,-47.2848,31.7754
2294.92,82.1912,-6.22056
2300.35,-28.6669,-128.279
2305.77,-107.193,-225.728
2311.2,-8.84655,-128.827
2316.62,-17.2627,-68.6776
2322.05,-8.79708,-77.1852
2327.47,65.9808,-84.3178
2332.9,80.0595,-72.9169
2338.32,19.8596,29.221
2343.75,-3.75498,3.57399
2349.18,55.5357,-195.617
2354.6,133.51,-222.141
2360.03,99.7673,22.5145
2365.45,35.9476,159.917
2370.88,39.6973,65.3605
2376.3,70.576,-30.9026
2381.73,121.728,-32.7289
2387.15,31.0527,-3.00253
2392.58,-65.7572,-16.808
2398,-33.9546,-88.968
2403.43,-59.5403,-179.95
2408.85,-114.15,-179.675
2414.28,-174.828,-52.5973
2419.7,-205.76,98.6316
2425.13,-127.489,117.487
2430.56,-102.902,48.0499
2435.98,-171.186,22.1696
2441.41,-166.572,-81.569
2446.83,-13.8822,-80.9495
2452.26,155.514,176.417
2457.68,123.721,202.561
2463.11,-7.52818,52.5553
2468.53,-70.9897,0.115536
2473.96,-85.2192,-31.8408
2479.38,-34.9991,28.6814
2484.81,-15.5362,79.4036
2490.23,-27.9004,10.6612
2495.66,75.8983,-85.8056
2501.08,180.555,-107.634
2506.51,151.552,-80.6931
2511.94,81.6349,-50.4338
2517.36,56.3655,-23.3171
2522.79,117.586,-25.2929
2528.21,170.143,-2.10466
2533.64,60.6891,37.9946
2539.06,-52.1281,18.5708
2544.49,-15.7663,22.0521
2549.91,32.3268,120.359
2555.34,38.5554,144.807
2560.76,60.9821,81.2815
2566.19,20.132,62.1654
2571.61,-58.4339,25.1273
2577.04,-61.3509,-32.6617
2582.47,-57.9352,-51.5058
2587.89,-82.4479,-12.052
2593.32,-81.1906,40.2409
2598.74,-66.8558,21.2333
2604.17,-29.954,-29.0203
2609.59,-42.6242,-33.3447
2615.02,-80.3517,2.68193
2620.44,-0.636317,-32.1864
2625.87,40.7823,-67.4189
2631.29,-4.04222,-8.41715
2636.72,-24.7071,-7.63823
2642.14,-14.2609,3.7497
2647.57,82.0577,-87.0663
2652.99,142.299,-272.034
2658.42,33.8919,-99.5372
2663.85,-53.4331,62.7494
2669.27,-33.7155,-34.0683
2674.7,-43.2544,-19.7723
2680.12,-76.0383,27.3097
2685.55,-85.7089,10.3292
2690.97,-69.3532,-0.142654
2696.4,2.88841,-6.18966
2701.82,69.3358,-18.7755
2707.25,81.7761,-9.32342
2712.67,63.7599,-35.9769
2718.1,-22.5903,-111.54
2723.52,-72.9694,-86.9206
2728.95,-16.8934,-19.0995
2734.37,17.3021,-8.02553
2739.8,18.8937,3.65393
2745.23,64.1255,18.6776
2750.65,184.867,3.09277
2756.08,189.25,-44.4347
2761.5,28.4606,-56.7858
2766.93,-41.0694,-52.59
2772.35,-6.04947,-63.0432
2777.78,11.1852,-80.244
2783.2,18.6697,-120.57
2788.63,21.3787,-72.6688
2794.05,0.961196,19.134
2799.48,-28.1241,30.2578
2804.9,-63.7008,60.6735
2810.33,-26.453,156.734
2815.75,52.9755,164.791
2821.18,58.6978,58.5659
2826.61,6.85606,9.17177
2832.03,-56.4373,45.9051
2837.46,-86.5202,49.1789
2842.88,-70.874,29.5878
2848.31,-82.0128,48.7872
2853.73,-161.787,50.9135
2859.16,-139.724,25.4993
2864.58,-60.9528,5.32629
2870.01,-53.0488,-1.16122
2875.43,-26.7401,-3.85029
2880.86,30.3323,20.5914
2886.28,76.783,70.5024
2891.71,29.9473,79.2533
2897.14,-8.97118,73.8113
2902.56,47.8585,40.2068
2907.99,65.1628,-9.60627
2913.41,50.5471,-46.2926
2918.84,22.2582,-51.9734
2924.26,-37.3313,-13.1979
2929.69,-21.9125,-33.0564
2935.11,32.2548,-86.4027
2940.54,31.6785,-65.1144
2945.96,29.5473,-44.9721
2951.39,14.4909,-177.244
2956.81,-39.0142,-198.202
2962.24,-105.885,-11.2583
2967.66,-82.6297,68.0465
2973.09,21.6063,40.4017
2978.52,7.0847,-24.9729
2983.94,-40.5189,-62.37
2989.37,19.6571,13.5697
2994.79,102.633,82.0684
3000.22,128.328,6.35431
3005.64,81.4137,-80.7627
3011.07,38.0136,-9.9778
3016.49,30.2611,85.181
3021.92,29.0698,45.4145
3027.34,42.7732,-19.5025
3032.77,3.83444,-7.01739
3038.19,-66.8392,26.3277
3043.62,-38.412,59.5725
3049.04,59.4613,55.7312
3054.47,125.876,-4.62264
3059.9,99.8121,-24.6572
3065.32,66.0504,-0.863249
3070.75,55.9381,-23.6625
3076.17,-42.3783,-37.4336
3081.6,-136.908,28.4526
3087.02,-80.2206,64.6798
3092.45,13.7225,11.2877
3097.87,34.9588,-44.6565
3103.3,54.9036,-53.0469
3108.72,47.903,-17.0712
3114.15,-4.80287,-6.73923
3119.57,-37.3905,-18.7687
3125,-14.7963,11.1015
3130.43,1.96165,19.2867
3135.85,-28.6147,20.8246
3141.28,-15.3678,57.3364
3146.7,-6.09881,42.8536
3152.13,-134.269,21.5588
3157.55,-199.467,22.2957
3162.98,-66.6241,5.48005
3168.4,22.3007,14.5826
3173.83,-0.686551,9.58211
3179.25,-25.0078,8.53913
3184.68,-14.6081,-0.537388
3190.1,-4.96848,-28.5404
3195.53,-8.29974,-20.9888
3200.95,37.5076,-24.8727
3206.38,93.7466,3.2691
3211.81,51.7796,40.5594
3217.23,-2.06448,24.0947
3222.66,3.21558,41.6953
3228.08,-11.2796,57.9986
3233.51,-45.3528,10.1235
3238.93,-71.8325,-10.9476
3244.36,-51.0126,-16.4123
3249.78,-20.7661,-45.4357
3255.21,-33.3745,-30.3054
3260.63,-9.26716,16.5682
3266.06,24.6485,57.3957
3271.48,-4.83994,49.6697
3276.91,-39.794,-11.1316
3282.33,-40.1785,-4.48484
3287.76,-44.2016,32.5148
3293.19,-55.3289,-46.8403
3298.61,-18.1933,-115.855
3304.04,29.5095,-60.3522
3309.46,31.9609,-26.3689
3314.89,16.1898,-3.27304
3320.31,-8.54777,40.1501
3325.74,-4.6204,18.5268
3331.16,-7.95537,16.884
3336.59,-44.9366,65.4731
3342.01,-30.21,44.5352
3347.44,18.0539,10.6827
3352.86,30.9787,40.4999
3358.29,11.3177,-29.5478
3363.71,-17.6228,-127.015
3369.14,-24.393,-73.3959
3374.57,-1.27444,8.46504
3379.99,-7.22377,36.5629
3385.42,-25.2862,32.6827
3390.84,-6.96721,43.4934
3396.27,11.4958,56.9474
3401.69,37.105,24.906
3407.12,23.6609,6.94715
3412.54,-52.5884,23.1828
3417.97,-79.0527,19.7297
3423.39,-46.756,-17.4882
3428.82,5.66142,-29.9736
3434.24,35.3898,-14.2856
3439.67,34.3277,-19.3862
3445.1,6.20005,10.5684
3450.52,-57.5023,71.3455
3455.95,-78.062,51.3486
3461.37,-21.9566,-7.76662
3466.8,36.4449,-43.8155
3472.22,28.6932,-73.0863
3477.65,-10.7808,-66.8794
3483.07,-35.2096,-42.5078
3488.5,-10.5647,-35.6151
3493.92,-5.29154,-37.9373
3499.35,-32.4903,-33.6128
3504.77,-7.55887,-23.019
3510.2,23.9488,0.228965
3515.62,29.5999,32.6635
3521.05,0.0485649,36.4142
3526.48,-5.41892,31.5009
3531.9,29.5549,15.8442
3537.33,24.1329,-32.597
3542.75,-15.6368,-26.057
3548.18,-13.8786,3.20405
3553.6,62.4491,-12.693
3559.03,63.8141,-8.09448
3564.45,-8.30031,-4.36606
3569.88,6.57807,-12.2922
3575.3,29.5047,15.7365
3580.73,24.7226,62.0403
3586.15,44.0145,67.242
3591.58,13.9294,41.4473
3597,-37.5544,27.1831
3602.43,-47.9951,-13.3766
3607.86,-38.5713,-61.105
3613.28,1.21451,-55.1164
3618.71,43.041,-13.4261
3624.13,50.7867,18.1771
3629.56,41.5212,31.9909
3634.98,26.7644,30.3644
3640.41,4.41938,-14.9666
3645.83,-20.9853,-72.0295
3651.26,-41.8357,-37.8192
3656.68,-50.1655,44.3861
3662.11,-11.4006,34.7565
3667.53,46.7777,-5.49835
3672.96,38.7022,35.3067
3678.39,-16.2206,51.2729
3683.81,-32.6954,-0.819813
3689.24,-11.9438,-20.813
3694.66,6.53302,-32.5184
3700.09,9.88195,-41.9163
3705.51,0.175604,-18.1483
3710.94,2.38189,7.32748
3716.36,12.9404,-0.190891
3721.79,17.556,-36.0477
3727.21,24.1454,-37.3357
3732.64,32.2683,-12.6193
3738.06,23.3906,-17.4035
3743.49,16.8121,-13.1949
3748.91,38.9665,13.512
3754.34,79.9742,-18.5541
3759.77,81.3743,-32.7618
3765.19,52.62,10.7602
3770.62,41.5984,10.6887
3776.04,-5.24144,0.465945
3781.47,-49.5883,-12.5518
3786.89,-44.5116,-41.9837
3792.32,-41.5327,-27.0023
3797.74,-20.7436,-4.71157
3803.17,11.2308,-12.6199
3808.59,6.09201,-17.9217
3814.02,36.1746,-12.8021
3819.44,71.2792,2.27107
3824.87,23.4359,7.58819
3830.29,-25.7469,24.4728
3835.72,-52.6658,47.6442
3841.15,-67.1519,31.1733
3846.57,-2.56399,-27.0908
3852,100.42,-76.1674
3857.42,107.317,-62.1882
3862.85,26.458,-42.1361
3868.27,-17.0902,-22.7067
3873.7,-11.8347,10.7047
3879.12,13.5219,-7.89638
3884.55,54.3144,-34.0471
3889.97,41.9792,-12.4647
3895.4,-2.05431,11.0187
3900.82,2.12908,6.6364
3906.25,20.6279,-19.2102
3911.68,-1.94595,-39.0022
3917.1,-27.0008,-39.8213
3922.53,5.66829,-39.3007
3927.95,55.9603,-29.0044
3933.38,61.5711,-17.9108
3938.8,20.8391,-3.22877
3944.23,-8.56277,33.0747
3949.65,-16.9616,25.1439
3955.08,-30.8969,-17.2206
3960.5,-34.3635,-24.3595
3965.93,-26.7127,-10.4404
3971.35,-16.516,-5.25646
3976.78,-15.2356,-12.1852
3982.2,-32.9461,-29.0798
3987.63,-51.9275,-54.4979
3993.06,-34.8422,-34.7558
3998.48,-14.3297,6.20338
4003.91,0.816648,13.8589
4009.33,20.6293,29.9854
4014.76,0.497305,56.1583
4020.18,-10.6276,29.3637
4025.61,21.9102,-37.5863
4031.03,13.2158,-38.6697
4036.46,-10.6732,-18.7731
4041.88,-4.9517,-46.1155
4047.31,-19.5199,-41.3503
4052.73,-7.35457,-19.7309
4058.16,12.6111,-26.3327
4063.58,-8.95176,-12.2876
4069.01,-8.67397,10.0311
4074.44,9.75412,25.514
4079.86,-30.2683,38.2145
4085.29,-78.9292,24.8225
4090.71,-66.1554,25.1465
4096.14,-35.5193,32.044
4101.56,-13.8143,-16.2645
4106.99,-35.0167,-35.8441
4112.41,-52.4949,8.0391
4117.84,-14.6217,17.0547
4123.26,10.4278,40.7366
4128.69,20.6325,68.117
4134.11,7.06049,36.328
4139.54,-14.4745,21.0045
4144.96,25.4016,28.0353
4150.39,26.0362,41.9442
4155.82,-24.8692,72.2126
4161.24,-21.1573,64.59
4166.67,-5.41666,0.388939
4172.09,-9.32478,-13.6644
4177.52,-22.8272,28.7316
4182.94,-22.8747,12.0354
4188.37,-6.13939,-5.39633
4193.79,-10.8565,38.1023
4199.22,9.10761,56.3856
4204.64,35.4263,54.8072
4210.07,20.9005,55.5041
4215.49,47.7179,29.439
4220.92,105.105,-9.32951
4226.35,101.329,-33.3754
4231.77,23.5641,-70.5742
4237.2,-34.0802,-103.308
4242.62,0.366846,-45.9662
4248.05,28.6287,-21.9155
4253.47,9.00917,-64.5947
4258.9,2.93058,-61.7001
4264.32,30.3691,-41.4709
4269.75,33.5565,11.3702
4275.17,-29.0443,58.5564
4280.6,-49.2576,25.9088
4286.02,-26.2324,-21.118
4291.45,-32.5199,-52.0699
4296.87,-37.5576,-62.3736
4302.3,-25.2603,-27.7477
4307.73,2.28744,8.1984
4313.15,14.4244,-6.106
4318.58,3.95583,-19.2815
4324,-8.09125,8.5417
4329.43,-22.5506,-9.07695
4334.85,-37.4372,-32.7412
4340.28,-21.011,3.23679
4345.7,9.43805,16.6647
4351.13,-8.62136,-20.4545
4356.55,-53.7884,-38.6467
4361.98,-58.5142,-10.9834
4367.4,-55.3958,-7.96421
4372.83,-60.8333,-2.74466
4378.25,-28.7565,27.6939
4383.68,4.65085,-0.285295
4389.11,33.4034,-60.5698
4394.53,62.2044,-59.9736
4399.96,37.0933,-6.35462
4405.38,-1.1954,26.9725
4410.81,-9.92317,20.7315
4416.23,-32.4993,-1.99053
4421.66,-40.8776,5.12938
4427.08,-35.4193,36.4569
4432.51,-10.3106,22.245
4437.93,33.8154,-4.88393
4443.36,14.6496,-21.1355
4448.78,-12.678,-48.8041
4454.21,27.3528,-26.8766
4459.63,42.8605,14.4625
4465.06,8.56315,17.9553
4470.49,13.2288,7.41265
4475.91,38.3049,-8.78818
4481.34,8.55878,-8.43691
4486.76,-17.1497,0.897041
4492.19,22.581,-8.43076
4497.61,30.8914,-39.9873
4503.04,-29.4882,-61.8901
4508.46,-66.1779,-30.6705
4513.89,-7.5163,5.56735
4519.31,36.7605,16.8233
4524.74,3.12276,14.9481
4530.16,-1.79103,-6.88559
4535.59,1.80137,5.21093
4541.02,-35.1483,46.0139
4546.44,-69.693,59.6869
4551.87,-60.0259,46.7582
4557.29,-23.2807,26.1961
4562.72,-11.5263,21.8427
4568.14,-14.1216,-7.67553
4573.57,-30.3195,-49.447
4578.99,-24.2928,-38.5729
4584.42,-0.653552,0.805691
4589.84,-9.72359,29.1868
4595.27,-1.0996,21.3356
4600.69,13.2285,-5.62185
4606.12,8.04491,-5.16045
4611.54,7.74473,-0.533089
4616.97,32.2931,-32.4704
4622.4,35.0957,-40.6717
4627.82,-1.30953,-12.9879
4633.25,-27.1324,-10.099
4638.67,-30.6545,-17.8519
4644.1,-4.6731,-2.06746
4649.52,13.5548,23.1327
4654.95,1.38179,14.1667
4660.37,22.3687,-8.00598
4665.8,81.2444,-8.81219
4671.22,69.1802,0.241631
4676.65,-17.9389,17.9797
4682.07,-46.2567,16.6645
4687.5,-5.41422,7.50812
4692.92,20.2927,23.373
4698.35,-0.982133,9.44965
4703.78,-8.98293,-0.0899119
4709.2,17.7997,29.3826
4714.63,23.6475,29.0731
4720.05,12.2467,19.6812
4725.48,-48.1439,19.1421
4730.9,-106.057,-12.3166
4736.33,-98.7764,-53.4813
4741.75,-61.3158,-32.6963
4747.18,2.58006,15.3998
4752.6,28.0719,42.7754
4758.03,1.33409,31.9864
4763.45,-39.1653,-38.5151
4768.88,-72.441,-87.4054
4774.31,-42.6446,-80.7528
4779.73,-5.2515,-40.6716
4785.16,-15.8589,18.2699
4790.58,-14.1115,39.7706
4796.01,14.8417,20.1359
4801.43,15.2812,21.6765
4806.86,-15.3006,35.8615
4812.28,-6.51409,12.8229
4817.71,28.6926,-22.3469
4823.13,31.9177,-31.1806
4828.56,14.5094,-16.5092
4833.98,-3.7352,-11.5412
4839.41,-19.2334,-39.434
4844.83,-6.08237,-28.5868
4850.26,25.5211,36.9076
4855.69,31.1683,60.1741
4861.11,30.3945,-8.57483
4866.54,35.1762,-95.0953
4871.96,43.0385,-73.7687
4877.39,36.974,-2.07091
4882.81,3.55806,21.6142
4888.24,1.19947,47.9339
4893.66,5.50511,90.1437
4899.09,-6.22285,73.4894
4904.51,-2.30458,22.3414
4909.94,-2.24455,10.6393
4915.36,24.1463,16.9768
4920.79,67.4651,39.4229
4926.21,65.8566,41.5623
4931.64,18.3122,-8.70555
4937.07,9.96791,-28.2867
4942.49,35.3741,-34.8389
4947.92,-9.75161,-48.4356
4953.34,-36.9619,-59.2571
4958.77,-0.959354,-80.6151
4964.19,18.9183,-66.7774
4969.62,9.17247,-24.9377
4975.04,-15.0301,29.9345
4980.47,-15.018,47.6921
4985.89,12.0041,24.3093
4991.32,14.0256,3.57434
4996.74,-17.3964,-35.0364
5002.17,-23.1433,-73.4827
5007.6,-15.4528,-90.2563
5013.02,-8.7444,-78.3765
5018.45,33.6769,-22.7718
5023.87,35.3652,49.6211
5029.3,-3.96747,71.4043
5034.72,-16.072,56.627
5040.15,-9.48289,57.4889
5045.57,13.9495,61.0325
5051,36.4835,45.4517
5056.42,62.8976,-2.66106
5061.85,43.5078,-42.3787
5067.27,12.5141,-38.5847
5072.7,12.7906,-28.0289
5078.12,-10.7799,-24.5043
5083.55,-26.9084,-8.56932
5088.98,-39.4132,4.15449
5094.4,-35.8301,-21.9136
5099.83,-13.9865,-37.7806
5105.25,-19.7517,-18.5457
5110.68,-24.2227,-46.6295
5116.1,-2.16909,-84.2526
5121.53,5.36269,-57.8462
5126.95,-2.4365,-20.8677
5132.38,8.33841,-2.24722
5137.8,15.7277,-14.3779
5143.23,19.1038,-35.5131
5148.65,30.7814,-15.8561
5154.08,25.4409,-20.8828
5159.5,1.71632,-29.04
5164.93,-18.3254,31.3547
5170.36,-15.207,42.243
5175.78,-10.0848,-28.2059
5181.21,-30.2971,-47.6536
5186.63,-25.0805,-10.9639
5192.06,0.72995,16.6975
5197.48,2.68936,18.8639
5202.91,1.59554,-0.137168
5208.33,-6.36942,-16.8675
5213.76,-0.510169,-31.9072
5219.18,25.7176,-44.6871
5224.61,6.10016,-48.8782
5230.03,-37.1592,-48.3918
5235.46,-19.6026,-40.1866
5240.88,16.3737,-7.20835
5246.31,9.9542,17.158
5251.74,7.30295,-0.679987
5257.16,13.0471,-4.4745
5262.59,25.9283,-18.5848
5268.01,28.8611,-67.8264
5273.44,-0.598282,-67.2263
5278.86,-9.38331,-12.7492
5284.29,12.4652,55.3236
5289.71,43.3508,70.0885
5295.14,47.8134,40.7147
5300.56,27.9684,41.3403
5305.99,27.6421,30.359
5311.41,37.9987,2.05272
5316.84,27.5341,5.19033
5322.27,13.0347,10.6946
5327.69,33.6717,7.35363
5333.12,67.7081,23.1651
5338.54,50.9377,2.22402
5343.97,1.16433,-22.8994
5349.39,7.20151,-1.02729
5354.82,45.0102,-3.91606
5360.24,39.5619,-14.5294
5365.67,14.8147,3.93977
5371.09,-2.14644,3.21893
5376.52,-31.7219,-29.778
5381.94,-49.3963,-32.6941
5387.37,-7.52535,1.43423
5392.79,62.4901,-3.87383
5398.22,74.2122,-31.9302
5403.65,53.3309,-36.0732
5409.07,38.2261,-0.555693
5414.5,6.75671,35.8155
5419.92,-2.47029,21.2605
5425.35,14.355,20.6056
5430.77,52.7847,39.0098
5436.2,61.7503,28.2683
5441.62,-2.10302,11.9601
5447.05,-20.8817,-5.54968
5452.47,7.13826,-12.4261
5457.9,-10.087,5.04813
5463.32,-18.8909,0.398516
5468.75,-14.764,11.7807
5474.17,-39.8438,37.0953
5479.6,-46.4516,0.808151
5485.03,-14.4462,-37.8672
5490.45,32.7154,-31.1561
5495.88,23.5943,-21.2855
5501.3,-19.7899,-15.7167
5506.73,17.2976,14.8609
5512.15,42.1159,52.8731
5517.58,6.06124,54.5373
5523,8.62258,17.7483
5528.43,23.2695,-25.4697
5533.85,-8.27871,-30.9079
5539.28,-45.5832,-18.4054
5544.7,-23.453,-34.2196
5550.13,9.87217,-38.8599
