-214.029 -493.822 -174.592 249.624 -546.736 280.483 169.722 -388.572 -183.778 -144.895 125.931 259.196 -496.465 1.78662 -425.38 923.688 -830.545 -33.4491 -239.875 -178.639 -243.544 804.022 -281.632 71.79 -159.999 147.828 -117.621 -437.704 28.7961 -293.394 -823.671 -289.361
-161.038 -187.833 -86.417 -395.123 -307.784 249.521 178.044 -78.0735 403.266 -719.524 85.4134 699.729 -177.897 -75.5614 78.7307 344.782 600.151 78.5287 -415.969 -90.8829 -1096.73 -315.05 -422.565 -66.1155 673.037 21.2237 868.161 -1905.17 -569.873 208.828 572.682 306.225
592.928 649.955 -134.943 -745.646 -546.03 -218.163 1182.21 368.693 -87.8648 382.086 -8.39856 -217.785 -1019.44 -168.983 -433.127 1068.65 -431.375 -40.6599 -314.445 -156.326 -5.4859 -710.368 -29.8661 -365.036 -211.693 -346.955 752.905 -133.492 621.198 -799.766 563.823 -436.45
-90.6101 -1242.48 -217.746 -325.612 -253.02 284.118 770.971 578.274 -245.045 -188.137 865.666 -916.013 68.9086 221.638 -154.578 331.291 -853.299 -822.286 131.258 138.101 2.09034 -826.766 690.252 251.907 -707.769 -557.148 -125.263 376.323 -486.672 -38.1746 884.192 -164.755
837.404 294.994 825.655 -229.561 -806.966 -393.539 -7.94725 -366.317 170.148 -588.12 865.069 -1146.89 -255.797 -74.1404 -568.321 -52.7981 -168.324 -999.751 720.006 656.182 611.367 429.862 -403.764 530.074 -12.2429 219.716 177.745 669.388 -263.103 48.9546 266.066 -268.848
608.214 -1230.62 940.198 -150.993 318.707 -173.484 -30.303 388.563 154.315 71.168 11.8431 837.353 -294.336 400.714 -569.898 -396.768 -1267.46 473.456 902.991 369.754 392.607 900.331 -74.0928 -629.202 19.1866 -101.871 -1114.54 179.111 -257.069 57.2409 -1244.32 614.94
261.549 -706.842 832.027 257.136 1075.47 87.9696 40.819 602.472 -324.306 -71.5185 -407.253 -900.643 -85.4255 -517.394 621.113 -25.9089 -197.298 886.361 654.096 -958.787 -18.8753 -491.485 -339.271 -60.602 -90.1224 384.878 836.946 -272.139 581.677 -264.971 -161.269 24.8995
1326.42 -652.809 1948.87 35.4964 851.047 152.13 -555.965 754.988 140.101 197.642 199.876 -39.3279 416.574 314.907 -270.694 -737.954 -677.968 1271.65 -391.427 212.272 590.028 -548.087 -621.449 709.489 -650.023 766.046 695.546 648.385 53.4964 -1045.5 -93.0335 178.792
406.663 -831.296 2539.56 511.031 1023 97.0322 -30.4537 380.084 -199.371 -542.177 -265.511 -799.428 -264.245 569.685 -860.609 262.396 -176.044 991.386 -649.243 226.66 201.947 131.581 -225.655 411.193 -498.8 192.484 61.459 -998.646 446.759 6.11902 -77.0974 465.828
-1390.35 -432.032 2331.29 -118.575 -295.44 39.2476 480.922 -293.263 -425.094 -839.88 -488.01 -229.057 69.3849 -177.03 612.279 -269.377 -555.719 -1395.29 573.845 269.451 166.605 226.132 -15.6126 167.558 -501.836 197.707 111.35 1097.59 -14.5554 12.6022 -826.752 -36.1906
933.414 67.9643 1148.21 801.549 635.886 435.309 1.57825 649.021 -191.024 -282.785 365.234 38.4218 -136.044 -293.718 416.511 184.111 -352.7 244.771 401.573 -752.309 774.467 565.809 -623.919 -451.303 -170.091 176.641 331.444 78.7607 -1048.84 -7.37274 -200.684 -481.848
259.818 -37.7242 491.817 -40.3445 442.01 -59.0248 282.066 -1000.54 -637.248 -278.541 -51.879 -279.289 347.329 -1188.16 -102.086 -1201.01 234.719 -618.459 -304.189 279.742 368.247 -161.825 -36.7862 314.89 -468.21 200.678 -119.219 261.621 -833.241 584.857 826.372 -73.4244
387.069 258.196 457 231.492 402.802 -380.05 -1161.61 -394.367 -522.487 -697.024 -325.14 -989.103 -284.041 142.828 339.054 1258.5 -284.214 290.705 -186.579 -92.2601 -350.284 -871.042 -449.655 -154.196 -133.19 73.8536 139.857 -164.314 652.297 812.994 436.149 779.342
-323.907 -151.538 606.65 -651.558 -923.359 340.801 -644.044 60.1794 365.693 -237.92 -25.8995 388.688 10.6403 -922.664 703.592 708.539 -46.3105 -32.1402 -108.764 305.16 -993.061 319.243 205.101 -928.547 670.742 656.615 -397.152 -746.401 -747.233 -556.117 510.799 -142.732
490.644 -329.287 -18.6078 143.848 -722.773 -645.947 -655.656 64.9594 707.74 247.801 -64.21 140.042 3.40936 -1067.2 705.792 -597.161 455.042 316.164 263.327 -137.176 291.162 863.491 624.323 938.379 -669.671 85.6268 -916.18 -21.5433 382.298 130.377 274.205 -417.834
308.784 7.85382 698.172 479.391 443.625 -285.049 36.9204 375.725 416.067 252.619 335.68 217.828 -7.05693 -281.515 -224.744 495.933 -915.41 622.441 -154.246 -126.041 -63.6426 -377.779 -750.686 -161.277 -576.447 484.913 -238.967 68.5798 20.7236 378.932 207.021 500.206
