3930.39 4337.6 5297.46 4481.26 1984.55 4474.31 5630.03 3748.95 3542.65 2328.37 6854.33 4830.48 5581.39 4602.73 3116.5 3171.46
4705.64 5229.35 2964.83 2137.98 607.109 3259.97 3597.58 7990.53 4579.01 1943.46 5083.11 2419.48 2207.09 2110.88 4100.01 4819.63
3443.4 2706.71 1983.01 351.964 3476.53 3385.62 1856.95 7097.56 6537.91 1227.57 2587.4 3301.93 3905.79 2340.72 1614.1 1489.93
5199.16 1986.65 2472.61 355.274 4044.24 5525.27 1976.39 2317.67 4579.62 2116.7 3561.66 7671.9 5792.94 468.401 3016.91 864.901
6438.33 4554.16 4081.33 4161 4284 5260.52 4834.17 907.116 2493.47 2263.99 3663.31 4523.64 2773.89 3695.6 3192.44 5256.24
7129.14 6595.85 3979.56 3284.95 6532.4 6696.57 2514.43 2317.91 2039.73 2632.73 3314.56 871.443 1662.53 4104.28 2716.17 4775.72
4439.24 3633.31 2958.52 4584.53 5348.53 7658.24 6802.38 9462.29 4424.67 6372.15 5835.31 6169.82 5799.56 2297.9 4071.08 1686.94
4355.83 5741.04 1619.62 7541.74 12036 14536.3 18060.4 13767.3 8880.22 13845.8 9283.89 9183.65 8168.3 4866.49 6788.9 2483.14
8240.72 8609.78 5995.99 9036.74 15747.9 19402.3 17582.1 12479.4 13175 17546.9 11401.9 5040.34 6853.6 4521.7 7442.21 5484.49
5470.54 9570.29 6748.04 7414.28 12109.6 14450.1 10340.1 10245.3 10738.4 10325.5 9297.16 5072.02 3918.82 1185.76 7266.36 9802.58
5562.7 7429.58 2263.32 6118.29 5093.71 7456.47 6514.36 7608.73 5792.18 1864.82 2519.57 4794.68 981.786 2917.18 7015.58 11994.1
7029.84 4160.51 6225.77 3814.31 2425.23 4226.14 1751.3 5983.96 685.612 2589.44 1274.64 1343.68 4681.57 5829.4 5427.93 8114.87
6037.35 4314.14 9778.31 2203.99 4863.12 2514.68 1080.2 4373.78 4513.97 8850.21 3213.52 1018.26 2808.73 4300.29 5108.24 5065.11
5686.58 3180.53 6730.92 2269.39 5317.02 2328.6 4715.89 5400.65 5517.11 7472.61 2729.24 4916.5 2505.09 3195.81 3063.53 3488.48
4509.11 5681.44 4432.69 1876.72 3621.21 5699.38 4198.86 9557.34 6663.55 489.409 2330.91 6793.77 4842.19 5387.51 3245.15 3948.5
3192.54 5674.92 4451.25 1245.25 3905.14 6162.28 1235.06 5775.58 5763.15 2608.33 2595.31 6223.65 2842.37 3666.05 1798.05 5271.02
