93.3603	121.842	1	
94.9871	121.151	2	
97.0819	120.967	3	
96.1448	119.901	4	
95.3283	121.599	5	
96.7782	122.996	6	
97.5457	124.544	7	
99.3417	125.126	8	
98.6333	124.543	9	
97.9532	125.872	10	
101.332	125.141	11	
100.074	124.007	12	
102.585	125.577	13	
100.82	123.375	14	
100.914	122.797	15	
98.2979	120.938	16	
98.7894	118.601	17	
100.428	119.176	18	
100.361	119.507	19	
98.6701	120.626	20	
99.692	122.872	21	
103.588	123.924	22	
100.844	123.501	23	
102.138	123.174	24	
102.014	120.955	25	
102.622	120.336	26	
103.578	119.174	27	
104.223	119.482	28	
106.909	118.451	29	
107.778	121.142	30	
107.347	119.468	31	
108.665	120.013	32	
109.484	120.39	33	
109.749	120.087	34	
108.885	121.219	35	
110.221	121.229	36	
110.996	120.376	37	
108.878	116.939	38	
112.836	118.009	39	
112.445	118.56	40	
114.494	118.715	41	
114.492	115.108	42	
114.506	114.45	43	
115.051	115.456	44	
115.218	116.373	45	
116.507	119.714	46	
117.396	121.659	47	
119.144	121.159	48	
119.827	120.92	49	
120.374	125.98	50	
123.161	128.766	51	
122.525	129.214	52	
124.633	128.434	53	
124.085	130.714	54	
122.472	132.817	55	
123.706	132.473	56	
126.662	135.365	57	
127.714	134.479	58	
126.485	133.545	59	
126.936	132.006	60	
127.993	129.296	61	
123.684	129.104	62	
120.41	130.144	63	
120.364	128.547	64	
117.432	131.343	65	
120.214	132.9	66	
121.806	134.75	67	
122.458	131.449	68	
125.23	133.112	69	
127.149	132.894	70	
128.503	133.198	71	
129.889	128.851	72	
130.399	124.079	73	
131.374	124.324	74	
132.378	123.387	75	
132.01	123.038	76	
127.299	120.85	77	
128.233	124.795	78	
127.565	123.483	79	
125.56	124.477	80	
123.981	126.095	81	
123.737	126.784	82	
128.237	126.584	83	
130.576	128.999	84	
130.018	131.24	85	
129.964	130.873	86	
128.031	129.208	87	
127.226	129.486	88	
127.875	131.306	89	
128.052	130.778	90	
127.489	131.944	91	
127.215	128.465	92	
129.439	125.538	93	
130.05	126.036	94	
131.527	127.586	95	
132.378	130.345	96	
134.835	131.975	97	
136.774	133.699	98	
136.571	140.93	99	
138.376	137.791	100	
133.787	138.829	101	
135.411	138.742	102	
132.924	136.898	103	
132.698	136.397	104	
134.053	135.606	105	
132.825	136.936	106	
132.472	137.334	107	
132.383	137.318	108	
131.193	134.092	109	
131.963	130.207	110	
128.181	135.168	111	
128.591	137.292	112	
130.123	135.803	113	
128.901	135.391	114	
133.689	133	115	
131.683	133.924	116	
130.771	130.911	117	
130.1	130.005	118	
132.856	135.554	119	
133.927	133.943	120	
136.572	132.649	121	
136.934	133.685	122	
135.962	132.342	123	
137.166	130.983	124	
136.002	132.737	125	
135.858	134.413	126	
137.585	132.099	127	
140.186	133.787	128	
139.124	135.315	129	
138.61	136.897	130	
139.03	137.244	131	
137.44	136.109	132	
137.488	136.558	133	
139.366	137.666	134	
137.23	137.689	135	
135.482	138.537	136	
134.945	139.889	137	
132.712	138.938	138	
134.86	139.76	139	
135.27	141.747	140	
136.053	142.96	141	
135.292	143.755	142	
131.667	147.003	143	
131.323	145.573	144	
130.852	145.478	145	
130.855	146.314	146	
129.033	148.496	147	
130.415	147.954	148	
131.607	147.065	149	
133.351	147.336	150	
134.564	148.626	151	
135.336	147.316	152	
138.27	146.337	153	
138.03	146.842	154	
136.771	149.619	155	
139.606	149.048	156	
137.185	146.671	157	
138.698	150.009	158	
137.422	148.292	159	
138.539	150.168	160	
137.046	151.744	161	
137.776	152.307	162	
138.495	150.611	163	
138.991	149.127	164	
136.913	152.917	165	
139.238	152.053	166	
140.914	153.233	167	
141.013	149.546	168	
143.516	149.701	169	
144.138	152.66	170	
144.183	153.41	171	
142.205	154.536	172	
139.672	155.405	173	
141.993	156.059	174	
139.555	153.109	175	
137.613	155.581	176	
136.988	155.996	177	
135.958	156.95	178	
138.833	156.137	179	
136.069	156.95	180	
137.266	160.545	181	
141.635	161.327	182	
141.68	159.255	183	
143.581	162.944	184	
144.247	164.82	185	
144.132	167.709	186	
145.838	171.929	187	
144.684	173.532	188	
147.475	175.379	189	
149.044	173.575	190	
148.793	174.597	191	
147.773	175.756	192	
149.814	173.893	193	
152.138	172.47	194	
151.834	172.321	195	
148.992	172.51	196	
146.511	174.785	197	
148.171	178.98	198	
149.49	179.014	199	
147.632	178.613	200	
145.912	180.956	201	
146.082	177.918	202	
146.307	177.831	203	
143.897	180.948	204	
143.161	182.724	205	
142.83	180.326	206	
143.642	177.396	207	
140.77	176.783	208	
140.997	173.995	209	
142.867	176.074	210	
141.174	176.748	211	
139.889	177.819	212	
140.284	179.026	213	
138.498	180.953	214	
140.317	181.793	215	
139.738	182.82	216	
138.589	182.807	217	
133.396	185.002	218	
133.101	187.829	219	
134.583	185.089	220	
133.524	184.795	221	
135.439	183.448	222	
131.896	186.408	223	
129.32	187.666	224	
129.441	188.462	225	
129.085	193.591	226	
130.469	193.01	227	
133.872	191.955	228	
131.454	191.099	229	
129.98	191.089	230	
132.67	192.464	231	
132.205	190.795	232	
129.269	188.553	233	
129.61	189.882	234	
129.27	189.794	235	
128.137	193.243	236	
130.734	195.1	237	
127.101	196.328	238	
125.233	195.864	239	
128.806	195.458	240	
129.475	196.154	241	
125.723	193.302	242	
128.41	193.464	243	
129.73	192.409	244	
128.264	191.909	245	
128.733	192.36	246	
127.399	189.921	247	
128.73	188.347	248	
128.934	189.267	249	
128.602	192.844	250	
128.2	192.395	251	
125.768	190.548	252	
126.597	189.721	253	
124.536	188.856	254	
124.808	189.039	255	
124.822	187.805	256	
123.45	188.186	257	
124.762	187.034	258	
122.715	187.581	259	
119.96	188.192	260	
117.538	185.917	261	
116.172	187.904	262	
117.597	186.442	263	
117.466	182.831	264	
115.47	180.795	265	
114.684	178.999	266	
113.101	179.325	267	
113.268	180.931	268	
114.887	181.992	269	
111.777	184.011	270	
114.584	186.035	271	
112.988	186.547	272	
113.268	186.231	273	
114.995	184.502	274	
116.535	185.848	275	
114.512	187.671	276	
113.298	190.168	277	
109.902	193.268	278	
110.812	192.522	279	
109.562	193.368	280	
112.672	193.87	281	
112.973	192.53	282	
117.543	193.487	283	
118.063	191.018	284	
116.714	189.766	285	
118.667	192.501	286	
117.651	194.527	287	
115.761	194.609	288	
114.07	193.194	289	
115.603	192.812	290	
117.621	190.064	291	
119.326	187.575	292	
119.291	187.98	293	
117.171	187.929	294	
117.928	189.372	295	
118.395	189.008	296	
117.112	187.622	297	
114.4	187.937	298	
116.682	186.272	299	
117.849	186.011	300	
118.097	186.4	301	
117.054	184.5	302	
116.445	186.793	303	
120.19	183.922	304	
116.499	185.93	305	
120.474	186.594	306	
119.56	181.493	307	
121.659	181.717	308	
121.641	179.812	309	
122.155	177.615	310	
124.091	175.102	311	
123.604	173.59	312	
122.363	173.2	313	
123.429	172.463	314	
120.207	170.938	315	
121.963	170.435	316	
122.544	172.501	317	
124.201	171.708	318	
122.541	173.568	319	
120.317	169.768	320	
121.014	173.57	321	
120.112	174.144	322	
119.781	171.55	323	
122.535	172.212	324	
120.467	171.521	325	
121.362	169.194	326	
121.579	173.794	327	
122.956	173.588	328	
122.549	173.675	329	
123.237	171.718	330	
123.6	172.967	331	
121.599	171.762	332	
120.651	169.328	333	
118.723	170.019	334	
113.974	170.698	335	
114.024	170.976	336	
118.921	172.78	337	
119.946	174.082	338	
121.457	171.535	339	
122.175	172.117	340	
122.012	170.949	341	
124.722	169.76	342	
128.92	169.849	343	
127.076	169.672	344	
128.107	168.119	345	
129.435	166.033	346	
130.514	166.05	347	
129.49	169.455	348	
131.292	169.023	349	
134.537	171.243	350	
135.117	171.378	351	
136.302	171.674	352	
135.335	171.763	353	
130.99	167.636	354	
131.743	168.545	355	
132.306	169.443	356	
131.57	170.332	357	
132.828	170.35	358	
134.982	170.505	359	
135.797	169.512	360	
132.691	167.544	361	
132.713	166.45	362	
130.893	167.853	363	
129.168	168.287	364	
128.855	168.054	365	
130.25	169.113	366	
128.989	166.52	367	
128.884	166.809	368	
131.623	169.801	369	
134.613	172.234	370	
138.262	174.008	371	
142.5	174.565	372	
140.286	171.913	373	
140.006	171.195	374	
137.47	172.496	375	
139.442	170.843	376	
140.148	167.426	377	
139.238	166.594	378	
139.55	164.933	379	
140.217	163.156	380	
136.176	164.593	381	
138.032	164.712	382	
139.975	164.264	383	
141.854	165.499	384	
139.566	167.047	385	
141.976	163.495	386	
142.891	164.946	387	
142.062	164.264	388	
141.157	162.424	389	
142.396	162.202	390	
138.691	159.649	391	
134.906	159.896	392	
132.279	160.038	393	
133.07	159.172	394	
130.663	157.131	395	
129.834	155.331	396	
130.491	155.107	397	
129.466	157.391	398	
130.29	157.834	399	
127.792	158.22	400	
130.444	158.431	401	
130.34	159.516	402	
131.637	161.099	403	
130.931	161.254	404	
128.5	160.392	405	
130.148	158.449	406	
127.615	157.479	407	
124.419	156.76	408	
124.335	155.302	409	
122.63	154.08	410	
125.426	155.67	411	
124.292	156.697	412	
122.514	156.492	413	
123.38	157.377	414	
126.722	157.129	415	
124.899	155.001	416	
120.762	155.548	417	
119.97	155.118	418	
120.05	154.203	419	
116.494	154.636	420	
113.414	152.552	421	
115.084	152.165	422	
115.748	152.105	423	
116.324	153.496	424	
115.719	152.963	425	
113.419	152.024	426	
109.95	156.061	427	
110.349	154.392	428	
113.545	154.254	429	
111.486	155.927	430	
110.863	154.883	431	
109.397	155.184	432	
108.311	156.104	433	
110.851	155.468	434	
110.725	155.862	435	
111.507	158.793	436	
111.025	159.378	437	
109.488	159.797	438	
109.513	158.946	439	
108.8	158.825	440	
107.999	158.882	441	
106.752	157.098	442	
104.019	155.677	443	
103.892	156.375	444	
104.713	156.575	445	
101.359	158.644	446	
102.57	159.504	447	
103.811	161.129	448	
103.459	161.455	449	
100.491	160.917	450	
100.034	162.927	451	
101.906	161.34	452	
102.158	164.252	453	
100.43	162.466	454	
96.6576	163.236	455	
98.1178	163.964	456	
97.2359	164.082	457	
98.8452	163.458	458	
99.9334	162.395	459	
100.344	158.462	460	
100.467	158.919	461	
100.421	160.592	462	
100.704	161.025	463	
97.7933	160.791	464	
96.1856	162.367	465	
90.6557	158.821	466	
91.6838	158.487	467	
90.7083	156.252	468	
90.7276	156.712	469	
94.7248	154.997	470	
93.4403	154.56	471	
90.6548	153.707	472	
91.162	157.191	473	
89.4537	154.687	474	
90.4288	154.972	475	
91.4474	153.711	476	
92.468	151.981	477	
94.2299	154.48	478	
94.1136	151.98	479	
92.9357	151.733	480	
94.3428	152.04	481	
95.3733	150.589	482	
95.4319	152.436	483	
96.0275	152.822	484	
96.6926	152.78	485	
97.4481	152.523	486	
99.7627	156.476	487	
101.757	158.449	488	
101.689	159.458	489	
102.465	158.347	490	
104.637	158.417	491	
107.434	162.574	492	
107.106	164.013	493	
111.154	161.872	494	
109.916	163.314	495	
110.305	164.045	496	
112.565	164.914	497	
112.565	165.928	498	
112.943	164.409	499	
113.442	163.518	500	
114.482	163.437	501	
115.347	162.655	502	
117.682	162.584	503	
119.08	164.654	504	
119.849	164.425	505	
119.834	163.992	506	
119.823	163.373	507	
120.506	161.084	508	
123.066	158.938	509	
124.357	157.923	510	
121.867	157.608	511	
124.522	157.585	512	
125.971	159.9	513	
124.29	160.851	514	
124.849	162.175	515	
123.166	163.033	516	
124.678	163.584	517	
126.16	161.163	518	
130.037	161.033	519	
129.475	159.53	520	
129.757	158.072	521	
130.941	157.618	522	
130.523	160.383	523	
133.281	161.207	524	
132.521	160.115	525	
130.49	159.972	526	
133.708	162.094	527	
134.476	160.513	528	
131.652	159.264	529	
131.289	160.958	530	
131.842	159.709	531	
130.223	159.737	532	
131.722	160.006	533	
131.732	158.303	534	
132.041	159.541	535	
131.035	162.384	536	
132.532	161.381	537	
132.596	162.666	538	
134.686	165.11	539	
133.339	166.547	540	
132.831	165.075	541	
134.1	165.921	542	
137.199	163.871	543	
136.733	167.241	544	
136.432	164.158	545	
138.625	163.42	546	
137.078	164.239	547	
132.366	164.431	548	
130.084	164.025	549	
133.173	168.196	550	
133.447	165.679	551	
134.108	166.346	552	
135.512	167.064	553	
135.299	164.592	554	
132.236	168.023	555	
134.392	168.843	556	
134.375	168.377	557	
135.189	168.499	558	
134.047	171.993	559	
132.754	167.706	560	
132.692	167.691	561	
132.46	164.589	562	
135.585	166.229	563	
130.08	169.257	564	
131.187	168.559	565	
132.406	167.073	566	
129.319	168.094	567	
128.732	167.042	568	
128.988	165.537	569	
125.839	165.341	570	
127.069	163.559	571	
127.576	161.869	572	
131.139	162.894	573	
128.413	162.567	574	
126.909	163.231	575	
126.692	161.701	576	
127.05	158.145	577	
128.134	161.838	578	
127.336	158.591	579	
131.311	160.591	580	
130.992	159.541	581	
134.648	160.568	582	
133.992	163.375	583	
132.482	163.662	584	
128.873	161.529	585	
128.517	162.689	586	
129.618	165.256	587	
130.252	165.898	588	
131.725	166.889	589	
133.03	164.192	590	
135.126	162.755	591	
139.007	161.02	592	
139.076	163.176	593	
142.803	159.997	594	
143.301	160.495	595	
140.41	161.033	596	
140.379	164.798	597	
141.164	166.64	598	
139.014	169.482	599	
140.684	168.6	600	
140.839	167.494	601	
140.786	166.041	602	
138.042	170.011	603	
137.127	168.605	604	
137.016	168.114	605	
137.51	167.572	606	
133.897	168.901	607	
133.32	171.572	608	
135.421	168.173	609	
135.11	167.636	610	
138.899	167.766	611	
140.55	168.712	612	
137.455	166.509	613	
139.919	166.458	614	
140.453	167.253	615	
136.856	165.154	616	
138.801	167.154	617	
138.682	168.967	618	
140.134	171.92	619	
143.549	171.518	620	
143.965	169.909	621	
142.876	170.061	622	
142.208	169.24	623	
141.592	171.433	624	
140.984	172.736	625	
140.242	176.62	626	
139.782	175.921	627	
138.413	176.453	628	
139.14	178.812	629	
137.447	179.46	630	
136.058	178.112	631	
134.526	178.401	632	
133.473	177.52	633	
133.004	175.702	634	
133.403	175.862	635	
134.97	176.098	636	
132.007	176.77	637	
130.234	176.831	638	
129.99	174.199	639	
131.405	176.476	640	
132.641	178.144	641	
135.249	176.88	642	
133.031	175.691	643	
133.781	176.287	644	
135.743	176.867	645	
132.759	179.322	646	
133.054	180.448	647	
136.632	179.996	648	
137.125	180.302	649	
134.481	184.429	650	
134.523	184.827	651	
136.465	184.388	652	
134.933	184.189	653	
131.921	187.177	654	
129.348	187.114	655	
129.18	187.931	656	
126.957	190.111	657	
127.54	189.383	658	
126.402	193.411	659	
129.802	195.036	660	
128.212	194.106	661	
126.735	196.991	662	
128.057	195	663	
126.798	192.539	664	
129.232	190.963	665	
130.471	192.494	666	
129.441	195.829	667	
127.497	195.329	668	
124.982	194.652	669	
125.48	195.79	670	
124.296	196.486	671	
126.465	196.261	672	
126.247	195.875	673	
127.593	197.324	674	
126.312	194.508	675	
126.883	192.437	676	
129.521	194.397	677	
129.845	193.69	678	
131.114	192.857	679	
128.436	192.272	680	
128.544	192.914	681	
128.029	192.543	682	
126.763	191.932	683	
128.282	190.951	684	
128.513	192.439	685	
129.14	194.779	686	
129.57	196.048	687	
130.228	194.71	688	
131.99	197.999	689	
131.082	198.096	690	
132.148	196.822	691	
131.243	194.05	692	
132.709	192.753	693	
135.06	192.09	694	
134.034	190.273	695	
134.715	188.642	696	
134.058	189.626	697	
133.816	191.107	698	
130.97	189.954	699	
132.452	190.054	700	
133.539	192.542	701	
130.829	194.434	702	
127.751	192.638	703	
127.458	189.496	704	
130.443	190.432	705	
130.774	190.141	706	
127.411	189.703	707	
127.571	190.337	708	
128.659	188.29	709	
128.092	192.085	710	
128.702	191.427	711	
127.597	190.575	712	
127.955	191.654	713	
127.615	188.191	714	
125.413	188.25	715	
123.06	186.469	716	
121.444	187.075	717	
120.383	186.395	718	
121.012	186.242	718	
117.445	183.848	719	
118.494	184.91	720	
117.883	183.382	721	
116.258	182.628	722	
118.098	183.794	723	
116.794	184.156	724	
115.012	183.499	725	
116.452	185.499	726	
117.264	183.388	727	
118.195	181.289	728	
118.47	182.864	729	
118.484	183.537	730	
118.009	185.78	731	
118.155	184.518	732	
115.495	185.28	733	
114.381	185.095	734	
113.321	181.867	735	
114.085	182.521	736	
115.058	183.129	737	
115.938	182.925	738	
117.424	184.638	739	
119.198	183.938	740	
120.251	182.228	741	
119.745	180.414	742	
122.455	183.165	743	
122.48	182.256	744	
123.273	180.258	745	
127.539	178.887	746	
129.077	180.168	747	
131.485	177.849	748	
131.479	177.525	749	
133.825	175.389	750	
132.506	178.521	751	
130.417	182.346	752	
131.724	183.429	753	
132.662	181.728	754	
130.325	181.182	755	
130.143	180.042	756	
127.876	179.519	757	
127.351	183.468	758	
127.271	183.888	759	
130.019	182.003	760	
129.732	186.305	761	
128.282	186.288	762	
128.484	185.231	763	
129.085	188.616	764	
129.221	190.175	765	
126.583	188.967	766	
124.576	189.442	767	
126.661	189.293	768	
122.572	186.844	769	
122.605	187.112	770	
121.098	189.163	771	
123.572	188.401	772	
125.017	187.475	773	
122.2	185.399	774	
123.458	184.404	775	
125.49	184.567	776	
127.305	188.382	777	
129.062	190.683	778	
128.124	185.412	779	
127.347	187.946	780	
124.296	188.046	781	
123.027	186.24	782	
120	189.622	783	
119.985	193.223	784	
121.542	195.052	785	
121.121	195.559	786	
123.044	194.331	787	
121.701	195.663	788	
123.673	194.898	789	
125.335	194.703	790	
127.788	195.083	791	
126.308	198.538	792	
127.564	196.015	793	
125.162	191.958	794	
125.763	191.655	795	
125.851	188.442	796	
129.661	189.519	797	
131.204	190.844	798	
132.762	192.299	799	
132.626	190.822	800	
129.105	185.816	801	
129.387	183.779	802	
128.604	183.58	803	
127.343	182.601	804	
124.707	182.814	805	
126.704	183.338	806	
123.68	185.291	807	
123.413	183.172	808	
121.397	181.32	809	
123.589	181.61	810	
124.099	181.067	811	
122.626	182.59	812	
125.246	184.368	813	
127.512	185.262	814	
129.47	183.946	815	
128.206	182.855	816	
126.723	185.313	817	
123.395	187.02	818	
120.297	187.693	819	
120.98	188.728	820	
121.729	189.598	821	
119.509	189.282	822	
116.397	187.853	823	
116.726	187.712	824	
117.51	185.367	825	
117.554	184.359	826	
114.895	186.939	827	
114.193	185.864	828	
114.813	184.7	829	
116.152	183.47	830	
117.564	187.484	831	
117.048	188.027	832	
117.157	187.018	833	
115.606	188.376	834	
114.954	187.486	835	
115.056	188.486	836	
115.004	188.953	837	
119.113	186.99	838	
118.197	187.591	839	
120.304	187.074	840	
118.671	183.318	841	
117.492	181.483	842	
117.287	181.406	843	
117.549	182.257	844	
113.231	183.105	845	
110.769	182.336	846	
108.777	183.921	847	
107.575	185.562	848	
107.016	184.941	849	
104.981	183.782	850	
105.58	180.948	851	
104.453	182.852	852	
105.789	181.714	853	
105.337	183.574	854	
103.627	183.107	855	
104.276	183.786	856	
107.195	183.669	857	
106.472	184.785	858	
105.246	182.592	859	
106.628	181.733	860	
107.577	180.939	861	
108.429	183.584	862	
105.826	183.927	863	
106.895	184.339	864	
111.423	180.636	865	
110.149	184.477	866	
107.325	185.732	867	
110.095	184.983	868	
109.724	185.272	869	
110.052	184.866	870	
107.857	184.123	871	
109.615	180.487	872	
109.987	179.355	873	
110.695	178.979	874	
110.23	179.285	875	
110.877	180.25	876	
111.576	180.043	877	
112.158	182.555	878	
110.969	183.335	879	
107.182	182.405	880	
105.524	181.449	881	
107.645	184.018	882	
105.306	182.933	883	
103.104	182.371	884	
102.528	183.949	885	
102.132	185.209	886	
97.4196	184.948	887	
97.3706	184.261	888	
99.7615	185.923	889	
99.8882	184.432	890	
102.312	185.546	891	
101.067	186.732	892	
104.074	186.487	893	
106.778	189.018	894	
110.079	189.988	895	
110.455	192.833	896	
109.032	191.939	897	
106.007	194.142	898	
109.059	195.78	899	
110.13	193.781	900	
111.408	195.151	901	
113.515	197.905	902	
112.981	197.57	903	
110.256	199.413	904	
110.977	199.453	905	
111.845	197.193	906	
110.951	196.802	907	
108.955	197.345	908	
111.114	195.358	909	
110.245	194.555	910	
110.241	194.961	911	
113.388	195.977	912	
114.377	193.954	913	
115.361	196.603	914	
118.45	198.398	915	
120.367	196.551	916	
119.631	196.7	917	
125.162	196.87	918	
128.963	196.56	919	
128.04	196.552	920	
126.257	196.623	921	
123.453	196.037	922	
126.083	196.919	923	
128.2	196.215	924	
124.932	194.579	925	
127.362	196.544	926	
129.348	194.935	927	
128.45	195.305	928	
127.611	192.721	929	
127.613	191.555	930	
129.713	192.077	931	
129.022	189.452	932	
130.955	194.025	933	
131.731	194.519	934	
134.396	193.023	935	
134.651	196.809	936	
132.828	195.267	937	
130.567	195	938	
130.118	193.793	939	
128.555	195.163	940	
128.923	194.968	941	
126.017	197.244	942	
128.725	199.107	943	
125.204	197.475	944	
127.239	199.858	945	
128.837	199.493	946	
132.14	200.153	947	
129.978	197.392	948	
130.52	194.546	949	
130.795	193.114	950	
128.378	192.582	951	
130.197	191.634	952	
129.336	189.074	953	
127.866	188.913	954	
128.226	188.813	955	
128.753	188.947	956	
128.19	189.157	957	
126.139	188.65	958	
125.025	189.726	959	
125.73	192.152	960	
125.343	195.482	961	
122.577	193.954	962	
125.593	194.444	963	
125.636	197.077	964	
124.322	192.588	965	
126.015	194.798	966	
124.576	196.753	967	
124.14	196.868	968	
126.123	197.852	969	
124.817	197.274	970	
126.313	198.031	971	
126.46	200.615	972	
126.703	202.005	973	
126.447	204.609	974	
126.786	200.657	975	
123.222	201.948	976	
123.901	205.173	977	
122.834	207.082	978	
125.565	208.554	979	
125.135	205.674	980	
124.698	205.107	981	
124.808	205.158	982	
127.026	204.737	983	
124.355	204.788	984	
122.394	203.455	985	
121.752	201.414	986	
123.858	203.424	987	
127.218	205.258	988	
128.495	201.775	989	
129.984	198.938	990	
134.809	201.448	991	
132.034	204.712	992	
132.707	209.065	993	
131.27	209.519	994	
131.798	208.991	995	
134.484	207.938	996	
134.64	209.031	997	
135.045	203.607	998	
133.936	203.141	999	
133.942	202.937	1000	
136.44	202.339	1001	
136.841	202.945	1002	
135.555	204.57	1003	
135.72	206.088	1004	
133.016	204.393	1005	
131.902	205.054	1006	
132.603	206.839	1007	
132.665	206.345	1008	
131.101	207.966	1009	
133.642	206.103	1010	
132.404	204.968	1011	
128.772	204.373	1012	
128.55	204.047	1013	
132.737	202.452	1014	
134.346	202.779	1015	
134.971	204.661	1016	
131.441	204.187	1017	
128.883	204.023	1018	
126.849	200.759	1019	
129.03	200.091	1020	
128.248	201.32	1021	
129.948	201.013	1022	
133.369	203.146	1023	
135.554	200.585	1024	
134.02	196.16	1025	
131.9	198.434	1026	
132.015	196.69	1027	
131.734	196.678	1028	
134.553	194.69	1029	
129.618	193.33	1030	
130.896	195.873	1031	
132.07	199.937	1032	
132.163	200.572	1033	
132.753	196.554	1034	
126.198	198.335	1035	
125.737	198.646	1036	
126.584	198.935	1037	
127.365	197.046	1038	
125.307	195.786	1039	
125.424	191.884	1040	
125.822	193.738	1041	
125.891	195.019	1042	
125.192	198.041	1043	
127.487	198.661	1044	
129.672	199.079	1045	
130.863	198.409	1046	
133.068	196.883	1047	
133.826	199.145	1048	
134.351	201.71	1049	
135.52	204.163	1050	
135.039	200.235	1051	
136.577	198.155	1052	
136.72	201.855	1053	
137.989	203.187	1054	
138.011	205.488	1055	
137.162	204.74	1056	
137.977	204.18	1057	
134.768	204.751	1058	
129.771	204.862	1059	
133.427	208.167	1060	
131.848	203.479	1061	
133.338	202.453	1062	
134.305	200.726	1063	
132.897	199.884	1064	
134.668	196.954	1065	
134.991	196.538	1066	
135.358	196.484	1067	
131.809	199.67	1068	
132.105	203.023	1069	
135.447	204.664	1070	
136.459	205.427	1071	
136.86	204.974	1072	
135.173	203.909	1073	
135.436	204.866	1074	
135.325	204.632	1075	
139.858	207.475	1076	
138.299	206.344	1077	
138.062	207.894	1078	
136.363	206.236	1079	
135.79	210.878	1080	
134.421	212.526	1081	
133.008	213.034	1082	
134.338	211.988	1083	
134.738	212.535	1084	
135.331	211.998	1085	
138.115	211.91	1086	
137.552	214.168	1087	
140.088	215.58	1088	
138.999	213.92	1089	
133.214	213.143	1090	
130.054	213.002	1091	
128.973	210.296	1092	
125.914	214.482	1093	
123.147	213.648	1094	
123.105	213.102	1095	
124.408	214.338	1096	
121.117	212.581	1097	
123.828	214.038	1098	
122.412	214.047	1099	
121.349	211.697	1100	
122.815	212.162	1101	
123.598	208.984	1102	
124.236	210.04	1103	
122.517	211.066	1104	
123.106	210.045	1105	
123.126	211.886	1106	
123.766	214.013	1107	
126.375	217.34	1108	
125.985	218.387	1109	
125.715	217.263	1110	
127.511	218.276	1111	
127.414	215.728	1112	
127.82	213.844	1113	
125.129	215.763	1114	
127.016	216.154	1115	
126.545	215.169	1116	
127.772	216.768	1117	
127.807	217.072	1118	
129.858	216.698	1119	
131.001	215.34	1120	
131.329	214.54	1121	
129.707	214.112	1122	
130.54	216.335	1123	
130.967	214.811	1124	
130.26	212.341	1125	
131.161	210.77	1126	
129.998	211.097	1127	
128.405	211.032	1128	
126.671	213.978	1129	
128.479	215.496	1130	
132.296	213.809	1131	
132.336	213.979	1132	
129.207	216.452	1133	
128.545	217.475	1134	
127.728	212.919	1135	
123.459	211.534	1136	
124.603	212.024	1137	
123.629	209.404	1138	
125.13	208.474	1139	
126.959	205.498	1140	
127.781	208.551	1141	
130.958	209.656	1142	
130.19	210.46	1143	
128.982	211.163	1144	
130.319	211.751	1145	
127.237	212.966	1146	
127.319	211.116	1147	
127.83	210.605	1148	
125.549	208.219	1149	
126.756	211.464	1150	
127.733	213.429	1151	
130.891	211.069	1152	
131.344	212.893	1153	
134.784	215.542	1154	
134.92	215.325	1155	
136.088	214.102	1156	
135.436	211.475	1157	
134.445	211.738	1158	
137.039	207.465	1159	
136.602	207.538	1160	
136.323	209.53	1161	
134.566	207.698	1162	
130.173	207.167	1163	
135.83	204.242	1164	
133.074	204.561	1165	
132.375	207.047	1166	
132.413	201.145	1167	
130.717	198.366	1168	
131.044	200.82	1169	
132.449	200.984	1170	
134.096	198.499	1171	
132.81	198.043	1172	
136.852	197.464	1173	
138.488	195.13	1174	
138.289	194.473	1175	
137.319	192.803	1176	
137.509	190.993	1177	
137.772	189.412	1178	
135.364	186.781	1179	
135.818	184.723	1180	
135.443	185.458	1181	
134.394	180.637	1182	
131.558	181.317	1183	
132.685	180.613	1184	
130.653	178.085	1185	
133.708	176.945	1186	
137.01	176.839	1187	
137.093	175.187	1188	
139.435	176.326	1189	
136.058	174.864	1190	
135.262	174.497	1191	
136.574	170.99	1192	
137.523	173.809	1193	
141.624	174.104	1194	
141.07	176.051	1195	
140.691	175.464	1196	
137.768	176.575	1197	
140.425	178.642	1198	
142.497	181.387	1199	
145.241	177.442	1200	
149.939	179.138	1201	
150.101	179.132	1202	
148.266	176.6	1203	
149.628	179.879	1204	
150.993	181.701	1205	
153.004	180.139	1206	
151.548	179.746	1207	
147.034	182.276	1208	
147.735	182.58	1209	
146.017	183.678	1210	
146.499	186.005	1211	
143.704	185.9	1212	
146.986	184.543	1213	
147.083	182.194	1214	
146.562	178.141	1215	
149.718	179.633	1216	
151.295	179.578	1217	
152.988	182.588	1218	
151.163	185.248	1219	
150.438	185.622	1220	
151.035	187.495	1221	
148.722	184.665	1222	
146.391	184.902	1223	
149.834	186.127	1224	
153.128	184.786	1225	
154.185	185.389	1226	
153.463	185.309	1227	
157.943	184.618	1228	
155.258	184.603	1229	
154.581	184.645	1230	
155.078	182.828	1231	
152.466	184.604	1232	
152.427	183.98	1233	
151.74	183.829	1234	
153.043	184.057	1235	
148.478	183.567	1236	
147.657	184.781	1237	
147.719	187.48	1238	
147.409	186.178	1239	
148.084	188.379	1240	
149.111	188.965	1241	
151.402	187.62	1242	
151.506	185.163	1243	
152.267	186.439	1244	
152.036	189.343	1245	
151.096	190.071	1246	
153.004	188.843	1247	
156.295	192.543	1248	
156.57	192.325	1249	
157.968	191.748	1250	
157.353	191.029	1251	
156.722	188.853	1252	
158.037	188.385	1253	
156.193	184.236	1254	
157.346	182.85	1255	
159.642	185.707	1256	
158.977	184.117	1257	
156.52	183.05	1258	
157.002	183.182	1259	
156.763	181.237	1260	
156.451	179.86	1261	
154.882	181.133	1262	
157.642	180.919	1263	
158.803	184.392	1264	
162.007	184.965	1265	
161.397	182.743	1266	
160.609	184.263	1267	
160.491	183.299	1268	
160.581	182.576	1269	
161.304	181.973	1270	
161.732	184.874	1271	
161.43	185.471	1272	
160.628	184.725	1273	
159.836	183.476	1274	
156.898	181.594	1275	
157.341	181.343	1276	
158.26	180.763	1277	
160.438	184.078	1278	
158.88	186.525	1279	
159.579	188.446	1280	
158.224	190.878	1281	
158.629	189.002	1282	
160.054	188.884	1283	
163.633	188.155	1284	
162.706	190.999	1285	
165.979	190.683	1286	
167.088	191.173	1287	
168.34	191.05	1288	
167.285	191.634	1289	
168.226	190.976	1290	
168.582	190.637	1291	
168.041	191.583	1292	
168.234	192.586	1293	
170.067	191.079	1294	
170.85	195.092	1295	
170.805	194.885	1296	
165.694	193.284	1297	
163.52	195.348	1298	
165.526	197.112	1299	
167.537	198.34	1300	
166.958	198.95	1301	
165.663	201.1	1302	
163.594	197.14	1303	
164.085	193.853	1304	
164.268	196.241	1305	
166.551	196.179	1306	
168.056	194.014	1307	
169.674	192.463	1308	
170.652	193.962	1309	
169.57	193.934	1310	
174.192	190.265	1311	
176.234	192.819	1312	
175.41	194.91	1313	
178.116	192.432	1314	
177.955	193.758	1315	
176.818	194.847	1316	
176.186	193.079	1317	
175.085	194.29	1318	
176.492	192.004	1319	
176.795	192.778	1320	
179.123	193.108	1321	
180.644	192.98	1322	
180.305	193.122	1323	
183.827	191.721	1324	
186.598	190.379	1325	
189.254	192.345	1326	
188.114	192.56	1327	
186.583	189.896	1328	
185.512	195.417	1329	
188.553	193.516	1330	
190.967	190.773	1331	
187.488	191.198	1332	
191.212	188.378	1333	
192.17	188.721	1334	
192.385	188.618	1335	
194.493	190.522	1336	
191.367	191.448	1337	
190.539	191.3	1338	
191.472	192.381	1339	
192.41	191.331	1340	
189.404	192.73	1341	
188.707	191.919	1342	
189.827	194.871	1343	
190.042	195.673	1344	
192.708	195.254	1345	
191.309	194.374	1346	
191.714	195.681	1347	
195.422	191.965	1348	
195.937	191.989	1349	
194.261	190.955	1350	
195.217	192.011	1351	
194.464	192.058	1352	
196.086	191.082	1353	
197.211	189.023	1354	
195.919	189.11	1355	
193.609	190.411	1356	
194.883	190.774	1357	
195.383	187.751	1358	
196.415	186.52	1359	
199.247	184.855	1360	
199.192	186.418	1361	
200.285	187.174	1362	
202.462	186.822	1363	
203.624	187.443	1364	
204.454	185.553	1365	
203.105	187.196	1366	
200.624	188.661	1367	
199.474	191.904	1368	
204.616	192.493	1369	
202.383	191.13	1370	
202.274	187.963	1371	
202.882	188.732	1372	
200.778	187.661	1373	
199.92	186.153	1374	
202.56	188.952	1375	
202.755	188.371	1376	
204.543	185.488	1377	
201.611	184.242	1378	
200.992	182.372	1379	
202.001	182.532	1380	
200.995	182.133	1381	
196.358	184.486	1382	
195.932	185.041	1383	
196.397	183.926	1384	
192.024	185.686	1385	
196.564	188.911	1386	
197.902	187.26	1387	
198.663	189.949	1388	
197.529	190.358	1389	
200.62	188.927	1390	
201.318	188.663	1391	
200.385	189.105	1392	
199.564	187.698	1393	
197.993	189.565	1394	
199.433	189.862	1395	
199.905	189.809	1396	
199.966	188.71	1397	
201.67	186.903	1398	
201.773	184.08	1399	
198.33	187.033	1400	
198.053	188.672	1401	
198.535	187.393	1402	
197.564	187.567	1403	
194.459	185.24	1404	
193.952	182.028	1405	
192.591	179.471	1406	
192.336	179.423	1407	
191.205	179.848	1408	
188.633	181.62	1409	
190.395	181.137	1410	
189.164	181.964	1411	
192.408	181.727	1412	
192.548	179.376	1413	
191.891	181.398	1414	
191.252	182.295	1415	
195.11	183.97	1416	
195.476	185.101	1417	
194.559	186.787	1418	
194.403	189.081	1419	
193.866	187.198	1420	
197.823	187.105	1421	
201.808	187.143	1422	
201.025	186.036	1423	
200.385	188.94	1424	
201.205	191.804	1425	
203.145	192.23	1426	
207.914	191.64	1427	
209.048	192.374	1428	
212.068	195.283	1429	
213.491	200.263	1429	
212.21	195.637	1430	
214.297	197.747	1431	
215.545	196.59	1432	
213.314	197.355	1433	
212.422	198.511	1434	
214.786	196.502	1435	
213.428	197.814	1436	
211.691	196.796	1437	
210.456	196.486	1438	
207.884	194.919	1439	
209.442	197.541	1440	
210.488	201.241	1440	
208.394	197.19	1441	
211.391	195.044	1442	
213.8	199.222	1442	
211.496	195.339	1443	
211.483	194.624	1444	
213.529	193.892	1445	
211.533	199.001	1446	
208.059	200.624	1447	
207.763	201.656	1448	
205.165	201.931	1449	
203.536	198.593	1450	
207.11	197.922	1451	
204.425	197.715	1452	
204.525	199.607	1453	
205.573	198.9	1454	
205.589	198.33	1455	
204.13	200.829	1456	
205.768	199.857	1457	
206.908	199.882	1458	
207.288	199.947	1459	
207.408	198.017	1460	
207.839	200.299	1461	
209.851	205.178	1461	
207.188	201.552	1462	
209.238	200.815	1463	
207.369	200.669	1464	
207.59	199.802	1465	
209.744	201.035	1466	
211.981	200.975	1467	
212.826	198.592	1468	
213.439	197.962	1469	
215.615	198.142	1470	
216.852	201.677	1471	
214.009	201.373	1472	
209.668	203.273	1473	
210.969	200.85	1474	
212.044	199.917	1475	
215.804	200.032	1476	
216.129	196.174	1477	
216.604	198.734	1478	
212.129	197.362	1479	
212.67	194.458	1480	
212.807	192.169	1481	
214.021	192.431	1482	
212.832	193.452	1483	
214.686	195.408	1484	
214.647	196.767	1485	
215.465	199.008	1486	
216.58	195.966	1487	
218.958	197.954	1488	
218.261	195.491	1489	
218.764	197.999	1490	
218.767	198.003	1491	
216.877	199.255	1492	
214.598	200.747	1493	
214.898	198.478	1494	
210.725	196.526	1495	
212.064	194.033	1496	
212.878	192.729	1497	
213.387	194.926	1498	
213.443	196.385	1499	
214.413	198.556	1500	
214.717	198.622	1501	
215.64	204.115	1501	
215.862	196.62	1502	
213.558	199.578	1503	
214.233	201.921	1504	
212.481	204.873	1505	
212.291	206.205	1506	
211.143	206.186	1507	
213.681	209.034	1507	
212.024	208.613	1508	
213.997	207.79	1509	
214.961	210.571	1510	
214.493	206.965	1511	
213.18	205.401	1512	
214.741	201.444	1513	
216.606	201.082	1514	
216.247	200.986	1515	
219.085	198.391	1516	
216.317	199.415	1517	
216.796	198.477	1518	
216.041	200.002	1519	
219.144	202.449	1520	
217.808	203.848	1521	
216.534	204.555	1522	
216.113	205.85	1523	
218.047	207.513	1524	
218.331	206.244	1525	
217.05	207.574	1526	
216.463	213.641	1527	
217.887	216.472	1528	
217.208	215.876	1529	
215.894	217.47	1530	
215.805	217.051	1531	
216.112	217.163	1532	
218.975	217.054	1533	
215.658	215.815	1534	
217.394	215.877	1535	
217.288	216.151	1536	
218.358	219.426	1537	
220.08	218.91	1538	
220.561	217.949	1539	
222.655	216.543	1540	
224.223	216.803	1541	
222.926	214.776	1542	
222.698	215.096	1543	
222.237	215.789	1544	
224.19	216.558	1545	
227.191	217.274	1546	
226.91	217.276	1547	
227.459	216.6	1548	
225.969	216.339	1549	
222.266	217.975	1550	
222.498	218.017	1551	
223.926	217.646	1552	
222.28	218.204	1553	
217.387	215.553	1554	
219.082	212.496	1554	
217.287	218.829	1555	
216.389	219.129	1556	
220.193	220.768	1557	
217.578	221.099	1558	
216.92	222.429	1559	
219.14	221.144	1560	
217.842	222.891	1561	
219.536	223.983	1562	
220.738	223.598	1563	
220.993	222.586	1564	
218.509	220.731	1565	
217.083	217.703	1566	
217.602	216.166	1567	
218.912	215.475	1568	
217.781	216.025	1569	
218.528	218.679	1570	
219.688	215.024	1571	
220.257	214.897	1572	
221.378	210.924	1572	
217.525	214.159	1573	
215.805	215.733	1574	
217.514	215.162	1575	
218.007	215.744	1576	
217.792	214.309	1577	
217.761	212.56	1578	
215.315	210.686	1579	
219.272	211.021	1579	
214.796	211.163	1580	
216.888	208.427	1581	
216.292	209.079	1582	
215.899	210.505	1583	
218.199	211.207	1584	
218.99	210.847	1585	
220.417	210.674	1586	
221.801	213.866	1587	
224.657	212.259	1587	
218.573	213.654	1588	
217.146	213.21	1589	
215.742	213.851	1590	
214.963	213.696	1591	
216.243	211.028	1592	
215.481	212.34	1593	
217.44	211.061	1594	
218.673	212.858	1595	
218.054	212.418	1596	
216.361	211.824	1597	
218.369	211.529	1598	
222.216	212.948	1599	
218.691	213.784	1600	
218.291	215.431	1601	
214.553	215.176	1602	
216.264	212.22	1603	
214.073	212.793	1604	
213.385	217.891	1605	
216.805	217.122	1606	
214.905	213.413	1607	
213.985	215.489	1608	
215.283	215.635	1609	
212.339	214.951	1610	
208.149	214.649	1611	
208.075	216.826	1612	
210.543	216.387	1613	
211.674	218.556	1614	
213.22	220.465	1615	
211	222.321	1616	
211.251	223.635	1617	
211.797	224.751	1618	
213.022	224.479	1619	
215.073	225.944	1620	
212.872	226.881	1621	
209.955	225.062	1622	
210.471	228.915	1623	
208.663	228.443	1624	
208.39	229.294	1625	
210.745	230.564	1626	
210.278	230.823	1627	
210.478	233.54	1628	
210.669	234.428	1629	
211.781	234.846	1630	
211.463	236.25	1631	
210.785	236.146	1632	
209.112	232.998	1633	
209.273	234.777	1634	
207.705	233.225	1635	
207.362	232.484	1636	
209.804	232.074	1637	
210.278	229.084	1638	
207.967	227.558	1639	
207.026	225.992	1640	
207.733	225.044	1641	
205.985	224.165	1642	
206.805	224.701	1643	
205.35	224.419	1644	
206.178	222.281	1645	
211.046	220.296	1646	
213.906	221.58	1647	
215.177	222.105	1648	
214.37	220.952	1649	
212.083	220.745	1650	
210.791	221.357	1651	
211.092	220.682	1652	
212.156	221.87	1653	
212.138	224.061	1654	
212.311	222.751	1655	
214.949	223.053	1656	
214.44	225.353	1657	
211.421	224.759	1658	
214.603	223.266	1659	
216.735	223.928	1660	
218.543	223.947	1661	
219.789	224.363	1662	
220.758	224.738	1663	
217.57	224.342	1664	
216.821	225.036	1665	
218.033	226.078	1666	
218.43	226.449	1667	
217.587	227.976	1668	
219.38	227.575	1669	
219.217	225.956	1670	
221.311	224.999	1671	
223.021	224.438	1672	
225.788	222.645	1673	
227.225	225.016	1674	
227.842	227.002	1675	
228.01	230.126	1676	
227.521	232.018	1677	
226.083	228.932	1678	
226.051	228.036	1679	
228.924	227.811	1680	
228.598	228.605	1681	
227.4	227.487	1682	
233.025	227.044	1683	
232.538	227.183	1684	
230.552	228.755	1685	
232.925	225.144	1686	
235.752	223.665	1687	
234.015	221.098	1688	
236.437	220.308	1689	
235.65	223.248	1690	
235.509	222.937	1691	
237.561	222.656	1692	
235.494	221.213	1693	
237.543	218.549	1694	
235.276	219.072	1695	
234.299	216.274	1696	
235.735	219.626	1697	
235.396	218.698	1698	
237.237	219.231	1699	
239.965	218.762	1700	
236.723	220.546	1701	
237.002	217.244	1702	
235.496	219.213	1703	
233.374	217.126	1704	
233.463	221.177	1705	
234.466	223.052	1706	
235.252	225.134	1707	
234.107	225.653	1708	
234.472	224.466	1709	
235.325	227.627	1710	
235.92	229.51	1711	
236.786	226.952	1712	
236.786	225.952	1713	
234.654	226.321	1714	
232.59	226.698	1715	
232.016	226.265	1716	
232.61	232.399	1717	
231.184	234.742	1718	
231.84	238.015	1719	
230.811	236.899	1720	
229.769	236.371	1721	
226.645	235.744	1722	
