0,4332.02
4.88281e-005,396.866
9.76563e-005,-3802.59
0.000146484,-6806.72
0.000195313,-7851.07
0.000244141,-6809.57
0.000292969,-4052.51
0.000341797,-344.598
0.000390625,3273.17
0.000439453,5916.37
0.000488281,6927.21
0.000537109,6124.77
0.000585938,3801.74
0.000634766,643.175
0.000683594,-2508.78
0.000732422,-4831.01
0.00078125,-5792.43
0.000830078,-5201.74
0.000878906,-3289.25
0.000927734,-628.276
0.000976563,2082.19
0.00102539,4148.14
0.00107422,5043.09
0.00112305,4595.66
0.00117188,3005.76
0.0012207,739.908
0.00126953,-1594.03
0.00131836,-3408.96
0.00136719,-4246
0.00141602,-3941.46
0.00146484,-2626.77
0.00151367,-717.165
0.0015625,1305.96
0.00161133,2890.81
0.00166016,3649.26
0.00170898,3447.49
0.00175781,2373.62
0.00180664,755.282
0.00185547,-992.214
0.0019043,-2389.41
0.00195313,-3104.94
0.00200195,-2968.9
0.00205078,-2087.84
0.00209961,-716.401
0.00214844,772.188
0.00219727,1999.86
0.00224609,2631.43
0.00229492,2568.54
0.00234375,1861.22
0.00239258,694.583
0.00244141,-587.834
0.00249023,-1658.17
0.00253906,-2234.97
0.00258789,-2221.11
0.00263672,-1623.49
0.00268555,-647.885
0.00273437,447.178
0.0027832,1386.92
0.00283203,1905.88
0.00288086,1928.59
0.00292969,1450.81
0.00297852,622.91
0.00302734,-312.723
0.00307617,-1147.12
0.003125,-1615.47
0.00317383,-1653.33
0.00322266,-1265.71
0.00327148,-584.141
0.00332031,227.897
0.00336914,941.842
0.00341797,1366.36
0.0034668,1428.13
0.00351563,1126.59
0.00356445,542.079
0.00361328,-146.833
0.00366211,-783.2
0.00371094,-1156.12
0.00375977,-1226.52
0.00380859,-974.589
0.00385742,-483.072
0.00390625,106.417
0.00395508,640.62
0.00400391,991.615
0.00405273,1065.49
0.00410156,865.466
0.00415039,458.27
0.00419922,-45.1964
0.00424805,-517.732
0.00429688,-829.626
0.0043457,-906.797
0.00439453,-751.977
0.00444336,-407.764
0.00449219,26.4896
0.00454102,426.58
0.00458984,700.893
0.00463867,785.431
0.0046875,656.32
0.00473633,372.341
0.00478516,12.938
0.00483398,-330.781
0.00488281,-581.959
0.00493164,-669.201
0.00498047,-568.938
0.0050293,-338.34
0.00507813,-33.7021
0.00512695,260.173
0.00517578,484.878
0.00522461,562.098
0.00527344,485.252
0.00532227,293.321
0.00537109,24.6911
0.00541992,-225.452
0.00546875,-424.648
0.00551758,-496.203
0.00556641,-429.446
0.00561523,-278.455
0.00566406,-40.1985
0.00571289,184.192
0.00576172,347.005
0.00581055,421.14
0.00585938,379.923
0.0059082,248.352
0.00595703,58.9009
0.00600586,-136.9
0.00605469,-292.213
0.00610352,-357.05
0.00615234,-324.731
0.00620117,-211.793
0.00625,-46.0292
0.00629883,114.624
0.00634766,254.996
0.00639648,314.66
0.00644531,302.104
0.00649414,199.364
0.00654297,63.6975
0.0065918,-82.1107
0.00664063,-208.194
0.00668945,-262.931
0.00673828,-247.151
0.00678711,-169.024
0.00683594,-54.9017
0.00688477,65.6252
0.00693359,177.95
0.00698242,224.283
0.00703125,216.202
0.00708008,154.341
0.00712891,53.6299
0.00717773,-49.8594
0.00722656,-145.448
0.00727539,-194.352
0.00732422,-190.074
0.00737305,-133.235
0.00742187,-52.3876
0.0074707,34.7889
0.00751953,128.217
0.00756836,165.687
0.00761719,161.603
0.00766602,123.298
0.00771484,51.174
0.00776367,-27.1864
0.0078125,-101.552
0.00786133,-134.874
0.00791016,-137.707
0.00795898,-100.368
0.00800781,-43.3234
0.00805664,29.8762
0.00810547,82.6659
0.0081543,115.281
0.00820313,124.674
0.00825195,98.0434
0.00830078,48.8306
0.00834961,-3.24268
0.00839844,-61.3707
0.00844727,-86.8711
0.00849609,-99.352
0.00854492,-70.233
0.00859375,-31.7996
0.00864258,12.6703
0.00869141,63.1043
0.00874023,84.8587
0.00878906,93.9198
0.00883789,74.8429
0.00888672,40.3819
0.00893555,-3.09419
0.00898437,-52.3961
0.0090332,-76.7527
0.00908203,-79.5116
0.00913086,-60.9243
0.00917969,-36.4121
0.00922852,0
0.00927734,39.1395
0.00932617,56.9808
0.009375,62.7333
0.00942383,53.5617
0.00947266,29.6405
0.00952148,0
0.00957031,-32.3508
0.00961914,-52.7313
0.00966797,-58.3619
0.0097168,-52.321
0.00976563,-31.8493
0.00981445,-2.8841
0.00986328,14.3643
0.00991211,42.9248
0.00996094,42.7575
0.0100098,39.7514
0.0100586,22.6265
0.0101074,-2.81729
0.0101563,-28.0631
0.0102051,-36.3398
0.0102539,-44.5515
0.0103027,-38.8306
0.0103516,-19.3396
0.0104004,-2.75203
0.0104492,10.9652
0.010498,27.3061
0.0105469,35.3596
0.0105957,32.5123
0.0106445,18.8916
0.0106934,5.37655
0.0107422,-8.03339
0.010791,-29.3409
0.0108398,-31.8835
0.0108887,-26.466
0.0109375,-13.1814
0.0109863,-7.87801
0.0110352,10.4631
0.011084,26.0557
0.0111328,25.9541
0.0111816,25.8529
0.0112305,18.0265
0.0112793,5.13034
0.0113281,-2.55517
0.011377,-15.2713
0.0114258,-25.3529
0.0114746,-20.2032
0.0115234,-15.0933
0.0115723,-2.50575
0.0116211,0
0.0116699,17.4038
0.0117188,22.289
0.0117676,19.7352
0.0118164,14.7437
0.0118652,12.2385
0.0119141,-2.43816
0.0119629,-12.1433
0.0120117,-9.67675
0.0120605,-12.0488
0.0121094,-7.20108
0.0121582,0
0.012207,9.52673
0.0122559,16.6068
0.0123047,23.6315
0.0123535,18.8315
0.0124023,14.0685
0.0124512,7.00685
0.0125,0
0.0125488,-6.95232
0.0125977,-13.8504
0.0126465,-11.497
0.0126953,-6.87132
0.0127441,-2.28151
0.012793,2.27262
0.0128418,6.79127
0.0128906,9.01972
0.0129395,13.4768
0.0129883,8.94953
0.0130371,4.45732
0.0130859,0
0.0131348,-2.21132
0.0131836,-11.0135
0.0132324,-6.58232
0.0132813,-4.37111
0.0133301,-2.17703
0.0133789,-2.16855
0.0134277,2.16009
0.0134766,6.45501
0.0135254,8.57313
0.0135742,8.5397
0.013623,4.2532
0.0136719,-2.11831
0.0137207,-2.11005
0.0137695,-10.5091
0.0138184,-12.5618
0.0138672,-4.17094
0.013916,-4.15468
0.0139648,-2.06924
0.0140137,0
0.0140625,6.15941
0.0141113,8.18053
0.0141602,4.07432
0.014209,0
0.0142578,-2.02131
0.0143066,-6.04028
0.0143555,-6.01673
0.0144043,-7.99103
0.0144531,-3.97994
0.014502,-1.98221
0.0145508,-3.94897
0.0145996,-1.96679
0.0146484,0
0.0146973,5.85444
0.0147461,3.88774
0.0147949,0
0.0148437,1.92874
0.0148926,-3.84245
0.0149414,-5.74121
0.0149902,-1.90627
0.0150391,-3.79768
0.0150879,1.89144
0.0151367,5.6522
0.0151855,9.3836
0.0152344,9.34702
0.0152832,9.31058
0.015332,7.41942
0.0153809,7.3905
0.0154297,1.84042
0.0154785,5.49974
0.0155273,-1.8261
0.0155762,-5.45694
0.015625,-5.43566
0.0156738,-3.60965
0.0157227,-1.79779
0.0157715,0
0.0158203,5.35139
0.0158691,3.55369
0.015918,0
0.0159668,-1.76302
0.0160156,-3.51228
0.0160645,-3.49859
0.0161133,-5.22743
0.0161621,-3.47136
0.0162109,-3.45783
0.0162598,-5.16653
0.0163086,-1.71546
0.0163574,-3.41755
0.0164063,-1.70211
0.0164551,-1.69548
0.0165039,-1.68887
0.0165527,-1.68228
0.0166016,-3.35144
0.0166504,-3.33838
0.0166992,-1.66268
0.016748,-1.6562
0.0167969,-3.29949
0.0168457,-1.64331
0.0168945,-4.91071
0.0169434,-1.63052
0.0169922,-1.62417
0.017041,-1.61783
0.0170898,0
0.0171387,3.21049
0.0171875,3.19797
0.0172363,1.59275
0.0172852,-1.58654
0.017334,-1.58036
0.0173828,-3.14839
0.0174316,-3.13612
0.0174805,-1.56194
0.0175293,-3.11171
0.0175781,-1.54979
0.017627,-1.54375
0.0176758,1.53773
0.0177246,1.53173
0.0177734,6.10305
0.0178223,0
0.0178711,3.02778
0.0179199,-1.50799
0.0179687,-3.00422
0.0180176,-2.9925
0.0180664,-2.98084
0.0181152,-2.96922
0.0181641,-2.95764
0.0182129,-1.47305
0.0182617,-4.40193
0.0183105,-1.46159
0.0183594,-5.82357
0.0184082,-4.35065
0.018457,-4.33369
0.0185059,-5.75572
0.0185547,-7.16661
0.0186035,-5.71093
0.0186523,-4.2665
0.0187012,-2.83325
0.01875,-1.4111
0.0187988,-4.21679
0.0188477,-1.40012
0.0188965,-1.39466
0.0189453,-4.16767
0.0189941,-1.38381
0.019043,-1.37841
0.0190918,-1.37304
0.0191406,-1.36768
0.0191895,-1.36235
0.0192383,-1.35704
0.0192871,0
0.0193359,1.34648
0.0193848,2.68246
0.0194336,1.336
0.0194824,1.33079
0.0195313,1.32561
0.0195801,0
0.0196289,1.31529
0.0196777,1.31016
0.0197266,2.61011
0.0197754,0
0.0198242,1.2949
0.019873,3.86955
0.0199219,3.85446
0.0199707,5.11925
0.0200195,6.37411
0.0200684,2.5397
0.0201172,3.7947
0.020166,2.51994
0.0202148,3.76517
0.0202637,1.25016
0.0203125,2.49058
0.0203613,1.24044
0.0204102,2.4712
0.020459,1.23078
0.0205078,0
0.0205566,1.2212
0.0206055,1.21644
0.0206543,1.2117
0.0207031,1.20698
0.020752,1.20227
0.0208008,2.39517
0.0208496,-1.19292
0.0208984,-1.18827
0.0209473,-3.5509
0.0209961,-1.17902
0.0210449,-1.17442
0.0210938,-1.16984
0.0211426,-3.49585
0.0211914,-1.16074
0.0212402,-1.15621
0.0212891,-2.30341
0.0213379,-1.14722
0.0213867,-2.28549
0.0214355,-2.27658
0.0214844,-1.13385
0.0215332,-3.38829
0.021582,-1.12503
0.0216309,-2.24128
0.0216797,-1.11627
0.0217285,-2.22384
0.0217773,-1.10758
0.0218262,-1.10327
0.021875,-1.09897
0.0219238,-1.09468
0.0219727,-3.27124
0.0220215,-3.25849
0.0220703,-3.24578
0.0221191,-2.15542
0.022168,-4.29403
0.0222168,-1.06932
0.0222656,-3.19546
0.0223145,-2.122
0.0223633,-1.05686
0.0224121,-1.05274
0.0224609,-3.14592
0.0225098,-1.04455
0.0225586,-1.04048
0.0226074,-2.07285
0.0226563,-1.03238
0.0227051,-1.02836
0.0227539,-1.02435
0.0228027,0
0.0228516,0
0.0229004,-1.01241
0.0229492,-1.00847
0.022998,-3.01361
0.0230469,-1.00062
0.0230957,-3.98687
0.0231445,-0.992833
0.0231934,-2.96689
0.0232422,-1.97021
0.023291,-2.9438
0.0233398,-0.97744
0.0233887,-0.973629
0.0234375,-0.969834
0.0234863,-0.966053
0.0235352,-0.962286
0.023584,-0.958535
0.0236328,0
0.0236816,0
0.0237305,-0.947368
0.0237793,-0.943674
0.0238281,-0.939995
0.023877,0
0.0239258,0.93268
0.0239746,1.85809
0.0240234,1.85084
0.0240723,0.921814
0.0241211,0
0.0241699,0.91464
0.0242188,0.911074
0.0242676,0
0.0243164,0.903984
0.0243652,0.90046
0.0244141,0
0.0244629,-0.893453
0.0245117,-0.889969
0.0245605,0
0.0246094,0.883044
0.0246582,0.879601
0.024707,1.75234
0.0247559,0.872756
0.0248047,1.73871
0.0248535,2.59789
0.0249023,0.862588
0.0249512,0.859225
0.025,-1.71175
0.0250488,-0.852538
0.0250977,-2.54764
0.0251465,-5.07542
0.0251953,-2.52782
0.0252441,-3.35728
0.025293,-1.6721
0.0253418,-2.49837
0.0253906,-3.31817
0.0254395,-1.65262
0.0254883,-1.64617
0.0255371,-1.63976
0.0255859,-0.816682
0.0256348,-1.627
0.0256836,-1.62065
0.0257324,-1.61433
0.0257812,-0.80402
0.0258301,0
0.0258789,1.59553
0.0259277,1.58931
0.0259766,1.58311
0.0260254,1.57694
0.0260742,0.785395
0.026123,0.782333
0.0261719,0.779283
0.0262207,0.776245
0.0262695,1.54644
0.0263184,2.31061
0.0263672,2.3016
0.026416,0.764211
0.0264648,1.52246
0.0265137,2.27479
0.0265625,0.755307
0.0266113,1.50473
0.0266602,1.49886
0.026709,0
0.0267578,-0.743597
0.0268066,-1.4814
0.0268555,-0.737811
0.0269043,-0.734934
0.0269531,-0.732069
0.027002,-0.729215
0.0270508,-0.726372
0.0270996,-0.72354
0.0271484,-0.720719
0.0271973,-0.717909
0.0272461,-0.71511
0.0272949,-1.42465
0.0273438,-0.709545
0.0273926,-2.12034
0.0274414,0
0.0274902,0.701279
0.0275391,-0.698545
0.0275879,-0.695822
0.0276367,-0.693109
0.0276855,-0.690407
0.0277344,0
0.0277832,0.685034
0.027832,-0.682363
0.0278809,-2.03911
0.0279297,-0.677053
0.0279785,-0.674413
0.0280273,-0.671784
0.0280762,0
0.028125,1.33311
0.0281738,1.32792
0.0282227,1.98411
0.0282715,1.31758
0.0283203,1.96867
0.0283691,0.653664
0.028418,1.30223
0.0284668,1.29715
0.0285156,0.646048
0.0285645,1.93059
0.0286133,3.2051
0.0286621,2.55409
0.0287109,1.9081
0.0287598,1.26711
0.0288086,0.631083
0.0288574,0
0.0289063,0
0.0289551,0.62373
0.0290039,1.2426
0.0290527,-0.618877
0.0291016,-0.616464
0.0291504,-1.84218
0.0291992,-1.22333
0.029248,-0.609282
0.0292969,-0.606906
0.0293457,-0.60454
0.0293945,-0.602183
0.0294434,-1.19967
0.0294922,-0.597497
0.029541,-0.595168
0.0295898,-0.592847
0.0296387,-1.18107
0.0296875,-1.17647
0.0297363,-1.75782
0.0297852,-0.583656
0.029834,-1.74414
0.0298828,-2.31646
0.0299316,-0.576856
0.0299805,-1.14921
0.0300293,-1.14473
0.0300781,-1.14027
0.030127,-0.567913
0.0301758,-1.6971
0.0302246,-1.12699
0.0302734,-0.561297
0.0303223,-1.11822
0.0303711,-0.556929
0.0304199,-1.10951
0.0304688,0
0.0305176,1.10088
0.0305664,0.548294
0.0306152,0
0.0306641,0.544027
0.0307129,-0.541906
0.0307617,-0.539794
0.0308105,-2.15076
0.0308594,-0.535593
0.0309082,0
0.030957,0.531425
0.0310059,0.529353
0.0310547,0.527289
0.0311035,0
0.0311523,1.04637
0.0312012,0.521146
0.03125,0.519115
0.0312988,1.03418
0.0313477,1.03015
0.0313965,1.02613
0.0314453,0.511066
0.0314941,0
0.031543,-0.507089
0.0315918,-0.505112
0.0316406,0
0.0316895,0.501182
0.0317383,1.49768
0.0317871,0.497281
0.0318359,0
0.0318848,0.986823
0.0319336,0.491488
0.0319824,1.95829
0.0320312,0.975326
0.0320801,0.485762
0.0321289,0.967736
0.0321777,1.44594
0.0322266,0.960205
0.0322754,1.43469
0.0323242,1.4291
0.032373,0.949018
0.0324219,0.945318
0.0324707,0.470816
0.0325195,0
0.0325684,1.40146
0.0326172,0.930663
0.032666,0.463517
0.0327148,0
0.0327637,0.45991
0.0328125,0
0.0328613,0.912662
0.0329102,-0.454552
0.032959,-0.45278
0.0330078,-0.451015
0.0330566,-0.449256
0.0331055,-0.447505
0.0331543,-0.44576
0.0332031,0
0.033252,1.32687
0.0333008,0.881134
0.0333496,0
0.0333984,0.437138
0.0334473,0.870868
0.0334961,0.433736
0.0335449,0
0.0335938,0.430361
0.0336426,1.28605
0.0336914,0
0.0337402,-0.425347
0.0337891,-1.27107
0.0338379,-0.422037
0.0338867,-0.420392
0.0339355,-0.837506
0.0339844,-0.834241
0.0340332,-0.415494
0.034082,-0.827748
0.0341309,-0.412261
0.0341797,-0.410653
0.0342285,-0.409052
0.0342773,-0.407458
0.0343262,-0.405869
0.034375,0
0.0344238,0
0.0344727,0.802281
0.0345215,0
0.0345703,0.398019
0.0346191,0
0.034668,-0.394922
0.0347168,-0.786764
0.0347656,-0.391848
0.0348145,-0.390321
0.0348633,-0.777598
0.0349121,-0.387283
0.0349609,-0.385773
0.0350098,-0.384269
0.0350586,0
0.0351074,1.14384
0.0351563,2.65855
0.0352051,1.13494
0.0352539,1.13051
0.0353027,0.750735
0.0353516,0.747808
0.0354004,1.11734
0.0354492,0.370994
0.035498,0.739096
0.0355469,0.368107
0.0355957,0.733344
0.0356445,0.730485
0.0356934,0.363819
0.0357422,0.3624
0.035791,0
0.0358398,0
0.0358887,-0.358178
0.0359375,-0.356782
0.0359863,-0.710782
0.0360352,-0.708011
0.036084,-1.05788
0.0361328,-0.35125
0.0361816,-1.04964
0.0362305,-1.04555
0.0362793,-1.04147
0.0363281,-0.69161
0.036377,-1.37783
0.0364258,0
0.0364746,0.341776
0.0365234,0.340444
0.0365723,0
0.0366211,0.337794
0.0366699,0.336477
0.0367188,0.335166
0.0367676,0
0.0368164,0
0.0368652,0.331261
0.0369141,-0.329969
0.0369629,-0.657366
0.0370117,-0.327401
0.0370605,-0.326125
0.0371094,-0.324854
0.0371582,-0.323587
0.037207,-0.322326
0.0372559,-0.321069
0.0373047,-0.319817
0.0373535,-0.31857
0.0374023,-0.317328
0.0374512,-0.632182
0.0375,-0.629718
0.0375488,-0.313631
0.0375977,-0.937226
0.0376465,-0.311191
0.0376953,-0.309977
0.0377441,-0.308769
0.037793,-0.61513
0.0378418,-0.306366
0.0378906,-0.610343
0.0379395,-0.303982
0.0379883,-0.908391
0.0380371,-0.301616
0.0380859,-0.600881
0.0381348,-1.49635
0.0381836,-1.19241
0.0382324,-0.29694
0.0382813,-0.887348
0.0383301,-0.589259
0.0383789,-0.293481
0.0384277,-0.584673
0.0384766,-1.16479
0.0385254,-0.870185
0.0385742,-1.44465
0.038623,-1.15122
0.0386719,-0.573365
0.0387207,-0.856694
0.0387695,-1.13781
0.0388184,-0.566685
0.0388672,-0.564475
0.038916,-0.562275
0.0389648,-0.280041
0.0390137,-0.27895
0.0390625,-0.277862
0.0391113,-0.276779
0.0391602,-0.2757
0.039209,-0.274625
0.0392578,0
0.0393066,0.544975
0.0393555,0
0.0394043,0
0.0394531,0.269313
0.039502,0.268263
0.0395508,0.267217
0.0395996,0
0.0396484,0.795413
0.0396973,0.792312
0.0397461,0.789223
0.0397949,1.0482
0.0398437,0.261027
0.0398926,0.520019
0.0399414,0.258996
0.0399902,0.257986
0.0400391,0.770941
0.0400879,0.767935
0.0401367,0.254981
0.0401855,0.507973
0.0402344,1.01198
0.0402832,0.50402
0.040332,0.251027
0.0403809,0
0.0404297,0.249074
0.0404785,0.496206
0.0405273,0.741407
0.0405762,0
0.040625,0.245212
0.0406738,0
0.0407227,0.729912
0.0407715,0.242356
0.0408203,0.241411
0.0408691,0.24047
0.040918,0.239532
0.0409668,-0.238598
0.0410156,-0.475336
0.0410645,-0.473483
0.0411133,-0.235818
0.0411621,-0.234899
0.0412109,-0.233983
0.0412598,-0.466142
0.0413086,-0.232162
0.0413574,-0.693772
0.0414063,-0.230356
0.0414551,-0.458915
0.0415039,-0.228563
0.0415527,-0.227672
0.0416016,-0.453569
0.0416504,-0.2259
0.0416992,-0.225019
0.041748,-0.672427
0.0417969,-0.223268
0.0418457,-0.222398
0.0418945,-0.443062
0.0419434,-0.220667
0.0419922,-0.659421
0.042041,-0.21895
0.0420898,-0.436193
0.0421387,-0.434492
0.0421875,-0.649197
0.0422363,-0.431111
0.0422852,-0.214715
0.042334,-0.427756
0.0423828,-0.213044
0.0424316,-0.636641
0.0424805,-0.422773
0.0425293,-0.210562
0.0425781,-0.209741
0.042627,-0.208924
0.0426758,-0.416218
0.0427246,-0.414595
0.0427734,-0.20649
0.0428223,0
0.0428711,0
0.0429199,0.408168
0.0429688,0.203288
0.0430176,0.404991
0.0430664,0.201706
0.0431152,0.40184
0.0431641,-0.200136
0.0432129,-0.598069
0.0432617,-0.595737
0.0433105,-0.39561
0.0433594,-0.197034
0.0434082,-0.785062
0.043457,0
0.0435059,0
0.0435547,0
0.0436035,0.386445
0.0436523,0.384939
0.0437012,0.191719
0.04375,0.381943
0.0437988,-0.190227
0.0438477,-0.378971
0.0438965,-0.188747
0.0439453,-0.188011
0.0439941,-0.374556
0.044043,-0.186548
0.0440918,-0.18582
0.0441406,-0.185096
0.0441895,-0.184374
0.0442383,-0.183656
0.0442871,-0.18294
0.0443359,-0.182226
0.0443848,-0.181516
0.0444336,-0.180808
0.0444824,-0.360207
0.0445313,-0.179401
0.0445801,-0.178702
0.0446289,-0.178005
0.0446777,0.177311
0.0447266,0.17662
0.0447754,0.351863
0.0448242,0.175245
0.044873,0.349124
0.0449219,0
0.0449707,0.173204
0.0450195,-0.172528
0.0450684,-0.687423
0.0451172,-0.855929
0.045166,-0.682074
0.0452148,-0.509561
0.0452637,-0.676766
0.0453125,-0.674127
0.0453613,-0.33575
0.0454102,-0.334441
0.045459,-0.166568
0.0455078,-0.331838
0.0455566,-0.165272
0.0456055,-0.329256
0.0456543,-0.163986
0.0457031,-0.326693
0.045752,-0.16271
0.0458008,-0.162075
0.0458496,-0.161444
0.0458984,0
0.0459473,-0.160187
0.0459961,0
0.0460449,0.158941
0.0460938,0.158321
0.0461426,0.157704
0.0461914,0.314178
0.0462402,0.312953
0.0462891,0.155866
0.0463379,0.465776
0.0463867,0.309307
0.0464355,0.308101
0.0464844,0.15345
0.0465332,0
0.046582,0.152256
0.0466309,0
0.0466797,-0.151071
0.0467285,-0.150482
0.0467773,-0.299791
0.0468262,-0.149311
0.046875,-0.148729
0.0469238,-0.148149
0.0469727,-0.147571
0.0470215,-0.146996
0.0470703,-0.146423
0.0471191,0
0.047168,0.145284
0.0472168,0.144717
0.0472656,0.144153
0.0473145,0.143591
0.0473633,0.143031
0.0474121,0
0.0474609,0.141918
0.0475098,0
0.0475586,0
0.0476074,0
0.0476562,0.279436
0.0477051,-0.139173
0.0477539,-0.415891
0.0478027,-0.27618
0.0478516,-0.275103
0.0479004,-0.137015
0.0479492,-0.136481
0.047998,-0.135949
0.0480469,0
0.0480957,0.134891
0.0481445,0.403096
0.0481934,0.401524
0.0482422,0.13332
0.048291,0.2656
0.0483398,0.264564
0.0483887,0.131766
0.0484375,0.262505
0.0484863,0.522964
0.0485352,0.520925
0.048584,0.518894
0.0486328,0.387653
0.0486816,0.386142
0.0487305,0.384637
0.0487793,0.127712
0.0488281,0
0.048877,-0.126719
0.0489258,-0.126225
0.0489746,-0.125732
0.0490234,-0.125242
0.0490723,-0.124754
0.0491211,-0.124268
0.0491699,-0.247566
0.0492188,-0.246601
0.0492676,-0.24564
0.0493164,-0.244682
0.0493652,-0.243728
0.0494141,-0.121389
0.0494629,-0.362747
0.0495117,-0.120444
0.0495605,-0.119975
0.0496094,-0.358521
0.0496582,-0.357123
0.049707,-0.118577
0.0497559,-0.236229
0.0498047,-0.235308
0.0498535,-0.234391
0.0499023,-0.350216
0.0499512,-0.34885
0.05,-0.34749
0.0500488,-0.115379
0.0500977,-0.229857
0.0501465,-0.114481
0.0501953,-0.114034
0.0502441,-0.22718
0.050293,-0.226294
0.0503418,-0.112706
0.0503906,-0.112266
0.0504395,-0.111829
0.0504883,-0.111393
0.0505371,-0.110958
0.0505859,-0.110526
0.0506348,-0.110095
0.0506836,-0.219332
0.0507324,-0.218476
0.0507813,-0.108812
0.0508301,-0.216776
0.0508789,-0.107966
0.0509277,-0.107545
0.0509766,-0.107125
0.0510254,-0.213415
0.0510742,-0.106292
0.051123,-0.105877
0.0511719,-0.105465
0.0512207,-0.105053
0.0512695,-0.104644
0.0513184,-0.104236
0.0513672,-0.207659
0.051416,-0.103425
0.0514648,-0.103021
0.0515137,-0.20524
0.0515625,0.10222
0.0516113,0
0.0516602,0.304273
0.051709,0.202058
0.0517578,0.301905
0.0518066,0.200485
0.0518555,0.0998518
0.0519043,0.39785
0.0519531,0.19815
0.052002,0.0986885
0.0520508,0.393215
0.0520996,0.391682
0.0521484,0.292616
0.0521973,0.194317
0.0522461,0.193559
0.0522949,0.192805
0.0523438,0.28808
0.0523926,0.0956522
0.0524414,0.0952793
0.0524902,0.189816
0.0525391,0.0945378
0.0525879,0.282508
0.0526367,0.0938021
0.0526855,0.186873
0.0527344,0.0930721
0.0527832,0
0.052832,0
0.0528809,0.0919878
0.0529297,-0.0916292
0.0529785,-0.0912719
0.0530273,-0.0909161
0.0530762,-0.0905617
0.053125,0
0.0531738,0.179714
0.0532227,0
0.0532715,0.356631
0.0533203,0.08881
0.0533691,0
0.053418,0
0.0534668,0.0877754
0.0535156,-0.0874332
0.0535645,-0.174185
0.0536133,-0.0867527
0.0536621,-0.259244
0.0537109,-0.0860776
0.0537598,-0.085742
0.0538086,-0.0854078
0.0538574,-0.0850748
0.0539063,-0.0847431
0.0539551,-0.0844127
0.0540039,-0.0840836
0.0540527,-0.0837558
0.0541016,-0.0834293
0.0541504,-0.083104
0.0541992,-0.0827801
0.054248,-0.329829
0.0542969,-0.164272
0.0543457,-0.0818156
0.0543945,-0.0814967
0.0544434,-0.0811789
0.0544922,-0.0808624
0.054541,-0.0805472
0.0545898,-0.160466
0.0546387,0.0799204
0.0546875,0
0.0547363,0
0.0547852,-0.0789893
0.054834,-0.157363
0.0548828,-0.156749
0.0549316,-0.078069
0.0549805,0
0.0550293,0.232384
0.0550781,0.0771595
0.055127,0.230576
0.0551758,0.306236
0.0552246,0.228782
0.0552734,0.303853
0.0553223,0.227001
0.0553711,0.150744
0.0554199,0.150156
0.0554687,0.0747855
0.0555176,0.074494
0.0555664,-0.0742036
0.0556152,-0.0739143
0.0556641,-0.0736261
0.0557129,-0.0733391
0.0557617,-0.0730531
0.0558105,-0.0727683
0.0558594,-0.144969
0.0559082,-0.072202
0.055957,-0.215762
0.0560059,-0.0716402
0.0560547,-0.0713609
0.0561035,-0.0710827
0.0561523,-0.212417
0.0562012,0
0.05625,0
0.0562988,0
0.0563477,-0.0697078
0.0563965,-0.138872
0.0564453,-0.138331
0.0564941,-0.275583
0.056543,-0.0686271
0.0565918,-0.0683595
0.0566406,-0.136186
0.0566895,-0.0678275
0.0567383,-0.0675631
0.0567871,-0.134599
0.0568359,-0.0670373
0.0568848,0
0.0569336,0.0665156
0.0569824,0.0662563
0.0570313,0.065998
0.0570801,0
0.0571289,0.130969
0.0571777,0.130458
0.0572266,0.12995
0.0572754,0.0647215
0.0573242,0.0644692
0.057373,-0.0642178
0.0574219,-0.0639675
0.0574707,-0.0637181
0.0575195,-0.126939
0.0575684,-0.126444
0.0576172,-0.0629757
0.057666,-0.12546
0.0577148,-0.0624857
0.0577637,-0.062242
0.0578125,-0.0619994
0.0578613,-0.0617577
0.0579102,-0.0615169
0.057959,-0.0612771
0.0580078,-0.0610382
0.0580566,-0.0608002
0.0581055,-0.18169
0.0581543,-0.0603271
0.0582031,-0.180276
0.058252,-0.119715
0.0583008,-0.178873
0.0583496,-0.178175
0.0583984,-0.11832
0.0584473,-0.176789
0.0584961,-0.293499
0.0585449,-0.175413
0.0585938,-0.174729
0.0586426,-0.232064
0.0586914,-0.173369
0.0587402,-0.0575645
0.0587891,-0.17202
0.0588379,-0.0571165
0.0588867,-0.0568938
0.0589355,-0.113344
0.0589844,-0.0564511
0.0590332,-0.056231
0.059082,-0.0560118
0.0591309,-0.111587
0.0591797,0
0.0592285,0.166078
0.0592773,0.110287
0.0593262,0.164785
0.059375,0.109429
0.0594238,0.054501
0.0594727,0.0542885
0.0595215,0.108154
0.0595703,0.107732
0.0596191,0.107312
0.059668,0.106894
0.0597168,0.106477
0.0597656,0.159093
0.0598145,0.105648
0.0598633,0.157855
0.0599121,0.157239
0.0599609,0.156626
0.0600098,0.10401
0.0600586,0.103605
0.0601074,0.103201
0.0601563,0.0513993
0.0602051,0.0511989
0.0602539,0.0509993
0.0603027,0.0508005
0.0603516,0
0.0604004,0
0.0604492,0.100417
0.060498,0.0500129
0.0605469,0.0498179
0.0605957,0.0992474
0.0606445,-0.0494302
0.0606934,-0.0492375
0.0607422,-0.0490456
0.060791,-0.0488543
0.0608398,-0.0973278
0.0608887,0
0.0609375,0.0965704
0.0609863,0
0.0610352,-0.0479094
0.061084,-0.0954453
0.0611328,-0.0475366
0.0611816,-0.0473513
0.0612305,-0.0471666
0.0612793,-0.0939655
0.0613281,-0.0467996
0.061377,-0.0932343
0.0614258,-0.0928708
0.0614746,0
0.0615234,-0.046074
0.0615723,-0.0458944
0.0616211,-0.0457155
0.0616699,-0.0455373
0.0617188,-0.0453597
0.0617676,-0.0451829
0.0618164,-0.13502
0.0618652,-0.0896625
0.0619141,-0.089313
0.0619629,-0.0889648
0.0620117,-0.0886179
0.0620605,-0.0882725
0.0621094,-0.175857
0.0621582,-0.175171
0.062207,-0.130866
0.0622559,-0.173808
0.0623047,-0.0865651
0.0623535,-0.129341
0.0624023,-0.0858914
0.0624512,-0.128335
0.0625,-0.085223
0.0625488,-0.0848908
0.0625977,-0.0422799
0.0626465,-0.0842302
0.0626953,-0.0419509
0.0627441,-0.0417873
0.062793,-0.0416244
0.0628418,-0.0829243
0.0628906,-0.0413005
0.0629395,-0.0411395
0.0629883,-0.0409791
0.0630371,-0.0408193
0.0630859,-0.0406602
0.0631348,-0.121505
0.0631836,-0.0403438
0.0632324,-0.0401865
0.0632813,-0.0400298
0.0633301,-0.0797475
0.0633789,-0.0397183
0.0634277,-0.0791269
0.0634766,0
0.0635254,0
0.0635742,0.0391025
0.063623,0.0779002
0.0636719,0.0775965
0.0637207,0.0772939
0.0637695,-0.0384963
0.0638184,-0.0383462
0.0638672,-0.0381967
0.063916,-0.0380478
0.0639648,-0.0378995
0.0640137,-0.0377517
0.0640625,-0.0376045
0.0641113,-0.0374579
0.0641602,0
0.064209,0.0371664
0.0642578,0.0740431
0.0643066,0.0368772
0.0643555,0
0.0644043,0
0.0644531,0
0.064502,0
0.0645508,0.0723279
0.0645996,0.0720459
0.0646484,0
0.0646973,0.0357426
0.0647461,0.0712065
0.0647949,0
0.0648438,0.0353262
0.0648926,0.0351885
0.0649414,0.0350513
0.0649902,0.0349146
0.0650391,-0.0347785
0.0650879,-0.138572
0.0651367,-0.103524
0.0651855,-0.171867
0.0652344,-0.102718
0.0652832,-0.102317
0.065332,-0.135891
0.0653809,-0.101521
0.0654297,-0.0337085
0.0654785,-0.0335771
0.0655273,-0.0668923
0.0655762,-0.0666315
0.065625,-0.0331859
0.0656738,-0.0330565
0.0657227,-0.0329276
0.0657715,-0.0327993
0.0658203,-0.0326714
0.0658691,0
0.065918,0.0324171
0.0659668,0.0645815
0.0660156,0
0.0660645,0.0320395
0.0661133,0
0.0661621,0.0635803
0.0662109,0.0633324
0.0662598,0
0.0663086,0.0628395
0.0663574,0.0938918
0.0664063,0.0935258
0.0664551,0.0310537
0.0665039,0.0927979
0.0665527,0.0616241
0.0666016,0.0613838
0.0666504,0.0305723
0.0666992,-0.0304531
0.066748,-0.0303344
0.0667969,-0.0604322
0.0668457,-0.0300983
0.0668945,-0.0299809
0.0669434,-0.0298641
0.0669922,-0.0297476
0.067041,0
0.0670898,0
0.0671387,0.0294011
0.0671875,0
0.0672363,0.0583445
0.0672852,0.0290585
0.067334,0.0578905
0.0673828,0
0.0674316,0
0.0674805,0.028608
0.0675293,0
0.0675781,0.0283854
0.067627,0.0565495
0.0676758,0.056329
0.0677246,0.0841641
0.0677734,0
0.0678223,-0.0278364
0.0678711,-0.0277278
0.0679199,-0.0276197
0.0679687,-0.0275121
0.0680176,0
0.0680664,0.0545959
0.0681152,0.0271915
0.0681641,0.0812566
0.0682129,0.1349
0.0682617,0.0806242
0.0683106,0
0.0683594,0.106662
0.0684082,0.0265616
0.068457,0.0529162
0.0685059,0.131775
0.0685547,0.0787566
0.0686035,0.130749
0.0686523,0.104192
0.0687012,0.0518927
0.06875,0.0516904
0.0687988,0.0514889
0.0688477,0.0256441
0.0688965,0
0.0689453,0.0254445
0.0689941,0.0253453
0.069043,0.0252465
0.0690918,0.0502961
0.0691406,0
0.0691895,0
0.0692383,-0.0248551
0.0692871,-0.0247582
0.0693359,-0.0246617
0.0693848,-0.0245655
0.0694336,-0.0489395
0.0694824,-0.0243743
0.0695313,-0.0485586
0.0695801,-0.0483693
0.0696289,-0.0481807
0.0696777,-0.0239965
0.0697266,-0.0239029
0.0697754,-0.0238097
0.0698242,-0.0474338
0.069873,-0.0236244
0.0699219,-0.0235323
0.0699707,-0.0468811
0.0700195,-0.0700476
0.0700684,-0.0465163
0.0701172,-0.046335
0.070166,-0.0461543
0.0702148,-0.0229872
0.0702637,-0.0686927
0.0703125,-0.0456166
0.0703613,-0.0227194
0.0704102,-0.0226308
0.070459,-0.0225426
0.0705078,-0.0449094
0.0705566,-0.0223671
0.0706055,-0.0222799
0.0706543,0
0.0707031,0
0.070752,-0.0220204
0.0708008,-0.0219345
0.0708496,-0.021849
0.0708984,-0.0435277
0.0709473,-0.021679
0.0709961,-0.0431889
0.0710449,0
0.0710938,0.0214264
0.0711426,0.0426858
0.0711914,0.0212597
0.0712402,0.0211768
0.0712891,0.0210942
0.0713379,0.042024
0.0713867,-0.0209301
0.0714355,-0.0208485
0.0714844,-0.0623016
0.0715332,-0.0206862
0.071582,0
0.0716309,0.0205253
0.0716797,0.0408905
0.0717285,0.040731
0.0717773,0
0.0718262,0
0.071875,0.0201283
0.0719238,0.0200498
0.0719727,0.0199716
0.0720215,0.0397875
0.0720703,0.0792648
0.0721191,0.0197389
0.072168,0.0786479
0.0722168,0.058756
0.0722656,0.0390179
0.0723145,0.0388658
0.0723633,0.0193572
0.0724121,0.0385634
0.0724609,0.038413
0.0725098,0.0191316
0.0725586,0
0.0726074,0
0.0726563,-0.0189087
0.0727051,-0.018835
0.0727539,-0.0187616
0.0728027,-0.0186885
0.0728516,-0.0186156
0.0729004,-0.018543
0.0729492,-0.0184707
0.072998,0
0.0730469,0.018327
0.0730957,0.0182555
0.0731445,0.0363687
0.0731934,0.0181135
0.0732422,0.0360857
0.073291,0.0179725
0.0733398,0.0179024
0.0733887,0.0356653
0.0734375,0.0177631
0.0734863,0
0.0735352,0.0176249
0.073584,0
0.0736328,0.0174877
0.0736816,-0.0174196
0.0737305,-0.0520549
0.0737793,-0.034568
0.0738281,-0.0344332
0.073877,-0.0514485
0.0739258,-0.0170826
0.0739746,-0.017016
0.0740234,-0.0169497
0.0740723,-0.0168836
0.0741211,0
0.0741699,0
0.0742188,0
0.0742676,0
0.0743164,0
0.0743652,0
0.0744141,0.0328564
0.0744629,0.0163642
0.0745117,0.0163004
0.0745605,0
0.0746094,0
0.0746582,0
0.074707,-0.0160476
0.0747559,-0.0319702
0.0748047,-0.0318455
0.0748535,-0.0317214
0.0749023,-0.0157988
0.0749512,-0.0157373
0.075,0
0.0750488,0.0624591
0.0750977,0.0466617
0.0751465,0.0619731
0.0751953,0.0771643
0.0752441,0.0461181
0.075293,0.0459383
0.0753418,0.0610123
0.0753906,0.0455808
0.0754395,0.0151344
0.0754883,0
0.0755371,0
0.0755859,0
0.0756348,-0.0148997
0.0756836,-0.0296833
0.0757324,-0.0147838
0.0757812,0
0.0758301,0
0.0758789,0
0.0759277,0.0145546
0.0759766,0.0434935
0.0760254,-0.0144413
0.0760742,-0.014385
0.0761231,-0.0143289
0.0761719,-0.0285461
0.0762207,-0.0426523
0.0762695,-0.042486
0.0763184,-0.0141068
0.0763672,-0.0281036
0.076416,-0.041991
0.0764648,-0.0139424
0.0765137,-0.0138881
0.0765625,-0.0138339
0.0766113,-0.01378
0.0766602,-0.0137263
0.076709,-0.0273455
0.0767578,-0.0136195
0.0768066,-0.0271327
0.0768555,-0.0135135
0.0769043,-0.0134608
0.0769531,-0.0134083
0.077002,-0.013356
0.0770508,-0.013304
0.0770996,0
0.0771484,0.0264009
0.0771973,0.0262979
0.0772461,0.0130977
0.0772949,-0.0130466
0.0773438,0
0.0773926,0
0.0774414,-0.0128946
0.0774902,-0.0128444
0.0775391,-0.0127943
0.0775879,-0.0382333
0.0776367,-0.0126947
0.0776855,-0.0252905
0.0777344,-0.0125959
0.0777832,-0.0125468
0.077832,0
0.0778809,0
0.0779297,0
0.0779785,-0.0123523
0.0780273,-0.0123042
0.0780762,-0.0245124
0.078125,-0.0366252
0.0781738,-0.0364824
0.0782227,-0.0363402
0.0782715,-0.0241323
0.0783203,-0.0120191
0.0783691,-0.0239445
0.078418,-0.0477024
0.0784668,-0.0356373
0.0785156,-0.0236656
0.0785645,-0.0471466
0.0786133,-0.0469628
0.0786621,-0.0116949
0.0787109,-0.034948
0.0787598,-0.0348118
0.0788086,-0.0115587
0.0788574,-0.0115136
0.0789063,-0.0229375
0.0789551,-0.011424
0.0790039,-0.0113795
0.0790527,-0.0113351
0.0791016,0
0.0791504,0.0112469
0.0791992,0.0224061
0.079248,0.0223188
0.0792969,0.0111159
0.0793457,0.0110725
0.0793945,0.0110294
0.0794434,0.0109864
0.0794922,0.0328306
0.079541,0.0109009
0.0795898,0.0217168
0.0796387,0.010816
0.0796875,0.0107739
0.0797363,0.0214638
0.0797852,0.0320701
0.079834,0.0319451
0.0798828,0.0212137
0.0799316,0.021131
0.0799805,0.0210486
0.0800293,0.0314498
0.0800781,0.0313272
0.080127,0.0312051
0.0801758,0.0207223
0.0802246,0.0206415
0.0802734,0.020561
0.0803223,0.0204809
0.0803711,0.0102005
0.0804199,0.0101607
0.0804688,0.0202422
0.0805176,0.030245
0.0805664,-0.0100424
0.0806152,-0.0300096
0.0806641,-0.00996421
0.0807129,-0.0198507
0.0807617,-0.00988667
0.0808105,-0.00984812
0.0808594,0
0.0809082,0.00977148
0.080957,0.00973339
0.0810059,0.00969544
0.0810547,0
0.0811035,-0.00961999
0.0811523,-0.00958249
0.0812012,-0.00954513
0.08125,-0.00950792
0.0812988,-0.00947085
0.0813477,-0.00943392
0.0813965,-0.00939714
0.0814453,-0.00936051
0.0814941,-0.00932402
0.081543,-0.00928766
0.0815918,-0.00925145
0.0816406,-0.00921539
0.0816895,-0.00917946
0.0817383,-0.0182873
0.0817871,-0.00910802
0.0818359,-0.00907252
0.0818848,-0.00903715
0.0819336,-0.0180038
0.0819824,-0.00896682
0.0820313,-0.0267956
0.0820801,-0.0266911
0.0821289,-0.0265871
0.0821777,-0.0264834
0.0822266,-0.0439669
0.0822754,-0.0350364
0.0823242,-0.00872495
0.082373,-0.00869094
0.0824219,-0.00865705
0.0824707,-0.0086233
0.0825195,-0.00858968
0.0825684,-0.0085562
0.0826172,0
0.082666,0.00848961
0.0827148,0.00845652
0.0827637,0.00842355
0.0828125,-0.00839071
0.0828613,-0.016716
0.0829102,-0.00832541
0.082959,-0.00829295
0.0830078,-0.0165212
0.0830566,-0.0246852
0.0831055,-0.00819634
0.0831543,-0.00816438
0.0832031,-0.0243977
0.083252,-0.0162017
0.0833008,-0.0161385
0.0833496,-0.0080378
0.0833984,-0.00800647
0.0834473,-0.0239258
0.0834961,-0.0158883
0.0835449,0
0.0835937,0
0.0836426,0
0.0836914,0.015642
0.0837402,0
0.0837891,0.00776013
0.0838379,0.0154598
0.0838867,0.0153995
0.0839356,0.00766973
0.0839844,0
0.0840332,0.0152201
0.084082,0
0.0841309,0
0.0841797,0.0150428
0.0842285,0.00749206
0.0842773,0.0223885
0.0843262,0.00743375
0.084375,0.0148095
0.0844238,0
0.0844727,0.00734715
0.0845215,0
0.0845703,0
0.0846191,0.0145231
0.084668,0.00723324
0.0847168,-0.00720504
0.0847656,-0.00717695
0.0848145,-0.00714897
0.0848633,-0.0071211
0.0849121,-0.00709334
0.0849609,-0.00706568
0.0850098,-0.00703814
0.0850586,-0.0280428
0.0851074,-0.0209501
0.0851563,-0.0278246
0.0852051,-0.0277161
0.0852539,-0.020706
0.0853027,-0.0206253
0.0853516,-0.0273932
0.0854004,-0.0136432
0.0854492,-0.01359
0.085498,-0.013537
0.0855469,-0.0134842
0.0855957,-0.0134317
0.0856445,-0.0133793
0.0856934,-0.00666357
0.0857422,0
0.085791,0
0.0858398,0.00658594
0.0858887,0
0.0859375,0.00653469
0.0859863,0.0130184
0.0860352,0
0.086084,0
0.0861328,0
0.0861816,0.0128166
0.0862305,0.0191499
0.0862793,0.0127169
0.0863281,0.0126673
0.086377,0.0189268
0.0864258,0.018853
0.0864746,0.0187795
0.0865234,0
0.0865723,0.0124223
0.0866211,0
0.0866699,-0.0061628
0.0867188,-0.0122775
0.0867676,-0.0122297
0.0868164,-0.006091
0.0868652,-0.00606725
0.0869141,-0.0060436
0.0869629,-0.00602004
0.0870117,-0.00599657
0.0870605,-0.00597319
0.0871094,-0.0059499
0.0871582,-0.0118534
0.087207,-0.0118072
0.0872559,-0.0117612
0.0873047,-0.00585766
0.0873535,-0.00583482
0.0874023,0.00581207
0.0874512,0.00578941
0.0875,0.00576684
0.0875488,0.0114887
0.0875977,-0.00572196
0.0876465,-0.0113993
0.0876953,-0.0113549
0.0877441,-0.0056553
0.087793,-0.0112665
0.0878418,-0.00561129
0.0878906,-0.00558941
0.0879395,-0.00556762
0.0879883,0
0.0880371,0.0110486
0.0880859,0.0110055
0.0881348,0
0.0881836,0.0109199
0.0882324,0.00543865
0.0882813,0.0162523
0.0883301,0.0107927
0.0883789,0.0161259
0.0884277,0.0214173
0.0884766,0.0160004
0.0885254,0.015938
0.0885742,0.0158759
0.088623,0.0210853
0.0886719,0.0157523
0.0887207,0.0156909
0.0887695,0.0156297
0.0888184,0
0.0888672,0.00516936
0.088916,0.00514921
0.0889648,0.0102583
0.0890137,0.00510914
0.0890625,0
0.0891113,-0.00506938
0.0891602,-0.00504962
0.089209,-0.0100599
0.0892578,-0.00501032
0.0893066,-0.00998157
0.0893555,-0.00497133
0.0894043,-0.00990389
0.0894531,-0.00986528
0.089502,-0.00491341
0.0895508,-0.00978851
0.0895996,-0.0146255
0.0896484,-0.0145685
0.0896973,-0.00483724
0.0897461,-0.00481838
0.0897949,-0.00959918
0.0898438,-0.00478088
0.0898926,-0.00952448
0.0899414,-0.014231
0.0899902,-0.0141755
0.0900391,-0.018827
0.0900879,-0.00468841
0.0901367,-0.00467013
0.0901855,-0.00930385
0.0902344,-0.00926758
0.0902832,0
0.090332,0
0.0903809,-0.0045798
0.0904297,-0.00456195
0.0904785,-0.00454416
0.0905273,-0.00905289
0.0905762,0.0045088
0.090625,0.00449122
0.0906738,0
0.0907227,0.00445627
0.0907715,0.0044389
0.0908203,0
0.0908691,0
0.090918,0
0.0909668,0
0.0910156,0
0.0910645,0.00867214
0.0911133,0.00431917
0.0911621,0.00860465
0.0912109,0.00857111
0.0912598,0.00426885
0.0913086,0
0.0913574,0.00423562
0.0914062,0.00843822
0.0914551,0.00840533
0.0915039,0.00418628
0.0915527,0.00416996
0.0916016,0.0041537
0.0916504,0.00827501
0.0916992,0.00824275
0.0917481,0.0123159
0.0917969,0.0040893
0.0918457,0.0122201
0.0918945,0
0.0919434,0.012125
0.0919922,0.0040259
0.092041,0
0.0920898,0.0119837
0.0921387,0.007958
0.0921875,0.0118905
0.0922363,0.00789607
0.0922852,0.00786529
0.092334,0.0117519
0.0923828,0.00390204
0.0924316,0.00388683
0.0924805,0.00387167
0.0925293,0.00385658
0.0925781,0.00384154
0.092627,0
0.0926758,0
0.0927246,0
0.0927734,0.00378199
0.0928223,-0.00376724
0.0928711,0
0.0929199,0.00373793
0.0929688,0.00744671
0.0930176,0.00370884
0.0930664,0.00738876
0.0931152,0.0110399
0.0931641,0.00733126
0.0932129,0
0.0932617,0.0072742
0.0933105,0.00362292
0.0933594,-0.0036088
0.0934082,-0.00359473
0.093457,-0.00358071
0.0935059,-0.00356675
0.0935547,-0.0071057
0.0936035,-0.00707799
0.0936523,-0.0035252
0.0937012,-0.00351146
0.09375,-0.0104933
0.0937988,-0.00348413
0.0938477,-0.00347055
0.0938965,-0.00345702
0.0939453,-0.00344354
0.0939941,-0.00686023
0.094043,-0.0102502
0.0940918,-0.00340342
0.0941406,-0.00339015
0.0941895,-0.00337693
0.0942383,-0.00672754
0.0942871,0
0.0943359,0
0.0943848,-0.00332458
0.0944336,-0.00662324
0.0944824,-0.00659742
0.0945313,-0.00328585
0.0945801,-0.00327304
0.0946289,-0.00326028
0.0946777,-0.00324757
0.0947266,-0.00970472
0.0947754,-0.00966688
0.0948242,-0.00962919
0.094873,-0.00639443
0.0949219,-0.00318475
0.0949707,-0.00634467
0.0950195,0.00631994
0.0950684,0.0125906
0.0951172,0.0125415
0.095166,0.0124926
0.0952148,0.0124439
0.0952637,0.0154942
0.0953125,0.0123471
0.0953613,0.00614947
0.0954102,0.00612549
0.095459,0.00305081
0.0955078,0.00303891
0.0955566,0.00302706
0.0956055,0.00301526
0.0956543,0.00300351
0.0957031,0.0029918
0.095752,0.00298013
0.0958008,-0.00296852
0.0958496,-0.00295694
0.0958984,-0.00294541
0.0959473,-0.00293393
0.0959961,-0.00584499
0.0960449,-0.0116444
0.0960938,-0.00289975
0.0961426,-0.00577689
0.0961914,-0.00287718
0.0962402,-0.00286597
0.0962891,-0.00856438
0.0963379,-0.00568733
0.0963867,-0.00566516
0.0964355,-0.0084646
0.0964844,-0.00281053
0.0965332,-0.00279958
0.096582,-0.00278866
0.0966309,-0.00555558
0.0966797,-0.00276696
0.0967285,-0.00551235
0.0967773,-0.00549086
0.0968262,-0.00273472
0.096875,-0.00272406
0.0969238,-0.00271344
0.0969727,-0.00540573
0.0970215,0
0.0970703,0.00268183
0.0971191,0.00534275
0.097168,0.00266096
0.0972168,0.00265059
0.0972656,0.00264025
0.0973145,0.00262996
0.0973633,0.00261971
0.0974121,0.00521899
0.0974609,-0.00259932
0.0975098,-0.00517837
0.0975586,-0.00515818
0.0976074,-0.00256904
0.0976563,-0.00255902
0.0977051,-0.00254904
0.0977539,-0.00253911
0.0978027,-0.00252921
0.0978516,-0.00251935
0.0979004,-0.00501905
0.0979492,-0.00249974
0.097998,-0.00746999
0.0980469,-0.00496058
0.0980957,-0.00494124
0.0981445,-0.00738296
0.0981934,-0.00245139
0.0982422,-0.00976734
0.098291,-0.00486463
0.0983398,-0.00484566
0.0983887,-0.00482677
0.0984375,-0.00480795
0.0984863,-0.00957842
0.0985352,-0.0119263
0.098584,-0.00712791
0.0986328,-0.00946683
0.0986816,-0.00942992
0.0987305,-0.00234829
0.0987793,-0.0070174
0.0988281,-0.00233001
0.098877,-0.00464186
0.0989258,-0.00693565
0.0989746,-0.00460574
0.0990234,-0.00229389
0.0990723,0
0.0991211,0.00455208
0.0991699,0.00453433
0.0992187,0.00677498
0.0992676,0.00224952
0.0993164,0.00448151
0.0993652,0.00223202
0.0994141,0.00222332
0.0994629,0.00221465
0.0995117,0.00220601
0.0995606,0
0.0996094,0.00218885
0.0996582,0.00218031
0.099707,0.00434363
0.0997559,0.00865338
0.0998047,0.00646473
0.0998535,0.00429302
0.0999023,0.00641443
0.0999512,0.00212981
