-374.056 670.906 -182.036 -827.118 100.549 220.442 361.429 156.836 -892.406 -185.828 -289.912 704.229 6.51566 -166.945 491.352 54.3538 87.8754 1034.51 226.446 543.539 -157.897 -456.065 -682.75 -18.4835 614.485 366.118 252.355 96.2475 903.61 -696.607 784.806 691.964
51.3837 -725.352 -77.6774 -647.941 -563.594 161.076 -1213.66 135.662 -739.257 -8.30804 -418.541 209.711 -394.478 -613.419 759.845 -102.09 153.721 651.295 171.23 411.011 449.434 715.821 -222.957 6.74905 -634.815 509.937 -620.23 916.554 161.197 500.282 864.764 150.626
-241.099 -112.473 -681.504 77.3586 -682.688 480.371 -689.769 -299.641 640.136 -220.812 -523.323 134.345 -298.212 -53.0879 -201.869 376.027 470.29 -695.405 -177.802 193.077 316.497 -958.653 -708.104 -89.2796 -315.547 -61.1042 -120.716 28.0696 -143.314 112.312 206.345 573.041
-261.532 -583.861 -675.073 -830.549 1008.63 196.031 248.348 275.07 -200.922 -536.793 -158.668 465.306 -1168.43 -425.122 -496.626 -133.569 -863.667 -165.041 124.456 -963.856 35.3275 434.803 -394.573 -457.89 -280.669 284.01 -155.332 -1067.5 361.96 871.058 342.607 -165.506
-489.995 267.978 1059 448.949 501.942 711.641 116.599 -222.236 -47.4913 -861.139 633.13 1107.29 -165.184 -389.815 -19.0009 116.888 -582.718 -117.607 -171.48 -279.232 541.995 329.863 -653.582 277.15 -555.326 690.274 88.6035 -99.5117 296.081 500.15 181.918 87.0168
215.037 358.208 1670.92 256.32 233.948 -834.913 -162.164 135.177 210.096 -1208.72 -82.5127 -1054.02 183.251 693.299 -151.216 -1109.06 393.933 -329.185 -98.1523 -134.215 -307.676 580.337 -8.37471 -148.547 -1109.99 467 566.01 392.111 556.955 887.207 -14.171 187.358
-634.87 582.673 2890.15 949.106 338.435 -446.526 462.366 401.075 1407.65 -879.813 119.892 -633.394 195.371 181.786 -442.503 106.723 -511.495 -274.984 -366.821 -480.282 -0.282913 789.367 -920.778 390.346 -467.406 233.829 -506.161 -143.465 21.4357 235.99 -1087.47 268.216
709.748 158.376 3392.89 535.755 2673.01 84.0563 188.345 381.507 358.227 -784.494 -745.77 -827.935 860.455 -37.6804 -393.206 -29.6065 27.1304 844.058 168.531 -1246.23 422.923 -1098.79 916.486 106.873 279.27 -142.77 -46.6695 528.352 68.1955 15.6836 -372.451 69.4825
-464.419 -548.641 2524.86 744.004 3555.69 -559.93 -403.593 -769.301 -119.627 -711.707 -1551.43 -305.255 778.309 470.707 8.28593 -77.6034 964.117 673.815 -568.919 -1346.33 214.683 -1017.26 436.424 436.818 557.758 -419.712 138.655 755.245 303.372 45.9143 154.052 46.711
-1319.28 -564.987 1554.04 1334.71 1945.04 583.268 130.539 -678.42 -135.05 -503.78 -65.9537 -885.338 -735.057 835.686 785.015 -553.665 -206.684 -752.209 582.608 -466.374 -653.738 -611.661 -253.893 -213.235 -38.2463 -464.193 1278.45 -439.329 843.123 230.309 574.584 377.962
750.107 -1171.08 607.951 474.201 966.471 206.528 -15.9137 -358.032 -760.244 -904.563 -635.171 -30.3096 115.13 190.738 193.037 -279.582 -412.473 1393.18 159.739 -358.415 -180.427 -663.161 -149.502 498.221 -70.8422 -398.672 101.804 78.0718 -251.804 -154.123 443.209 1537.29
-621.474 -754.993 384.26 54.8226 1055.32 -109.672 677.814 196.295 -59.0562 -357.208 70.6074 -334.25 794.106 44.7484 -37.2262 -89.4454 422.072 -260.05 548.38 -648.339 -399.687 -432.24 439.926 346.525 -625.912 -459.421 -323.984 -54.6562 -408.269 -17.1325 957.307 -66.218
810.627 -245.137 518.281 -216.27 554.086 643.089 167.409 188.56 132.711 -424.156 -60.852 -1218.71 -493.3 -322.658 -46.2433 -309.533 -490.682 677.445 -215.086 -210.92 416.024 -22.4157 629.389 -317.488 192.398 -90.5951 323.203 -19.2109 114.854 -505.58 1027.24 303.028
-1255.49 -614.533 400.04 -208.869 -780.298 -619.787 -396.969 716.736 -383.491 -441.398 -576.1 41.9636 693.772 -217.795 -203.021 210.241 -129.867 159.913 248.36 -823.624 107.19 381.541 -411.074 -803.45 -682.454 -298.946 -24.8897 -76.8463 -840.634 -22.4544 544.491 -225.881
-60.3457 28.0546 -446.945 -98.8215 -869.991 -114.508 265.995 110.993 -163.231 985.119 970.135 403.143 150.5 114.271 -758.404 -967.78 -70.8945 -576.781 -233.246 319.314 -526.461 -693.296 158.82 118.434 -269.249 325.25 -360.857 343.764 207.353 -1184.67 518.321 64.1344
50.0258 1439.13 -670.365 183.69 -570.545 -1068.34 -374.192 -444.618 -191.175 140.459 -81.9962 510.773 260.863 -29.9353 258.48 -362.63 -579.689 306.129 114.2 -241.738 -279.603 15.6191 1344.54 -449.184 135.326 357.111 -625.348 947.968 134.262 236.995 545.669 -1087.37
