3757.95 542.639 1915 5160.75 3472.49 2757.55 1783.51 2093.54 2431.79 3040 1429.84 1607.06 789.409 1950.94 2098.35 1024.48
2444.51 3052.22 6095.56 1225.89 3053.44 3031.33 4049.62 1625.5 755.468 4755.6 3811.33 5068.6 3078.56 2810.08 4023.68 2906.95
4796.68 2930.32 2433.48 3812.49 3811.06 3130.81 4316.62 4120.57 2152.39 4297.77 5224 5691.58 1789.42 3392.65 5391.42 3122.67
7080.18 5072.05 1391.33 3380.67 2371.37 1987.33 1705.64 1743.85 1520.47 2543.45 5746.99 6990.28 3617.08 3126.92 4806 4067.49
6993.79 5699.66 3957.95 3981.7 6280.76 3922.97 5587.23 5736.71 4657.47 2522.07 4565.5 6468.96 5608.34 1106.51 2146.72 2552.79
4946.01 3431.19 2545.69 3485.82 5224.38 3049.78 3723.36 6141.52 5444.63 4506.56 4114.77 8826.48 10979.4 10932.9 8405.62 7395.3
3157.78 4453.9 2159.41 3786.92 3398.09 5363.24 5349.65 7073.63 8058.47 9046.04 10573.8 18375.5 16164.5 18196.6 16575 15114
2958.79 7158.44 6518.69 9318.91 10851.2 13740.6 12393.1 11717.4 15420.2 19853.7 20832.6 24127.5 16242.6 16717.7 18008 19405.1
4105.36 6853.45 6067.89 12502.5 19039.2 20073.3 15935.6 14439.4 20824.2 25693.2 24928 22782.4 13034.5 10094.3 16499.4 17427.9
1904.84 4043.83 2734.39 8396.6 15665.3 19160.6 12829.8 13446.1 20699.5 22464.4 22597.1 16631.3 6175.02 2948.63 9884.47 7433.74
3985.92 5267.89 3801.83 3677.95 4979.28 11132.4 7440.18 7084.02 11603.8 11596 13350.6 6725.79 1470.81 3590.26 2307.31 1316.09
4728.84 5192.06 5276.57 3406.6 4101.37 8691.94 6773.22 3175.03 6855.5 5804.63 6889.46 5139.15 4866.21 3703.05 5079.67 1145.43
4117.64 3011.48 2908.84 2521.13 3847.2 6927.92 5142.53 4923.39 7361.76 3568.69 4785.08 4360.58 2902.11 6976.51 7476.13 1864.6
3736.21 497.369 3421.54 2439.36 3433.09 6717.56 3911.75 5349.85 5847.97 1664.67 5025.89 1326.7 1361.85 7915.73 5993.76 2022.33
7529.19 1771.17 4151.04 1024.91 1978.87 8617.92 5641.5 4394.04 5442.46 8104.26 9158.38 793.839 1883.8 6039.95 2387.79 8016.9
8288.68 2728.75 3360.95 3365.84 1405.47 4163.91 3995.31 4067.95 4614.8 9361.41 5650.47 1872.23 3166.79 5623.89 2133.47 8498.59
