-5555.56,-1.49774,-4.60955
-5550.13,-23.3931,58.4297
-5544.7,-31.4789,115.043
-5539.28,-49.4367,88.3023
-5533.85,-55.1078,42.2042
-5528.43,-31.6613,21.7074
-5523,-27.4372,9.90095
-5517.58,-42.044,26.2903
-5512.15,-58.6917,68.5522
-5506.73,-49.8194,36.5127
-5501.3,18.0528,-21.7373
-5495.88,62.5483,-8.32575
-5490.45,48.3753,-4.38123
-5485.03,2.74517,-21.0266
-5479.6,-6.85886,-1.38244
-5474.17,29.839,-4.77108
-5468.75,22.5498,-4.38519
-5463.32,-12.2661,4.91091
-5457.9,-5.1432,-10.6052
-5452.47,16.3115,21.5561
-5447.05,8.68879,47.6031
-5441.62,0.123326,-11.9286
-5436.2,16.538,-39.7354
-5430.77,35.3199,9.53641
-5425.35,48.77,31.765
-5419.92,62.7553,31.71
-5414.5,55.0192,22.3138
-5409.07,34.2567,11.5777
-5403.65,18.5811,28.8961
-5398.22,18.1371,28.8421
-5392.79,37.4121,18.6789
-5387.37,20.9729,-3.59305
-5381.94,-17.9656,-48.6208
-5376.52,5.8417,-61.6757
-5371.09,49.5817,-32.3396
-5365.67,25.464,-8.07958
-5360.24,-32.101,-17.7504
-5354.82,-53.8087,-9.19521
-5349.39,-58.7061,0.923727
-5343.97,-34.0954,-15.8736
-5338.54,-11.6419,-19.7047
-5333.12,-5.30361,-24.5853
-5327.69,17.8691,-22.3753
-5322.27,-13.3132,19.0739
-5316.84,-34.2601,60.0046
-5311.41,-7.33932,56.775
-5305.99,-13.2958,30.2101
-5300.56,-25.4427,20.422
-5295.14,-7.23942,19.0776
-5289.71,-9.26973,22.577
-5284.29,-17.0725,56.9006
-5278.86,14.6357,54.4449
-5273.44,32.1634,1.31887
-5268.01,12.5617,-33.1487
-5262.59,-1.31739,-46.1363
-5257.16,9.59908,-25.0602
-5251.74,17.0017,10.8936
-5246.31,0.661461,-13.8059
-5240.88,-15.2112,-34.268
-5235.46,-6.37168,-7.10805
-5230.03,-7.92383,1.22629
-5224.61,-25.1397,7.45274
-5219.18,-23.0496,1.84463
-5213.76,-50.6297,-30.7634
-5208.33,-104.344,-41.3329
-5202.91,-69.9311,-21.1307
-5197.48,11.3256,2.34143
-5192.06,21.2261,8.34909
-5186.63,-5.69636,-3.93363
-5181.21,-7.01676,-17.0234
-5175.78,12.4207,-0.402293
-5170.36,2.11284,44.4665
-5164.93,-43.1838,55.0345
-5159.5,-40.5415,57.6802
-5154.08,3.98376,67.7873
-5148.65,13.323,47.1786
-5143.23,-3.85208,35.825
-5137.8,-0.0733004,36.4804
-5132.38,3.69694,39.4838
-5126.95,-27.0514,40.4843
-5121.53,-28.2624,35.8787
-5116.1,-8.37126,12.9206
-5110.68,11.7241,-35.6489
-5105.25,21.2482,-65.7197
-5099.83,-27.437,-47.5581
-5094.4,-26.5552,-8.75004
-5088.98,23.6494,11.8834
-5083.55,3.23875,12.2567
-5078.12,-17.3572,5.57654
-5072.7,21.8735,27.467
-5067.27,40.9327,45.9772
-5061.85,4.96912,26.352
-5056.42,-23.1062,-23.7849
-5051,3.21021,-69.0918
-5045.57,16.3085,-47.7495
-5040.15,0.949475,-29.2365
-5034.72,-12.1755,-44.3133
-5029.3,-22.5579,-36.2674
-5023.87,-16.5462,-30.3386
-5018.45,-8.82056,-6.92062
-5013.02,-16.3887,22.1341
-5007.6,-20.0852,4.2123
-5002.17,-10.7642,-16.0895
-4996.74,-19.3931,3.03303
-4991.32,-28.8911,45.7987
-4985.89,-17.1344,36.3488
-4980.47,-14.6984,5.34586
-4975.04,-25.7933,10.6511
-4969.62,-4.40846,-5.03594
-4964.19,33.0002,-29.916
-4958.77,33.5471,-24.162
-4953.34,19.6312,-11.2389
-4947.92,10.5719,-8.48182
-4942.49,19.0662,-9.8283
-4937.07,83.1921,-14.4239
-4931.64,106.634,-32.0983
-4926.21,34.7018,-33.4332
-4920.79,-6.2003,11.0103
-4915.36,23.8724,31.6046
-4909.94,32.4597,24.5149
-4904.51,13.0543,10.6582
-4899.09,-14.3286,-15.8195
-4893.66,-51.3004,1.4445
-4888.24,0.289699,0.322378
-4882.81,65.7479,-36.675
-4877.39,26.7672,-46.8731
-4871.96,-54.0834,-53.7623
-4866.54,-55.9641,-67.7285
-4861.11,-6.76761,-53.031
-4855.69,-12.5228,7.73302
-4850.26,-17.1289,52.8708
-4844.83,-1.70292,44.9488
-4839.41,4.29776,27.9115
-4833.98,4.33829,11.0338
-4828.56,-2.0441,-14.3334
-4823.13,5.64601,-8.74201
-4817.71,10.3505,11.8142
-4812.28,-10.1366,24.1376
-4806.86,18.394,60.1533
-4801.43,73.7838,74.2461
-4796.01,86.3756,36.4976
-4790.58,71.75,16.2251
-4785.16,11.6935,17.5701
-4779.73,-46.8345,19.4919
-4774.31,-6.59776,17.4447
-4768.88,54.1465,-16.1575
-4763.45,23.1226,-33.0821
-4758.03,10.4586,-23.9546
-4752.6,55.943,-23.5216
-4747.18,25.1593,-17.0911
-4741.75,-29.8273,-19.3985
-4736.33,-19.8048,-24.5614
-4730.9,-7.66525,2.19856
-4725.48,2.72815,38.4558
-4720.05,18.9354,18.6271
-4714.63,-20.3518,-18.7361
-4709.2,-49.741,-15.0318
-4703.78,3.88994,21.6686
-4698.35,22.4989,55.7191
-4692.92,-29.6801,24.3852
-4687.5,-51.7848,-10.6238
-4682.07,-7.98164,-13.7854
-4676.65,23.904,-65.1532
-4671.22,-6.65485,-100.631
-4665.8,-6.09304,-57.9005
-4660.37,18.2898,-30.5188
-4654.95,-13.2883,-13.5898
-4649.52,-18.668,18.1507
-4644.1,7.8969,17.3143
-4638.67,4.2897,4.20971
-4633.25,13.1702,-30.1768
-4627.82,31.1757,-51.4865
-4622.4,17.7225,-40.7223
-4616.97,9.40409,-41.2337
-4611.54,4.92866,-4.5041
-4606.12,-32.9367,34.4291
-4600.69,-62.4341,29.2324
-4595.27,-37.9432,4.61149
-4589.84,-14.9304,-41.7638
-4584.42,3.6098,-46.4555
-4578.99,42.529,13.2181
-4573.57,26.9862,51.4009
-4568.14,4.43164,40.119
-4562.72,4.12221,-11.4449
-4557.29,0.9735,-40.0399
-4551.87,12.5961,-7.23927
-4546.44,22.0108,7.0136
-4541.02,5.64908,-12.5513
-4535.59,-15.8486,-20.491
-4530.16,-11.1055,-14.7958
-4524.74,-10.3824,-5.46141
-4519.31,-34.2502,4.73445
-4513.89,-27.7017,10.5726
-4508.46,32.3777,25.3935
-4503.04,46.8943,6.38672
-4497.61,13.2334,-39.5862
-4492.19,5.26286,-10.4301
-4486.76,17.4284,33.6851
-4481.34,23.0681,9.55598
-4475.91,37.0092,-28.6239
-4470.49,33.3389,-46.8853
-4465.06,-19.7751,-61.6125
-4459.63,-59.9198,-74.4109
-4454.21,-42.0299,-48.5417
-4448.78,17.0821,-2.41546
-4443.36,22.5509,4.12989
-4437.93,-28.6443,-25.2723
-4432.51,-33.1724,-56.709
-4427.08,14.3666,-89.1721
-4421.66,19.9431,-85.9126
-4416.23,-38.9621,-24.0118
-4410.81,-37.973,20.9006
-4405.38,10.0254,36.9385
-4399.96,3.26864,1.70332
-4394.53,6.05586,-45.4665
-4389.11,19.3733,-15.1185
-4383.68,-11.7374,4.96683
-4378.25,-13.8713,11.5356
-4372.83,35.7423,28.5785
-4367.4,50.9012,13.7084
-4361.98,17.4993,14.0627
-4356.55,-12.2396,16.3162
-4351.13,-38.1743,6.52329
-4345.7,-42.3978,36.0156
-4340.28,-3.52361,42.2544
-4334.85,35.7228,5.91203
-4329.43,27.7812,-19.2494
-4324,17.8395,-26.1663
-4318.58,31.7196,-15.7622
-4313.15,10.4699,-10.0095
-4307.73,-2.71454,8.38261
-4302.3,6.85539,-4.04471
-4296.87,6.03318,-49.6232
-4291.45,7.28249,-12.8621
-4286.02,12.5524,34.7517
-4280.6,9.36486,16.5736
-4275.17,-23.3416,4.15599
-4269.75,-50.0702,31.6758
-4264.32,-82.3586,41.898
-4258.9,-61.8479,25.9885
-4253.47,13.2704,35.4213
-4248.05,49.8751,23.0191
-4242.62,85.6301,13.6047
-4237.2,65.7286,10.1874
-4231.77,-5.85602,-29.8169
-4226.35,-24.7563,-43.7504
-4220.92,7.06572,-38.6871
-4215.49,32.0267,-38.2616
-4210.07,39.2952,-29.5838
-4204.64,37.7786,6.5386
-4199.22,28.0469,45.0897
-4193.79,2.08216,9.98582
-4188.37,7.63717,-30.6374
-4182.94,57.5866,-7.89056
-4177.52,21.7214,15.4963
-4172.09,-18.8421,24.3372
-4166.67,-1.43343,52.5639
-4161.24,-27.0877,68.0008
-4155.82,-35.5118,30.8571
-4150.39,-16.4543,-11.7406
-4144.96,-29.4508,-3.05022
-4139.54,-25.453,18.8149
-4134.11,-5.47757,26.2069
-4128.69,6.06764,34.8879
-4123.26,20.8065,18.0615
-4117.84,-2.9003,-16.5794
-4112.41,-24.5495,-17.906
-4106.99,0.459421,12.1785
-4101.56,-16.6633,8.87458
-4096.14,-30.2659,-7.14639
-4090.71,40.5036,12.7988
-4085.29,88.332,30.9448
-4079.86,56.5048,25.7399
-4074.44,7.15685,0.309385
-4069.01,9.264,-16.9584
-4063.58,7.33088,-1.84023
-4058.16,-11.4159,-1.07603
-4052.73,19.8408,-13.2393
-4047.31,35.7567,-20.1036
-4041.88,20.5804,-55.3071
-4036.46,-14.4582,-74.1595
-4031.03,-36.3664,-63.1825
-4025.61,8.27547,-30.0542
-4020.18,38.8718,11.6083
-4014.76,42.0682,35.6304
-4009.33,46.4439,41.9349
-4003.91,23.5262,-18.5825
-3998.48,-10.8689,-65.0116
-3993.06,-43.403,-22.2425
-3987.63,-40.7014,11.3767
-3982.2,-27.0361,-1.93417
-3976.78,-7.32374,-39.1455
-3971.35,46.4128,-58.7107
-3965.93,34.1348,-18.3171
-3960.5,-18.8962,14.3425
-3955.08,15.3959,2.14365
-3949.65,84.0078,-25.393
-3944.23,97.0462,-34.5976
-3938.8,67.678,19.0794
-3933.38,12.0107,46.3723
-3927.95,-27.1745,9.0973
-3922.53,-30.356,4.80556
-3917.1,-26.2489,-14.7085
-3911.68,-9.26993,-29.5747
-3906.25,-3.97328,-3.17701
-3900.82,-27.0344,-19.9343
-3895.4,-17.5405,-32.8934
-3889.97,32.4659,-6.64473
-3884.55,28.7615,25.6272
-3879.12,-22.2703,10.6818
-3873.7,-6.44052,-17.3169
-3868.27,49.2427,-9.37447
-3862.85,13.4536,11.4988
-3857.42,-46.7428,8.2212
-3852,-6.40725,-41.3954
-3846.57,52.7422,-26.5643
-3841.15,60.8711,3.90239
-3835.72,43.9891,-8.97114
-3830.29,26.1239,29.2999
-3824.87,39.4746,66.5335
-3819.44,62.763,64.8697
-3814.02,9.16862,61.6808
-3808.59,-69.6063,62.0831
-3803.17,-61.1211,47.7255
-3797.74,-12.0475,28.7536
-3792.32,2.14902,42.8626
-3786.89,15.7103,66.2801
-3781.47,26.8193,57.5627
-3776.04,-2.75382,9.38464
-3770.62,-11.2912,-6.09217
-3765.19,2.59086,-6.542
-3759.77,-12.7666,-38.209
-3754.34,-10.6351,-30.062
-3748.91,27.5533,11.942
-3743.49,8.4741,54.8461
-3738.06,-75.9538,56.3978
-3732.64,-106.855,-21.7213
-3727.21,-49.3563,-65.6649
-3721.79,-12.8048,3.50269
-3716.36,-26.6867,25.244
-3710.94,-12.6339,-19.3545
-3705.51,-1.66246,-21.832
-3700.09,-17.8823,-32.5374
-3694.66,13.1298,-33.2424
-3689.24,62.1105,-23.4433
-3683.81,71.858,-29.1095
-3678.39,32.8702,8.3374
-3672.96,-47.2628,32.4308
-3667.53,-86.0356,3.87993
-3662.11,-47.7749,15.8048
-3656.68,-34.3105,31.2462
-3651.26,-72.8354,-15.9687
-3645.83,-49.1288,-59.1038
-3640.41,-4.72353,-50.775
-3634.98,-0.771025,1.30523
-3629.56,12.6961,-3.26937
-3624.13,4.76323,-53.5144
-3618.71,8.23367,-18.2462
-3613.28,7.85057,18.7064
-3607.86,-61.2524,-3.3514
-3602.43,-118.765,-9.47152
-3597,-114.774,-19.6748
-3591.58,-49.0646,-39.8035
-3586.15,-15.3249,-32.6924
-3580.73,-40.589,-15.9429
-3575.3,-48.2932,-1.26767
-3569.88,-2.9781,29.4766
-3564.45,18.1061,73.9397
-3559.03,-71.3738,67.9958
-3553.6,-86.7618,19.0296
-3548.18,-15.5795,-8.33545
-3542.75,2.10237,-13.4611
-3537.33,16.2141,8.54409
-3531.9,40.6836,23.813
-3526.48,40.483,-19.1183
-3521.05,23.5266,-32.6309
-3515.62,-6.47256,18.481
-3510.2,-31.2196,-23.3235
-3504.77,-22.0005,-91.4716
-3499.35,-24.6062,-44.7494
-3493.92,-1.66261,23.4329
-3488.5,56.7577,34.4034
-3483.07,26.3018,-7.37051
-3477.65,-7.7851,-30.1212
-3472.22,29.2294,-19.8603
-3466.8,12.4737,1.74934
-3461.37,-20.0814,62.8608
-3455.95,-36.2266,68.9925
-3450.52,-52.541,31.4643
-3445.1,-26.1288,43.3634
-3439.67,-21.4609,53.49
-3434.24,-23.3493,48.9189
-3428.82,7.25054,35.2768
-3423.39,30.4174,32.2749
-3417.97,30.1486,45.635
-3412.54,11.5491,39.5353
-3407.12,1.19872,18.7667
-3401.69,10.1101,1.33199
-3396.27,10.0586,-2.85121
-3390.84,-28.6305,-11.6451
-3385.42,-34.019,-5.2471
-3379.99,28.3605,44.5531
-3374.57,48.7344,88.6419
-3369.14,15.5712,98.0491
-3363.71,-6.31898,104.176
-3358.29,-0.171221,94.9385
-3352.86,26.7489,40.4569
-3347.44,39.6469,30.6004
-3342.01,13.5677,56.3054
-3336.59,-38.1714,52.7354
-3331.16,-38.3405,49.1481
-3325.74,-2.89924,30.8215
-3320.31,-27.8062,12.7428
-3314.89,-56.4199,-34.6276
-3309.46,-14.1994,-57.5458
-3304.04,-6.71239,-5.72132
-3298.61,-29.6319,2.58457
-3293.19,5.07773,-8.73143
-3287.76,15.2697,-10.332
-3282.33,-5.9368,-61.4279
-3276.91,14.0317,-90.6407
-3271.48,36.4093,-2.50761
-3266.06,-11.8883,75.3208
-3260.63,-85.5203,27.3502
-3255.21,-53.3184,-25.831
-3249.78,53.6391,-21.3362
-3244.36,72.6621,-9.16037
-3238.93,-0.316223,-6.98183
-3233.51,-58.8484,-6.59626
-3228.08,-61.1251,4.508
-3222.66,-57.5026,-3.40622
-3217.23,-82.7494,-37.9704
-3211.81,-100.875,-30.2906
-3206.38,-83.8153,10.7553
-3200.95,-49.5054,-8.0431
-3195.53,-52.9746,-37.7296
-3190.1,-49.7542,-10.5153
-3184.68,-1.76257,21.2472
-3179.25,31.5075,26.4794
-3173.83,70.83,-14.4362
-3168.4,76.6261,-16.1075
-3162.98,33.1818,61.5236
-3157.55,-17.1637,100.437
-3152.13,-63.4508,58.6246
-3146.7,-79.4178,-16.9369
-3141.28,-80.0686,-62.9661
-3135.85,-19.9935,-29.3557
-3130.43,63.5218,47.8131
-3125,75.2492,92.1278
-3119.57,46.7361,70.3092
-3114.15,4.87328,2.8599
-3108.72,-39.3079,-43.8553
-3103.3,-39.2385,-44.68
-3097.87,-1.34186,-3.82132
-3092.45,6.29015,52.097
-3087.02,0.885559,48.6988
-3081.6,3.71984,-5.33081
-3076.17,-16.9337,-23.9784
-3070.75,-13.4253,-26.3451
-3065.32,8.02625,-53.4965
-3059.9,37.7276,-56.6433
-3054.47,60.383,-24.8961
-3049.04,43.8068,3.99164
-3043.62,31.6616,33.6139
-3038.19,-8.20994,39.045
-3032.77,-27.3716,20.6897
-3027.34,0.235625,31.3305
-3021.92,14.8562,52.2002
-3016.49,19.665,48.2256
-3011.07,14.0372,14.1271
-3005.64,9.23777,-37.5432
-3000.22,-13.6849,-34.6012
-2994.79,-22.974,1.84333
-2989.37,-30.6052,-44.1177
-2983.94,-53.7305,-90.9781
-2978.52,-22.3178,-31.707
-2973.09,8.46725,47.2533
-2967.66,-19.8367,6.51699
-2962.24,-2.19297,-13.9702
-2956.81,42.8416,81.8547
-2951.39,20.8401,59.8897
-2945.96,-15.6994,-17.1601
-2940.54,-24.5922,-42.2851
-2935.11,-14.8344,-43.8366
-2929.69,-8.54379,12.0335
-2924.26,49.1045,17.694
-2918.84,87.1001,-10.8219
-2913.41,42.7694,9.56316
-2907.99,6.54164,16.6488
-2902.56,-36.3418,46.6627
-2897.14,-34.8773,102.929
-2891.71,60.0488,106.162
-2886.28,102.125,77.9592
-2880.86,16.939,26.4958
-2875.43,-23.5046,-22.9415
-2870.01,8.18133,-18.5035
-2864.58,32.2068,6.11337
-2859.16,21.0795,61.733
-2853.73,4.24307,115.742
-2848.31,66.2599,78.7649
-2842.88,110.94,36.7347
-2837.46,76.9888,53.6712
-2832.03,-31.0194,53.1704
-2826.61,-130.8,29.4035
-2821.18,-123.06,25.6791
-2815.75,-73.44,13.6709
-2810.33,-16.8716,-20.124
-2804.9,39.909,-96.5562
-2799.48,34.7857,-108.547
-2794.05,-41.8156,-17.3502
-2788.63,-110.133,-16.4497
-2783.2,-95.9137,-47.3046
-2777.78,-1.26044,-21.9347
-2772.35,79.8814,-45.753
-2766.93,32.8045,-54.9538
-2761.5,8.97861,10.9689
-2756.08,113.191,27.5554
-2750.65,61.2619,7.65325
-2745.23,-68.0518,36.9549
-2739.8,-68.5671,42.4553
-2734.37,-5.98951,13.8353
-2728.95,34.7211,-8.32108
-2723.52,3.84861,-36.3201
-2718.1,11.5537,-13.7929
-2712.67,55.9284,39.5471
-2707.25,87.1826,52.2915
-2701.82,54.9363,43.1512
-2696.4,-17.955,16.9531
-2690.97,11.2318,-41.3416
-2685.55,31.6139,-55.1496
-2680.12,-27.9361,-10.5775
-2674.7,-17.4067,48.3441
-2669.27,7.15758,67.9092
-2663.85,-63.3614,77.1036
-2658.42,-120.817,223.207
-2652.99,-98.8194,172.447
-2647.57,-17.3137,-84.6858
-2642.14,46.9506,-113.32
-2636.72,15.2168,-43.8711
-2631.29,-16.6353,3.20333
-2625.87,25.1613,29.3317
-2620.44,42.7636,19.6789
-2615.02,-27.4545,15.3173
-2609.59,-41.4451,-7.39045
-2604.17,34.9034,-34.6442
-2598.74,51.6788,-40.3802
-2593.32,31.4015,-29.2796
-2587.89,29.562,-13.4146
-2582.47,-3.9649,0.0173585
-2577.04,-41.3741,-19.4988
-2571.61,-18.8227,-64.6408
-2566.19,-7.0385,-32.0361
-2560.76,-3.81261,33.7355
-2555.34,0.781859,13.7178
-2549.91,-34.5084,-20.8079
-2544.49,-76.0252,-1.54795
-2539.06,-136.575,59.2094
-2533.64,-79.5856,27.6109
-2528.21,115.389,-76.7652
-2522.79,161.186,-48.8737
-2517.36,37.9536,45.0522
-2511.94,42.104,83.7628
-2506.51,130.781,71.7898
-2501.08,78.0316,62.8497
-2495.66,25.6136,81.7731
-2490.23,-18.0729,66.7673
-2484.81,-88.0506,-1.59196
-2479.38,-129.408,23.674
-2473.96,-99.5366,101.357
-2468.53,-7.31636,36.1074
-2463.11,9.54018,-58.0324
-2457.68,107.534,-50.7723
-2452.26,182.149,26.1656
-2446.83,94.732,43.0407
-2441.41,-1.48411,-6.54805
-2435.98,-56.1959,-7.67175
-2430.56,49.7557,39.469
-2425.13,96.7292,27.9555
-2419.7,17.4975,-62.1287
-2414.28,54.0757,-73.6811
-2408.85,35.862,3.76193
-2403.43,-12.025,83.5285
-2398,11.4301,57.2154
-2392.58,-27.3449,-36.7973
-2387.15,-51.7054,-18.5922
-2381.73,-36.2094,16.0247
-2376.3,-111.768,-41.6836
-2370.88,-139.044,-129.445
-2365.45,-76.1486,-152.592
-2360.03,-269.132,-44.2153
-2354.6,-482.122,58.4383
-2349.18,-256.106,86.349
-2343.75,8.24565,76.866
-2338.32,17.561,26.1513
-2332.9,90.8562,35.8259
-2327.47,158.058,83.1452
-2322.05,-27.8496,157.536
-2316.62,-101.223,187.718
-2311.2,21.7003,154.701
-2305.77,-69.7532,197.724
-2300.35,-82.83,143.79
-2294.92,77.969,42.9118
-2289.5,81.8599,-24.8591
-2284.07,59.1146,-130.868
-2278.65,45.8069,-56.462
-2273.22,49.0955,68.6994
-2267.79,105.699,-27.4599
-2262.37,171.558,-110.191
-2256.94,350.893,29.7972
-2251.52,358.625,147.826
-2246.09,116.523,130.3
-2240.67,63.7653,50.3586
-2235.24,88.1124,-197.19
-2229.82,45.6059,-283.943
-2224.39,71.5117,-5.11497
-2218.97,75.2052,226.563
-2213.54,27.4899,248.404
-2208.12,68.6485,194.74
-2202.69,-17.1926,256.217
-2197.27,-292.296,298.054
-2191.84,-198.952,190.013
-2186.41,138.718,-10.1518
-2180.99,163.062,-259.37
-2175.56,88.1425,-201.775
-2170.14,78.039,33.6213
-2164.71,124.659,47.7746
-2159.29,216.871,-306.735
-2153.86,119.651,-559.833
-2148.44,80.9379,-175.817
-2143.01,291.519,288.916
-2137.59,437.401,428.818
-2132.16,441.855,437.27
-2126.74,292.935,257.975
-2121.31,-10.39,-86.0153
-2115.89,-224.039,-182.492
-2110.46,-275.227,-39.2668
-2105.03,-134.012,86.5606
-2099.61,-65.2793,133.26
-2094.18,-81.521,75.3529
-2088.76,-35.2017,-109.613
-2083.33,-215.083,51.5735
-2077.91,-327.594,555.607
-2072.48,-257.012,313.572
-2067.06,-429.004,-146.212
-2061.63,-145.429,-227.951
-2056.21,667.849,-796.64
-2050.78,434.689,-986.458
-2045.36,-132.838,-98.2444
-2039.93,257.539,483.276
-2034.51,270.216,599.919
-2029.08,55.0833,658.522
-2023.65,-455.391,714.392
-2018.23,-10291.7,6167.15
-2012.8,-17219.3,10539.2
-2007.38,-6622.22,4604.35
-2001.95,882.489,65.0093
-1996.53,187.316,293.326
-1991.1,-21.056,27.6526
-1985.68,-481.424,-119.036
-1980.25,-567.736,-110.524
-1974.83,-548.184,240.849
-1969.4,-156.185,625.358
-1963.98,174.888,553.015
-1958.55,-972.344,-373.985
-1953.12,-1921.01,-1024.56
-1947.7,-1161.83,-431.59
-1942.27,-417.409,-37.6563
-1936.85,-259.445,-178.713
-1931.42,-288.14,-318.198
-1926,-180.447,-336.368
-1920.57,121.169,-205.617
-1915.15,109.461,-248.712
-1909.72,17.3067,-244.54
-1904.3,59.1772,-229.739
-1898.87,-38.1393,-331.854
-1893.45,-67.9777,-254.704
-1888.02,-88.9593,-85.3633
-1882.6,-55.8451,-26.601
-1877.17,187.075,-112.509
-1871.74,432.468,-163.177
-1866.32,407.832,-174.129
-1860.89,182.902,-31.1675
-1855.47,211.776,409.003
-1850.04,175.261,282.052
-1844.62,-117.621,-298.255
-1839.19,-245.345,-280.985
-1833.77,44.7822,93.3932
-1828.34,419.515,121.886
-1822.92,302.557,88.7898
-1817.49,-7.40998,214.429
-1812.07,-99.7718,139.006
-1806.64,-79.672,63.5372
-1801.22,-23.9797,88.9823
-1795.79,95.1355,0.945311
-1790.36,251.487,-36.7665
-1784.94,293.813,23.1334
-1779.51,97.9336,6.29384
-1774.09,11.8205,-78.809
-1768.66,69.5033,-19.6515
-1763.24,35.6931,90.3392
-1757.81,-15.1142,-35.7885
-1752.39,-51.3369,-129.17
-1746.96,-38.4731,-33.4359
-1741.54,5.70311,15.5524
-1736.11,-22.6467,68.1375
-1730.69,-195.009,217.766
-1725.26,-230.71,117.242
-1719.83,-131.618,-50.636
-1714.41,-103.238,18.4358
-1708.98,-9.75976,-17.1213
-1703.56,135.893,-97.4519
-1698.13,174.764,-148.811
-1692.71,110.971,-121.084
-1687.28,79.6888,4.91648
-1681.86,104.306,-0.872009
-1676.43,97.9932,-25.2497
-1671.01,70.7413,19.381
-1665.58,93.7297,52.0223
-1660.16,103.646,10.4717
-1654.73,98.6585,-58.1146
-1649.31,37.8223,-60.0772
-1643.88,-96.5203,-57.0536
-1638.45,-71.5282,17.2075
-1633.03,55.5994,40.8416
-1627.6,67.3754,-64.4424
-1622.18,23.3644,-69.9683
-1616.75,18.0285,-59.8982
-1611.33,31.8145,-23.9019
-1605.9,-28.2351,50.2382
-1600.48,-74.831,-19.7736
-1595.05,6.03776,-118.016
-1589.63,72.8508,-72.4496
-1584.2,42.4999,6.17577
-1578.78,-48.506,-30.0207
-1573.35,-50.3216,-65.7291
-1567.93,27.5429,40.6945
-1562.5,1.57154,94.9005
-1557.07,-64.442,-109.728
-1551.65,-23.7182,-167.219
-1546.22,77.0761,52.9814
-1540.8,38.2392,124.83
-1535.37,26.239,31.8005
-1529.95,177.415,-39.4966
-1524.52,224.499,29.7828
-1519.1,156.171,130.774
-1513.67,83.6561,100.163
-1508.25,43.4101,46.9809
-1502.82,26.2298,75.363
-1497.4,-42.8716,111.52
-1491.97,-91.0396,52.2014
-1486.55,-82.79,2.67799
-1481.12,-32.1216,-1.3334
-1475.69,31.605,-45.6278
-1470.27,-21.4382,-25.9935
-1464.84,-75.5278,19.2693
-1459.42,47.6649,121.188
-1453.99,155.097,331.502
-1448.57,119.84,365.723
-1443.14,86.1268,194.663
-1437.72,68.4872,35.1191
-1432.29,-23.7512,-9.45754
-1426.87,-108.073,-23.4837
-1421.44,-69.2704,-89.8024
-1416.02,4.98347,-95.2554
-1410.59,34.645,-24.3245
-1405.16,39.2155,-34.1622
-1399.74,41.46,-55.62
-1394.31,5.15351,-22.6862
-1388.89,-22.3353,-53.5128
-1383.46,9.45535,-60.4198
-1378.04,24.5336,-17.6078
-1372.61,2.23634,-14.1668
-1367.19,-9.72305,-22.4915
-1361.76,-8.51035,-24.9421
-1356.34,-83.1172,17.6842
-1350.91,-78.3329,26.1528
-1345.49,43.4498,-39.6317
-1340.06,23.7061,-29.6939
-1334.64,-39.7646,-18.6067
-1329.21,1.11836,-84.9943
-1323.78,43.0106,-79.2154
-1318.36,24.2383,-32.5913
-1312.93,1.13823,-25.4296
-1307.51,11.8155,-19.5761
-1302.08,22.1265,-24.7224
-1296.66,5.08546,-8.52829
-1291.23,-55.7074,-7.58576
-1285.81,-111.35,-22.0629
-1280.38,-72.2017,-17.729
-1274.96,21.0291,-37.0977
-1269.53,17.1175,-11.8139
-1264.11,-34.2797,19.7974
-1258.68,68.1214,-125.647
-1253.26,146.701,-285.377
-1247.83,31.313,-171.949
-1242.4,-15.9125,-9.6605
-1236.98,34.0365,-1.7488
-1231.55,20.1107,-36.6618
-1226.13,-5.42324,-65.0032
-1220.7,-20.5018,-43.5526
-1215.28,-7.76857,46.6814
-1209.85,39.5365,75.6783
-1204.43,3.69851,1.28184
-1199,-32.0289,-33.1192
-1193.58,20.0448,-20.3665
-1188.15,29.161,7.53162
-1182.73,-42.0518,33.2324
-1177.3,-78.7914,17.0162
-1171.87,-30.0298,15.8694
-1166.45,-35.0238,-7.11504
-1161.02,-42.3001,-40.3773
-1155.6,46.7699,18.4993
-1150.17,94.1509,70.1521
-1144.75,14.5121,51.6306
-1139.32,6.57476,62.2723
-1133.9,-98.5337,3.79087
-1128.47,-519.234,-129.535
-1123.05,-553.438,-37.1539
-1117.62,-176.73,133.072
-1112.2,24.5508,148.954
-1106.77,53.8958,88.2027
-1101.35,21.8619,-3.54888
-1095.92,46.4471,-1.34765
-1090.49,99.4487,78.0212
-1085.07,81.2681,88.7009
-1079.64,38.771,29.7138
-1074.22,43.0767,4.08698
-1068.79,32.9701,50.2956
-1063.37,-40.5159,91.1796
-1057.94,-542.771,69.3176
-1052.52,-1065.62,28.1519
-1047.09,-638.653,-0.963715
-1041.67,-130.257,1.29995
-1036.24,-132.615,0.124447
-1030.82,-88.5906,-57.3187
-1025.39,-31.8319,-82.4823
-1019.97,-69.6064,-8.01334
-1014.54,-119.048,82.8897
-1009.11,-101.918,108.122
-1003.69,-40.0212,87.4874
-998.264,7.19055,43.5708
-992.838,50.8912,-29.2036
-987.413,59.2764,-73.3251
-981.988,115.726,-12.157
-976.562,171.268,17.3946
-971.137,152.948,-87.2561
-965.712,154.813,-101.509
-960.286,111.561,-98.4931
-954.861,65.4893,-365.169
-949.436,80.2855,-403.295
-944.01,67.016,-80.0343
-938.585,-17.438,53.0999
-933.16,-47.3108,-17.5365
-927.734,26.5958,-107.59
-922.309,79.057,-53.1677
-916.884,82.4091,41.0028
-911.458,5.90401,24.1132
-906.033,-111.571,63.7341
-900.608,-122.605,112.025
-895.182,-74.8941,59.5695
-889.757,-67.5331,-4.14675
-884.331,-56.0689,-20.9903
-878.906,-2.58921,25.6493
-873.481,9.26179,47.9707
-868.055,-26.4879,36.954
-862.63,-14.7454,27.461
-857.205,420.203,-313.539
-851.779,888.367,-655.911
-846.354,517.184,-347.736
-840.929,126.626,-4.03592
-835.503,66.0351,62.7293
-830.078,-636.081,398.232
-824.653,-1041.89,561.14
-819.227,-374.822,204.558
-813.802,64.9508,1.94694
-808.377,81.014,-35.8958
-802.951,106.743,-68.1218
-797.526,29.7869,5.48247
-792.101,-40.7116,33.4065
-786.675,8.44175,27.4892
-781.25,14.9363,31.8776
-775.825,-37.4051,12.177
-770.399,-7.08351,-19.6304
-764.974,58.1126,-4.65141
-759.549,-2.49862,-49.3476
-754.123,-236.682,-283.846
-748.698,-211.041,-288.871
-743.273,8.89371,-89.6459
-737.847,0.281058,47.0818
-732.422,141.41,-592.521
-726.996,423.927,-1823.28
-721.571,302.183,-1332.92
-716.146,92.415,-158.746
-710.72,73.9503,-66.2201
-705.295,81.8876,-87.1617
-699.87,104.724,-9.70103
-694.444,101.489,-19.6601
-689.019,86.126,-31.5199
-683.594,35.2755,-12.1901
-678.168,-19.6974,-8.51294
-672.743,-5.82418,-9.1266
-667.318,-15.1832,22.6518
-661.892,-11.6827,11.3411
-656.467,347.241,-145.31
-651.042,647.88,-247.297
-645.616,329.029,-133.768
-640.191,6.79824,-50.8048
-634.766,-51.884,21.1144
-629.34,-277.579,241.738
-623.915,-395.01,330.704
-618.49,-160.335,124.379
-613.064,-67.8538,-35.9393
-607.639,-117.881,-63.568
-602.214,-61.5392,-81.4127
-596.788,-29.7573,-58.7362
-591.363,-66.9589,-42.7397
-585.937,-102.12,-42.294
-580.512,-81.6633,-25.4626
-575.087,-68.645,-14.4162
-569.661,-76.3076,16.6884
-564.236,-122.556,-42.7293
-558.811,166.504,-5.14764
-553.385,923.364,350.437
-547.96,874.9,369.02
-542.535,140.54,68.7673
-537.109,-39.8079,-8.67827
-531.684,-260.132,15.8755
-526.259,-750.166,70.1566
-520.833,-555.025,64.4943
-515.408,-93.8281,-6.80558
-509.983,-28.9987,-39.447
-504.557,-39.5966,-28.8338
-499.132,-44.2811,4.29609
-493.707,-56.4261,8.55379
-488.281,-44.1562,8.18446
-482.856,-39.0555,32.075
-477.431,-53.6384,48.4522
-472.005,-70.9364,-8.2688
-466.58,-27.6205,-85.9753
-461.154,-41.5306,-148.666
-455.729,-980.899,-785.843
-450.304,-1697.23,-1228.65
-444.878,-754.77,-516.037
-439.453,-30.0629,33.7437
-434.028,-3.60267,47.0298
-428.602,191.799,14.709
-423.177,257.928,-36.1077
-417.752,114.15,-8.79365
-412.326,23.1081,18.588
-406.901,18.653,21.0308
-401.476,3.79375,19.8774
-396.05,12.6997,33.663
-390.625,-1.54828,35.4738
-385.2,-31.8803,-15.6849
-379.774,10.9496,-31.5189
-374.349,15.7953,24.4918
-368.924,-5.0724,92.2573
-363.498,-7.26837,3.73803
-358.073,229.508,299.606
-352.648,697.327,1164.96
-347.222,528.544,996.148
-341.797,38.0851,179.814
-336.371,-34.4283,22.4216
-330.946,40.6355,50.821
-325.521,98.4215,86.1242
-320.095,60.767,95.9888
-314.67,-2.08903,24.7764
-309.245,19.7604,-58.4213
-303.819,85.3995,-91.0579
-298.394,106.138,-32.0385
-292.969,77.6227,-6.87148
-287.543,45.3268,-25.6951
-282.118,-9.5611,12.7388
-276.693,-85.6646,43.7825
-271.267,-98.361,29.6944
-265.842,-78.1931,-0.742825
-260.417,35.1733,94.3518
-254.991,1027.01,1079.94
-249.566,1606.43,1639.91
-244.141,602.114,610.433
-238.715,-5.26381,-30.9271
-233.29,82.0773,6.67309
-227.865,25.677,-75.2969
-222.439,-3.07156,-97.5619
-217.014,29.2501,-52.3483
-211.589,44.5476,-26.9868
-206.163,-6.49914,12.8031
-200.738,-69.5583,62.7953
-195.312,-51.6077,13.41
-189.887,-6.22289,-19.3119
-184.462,-4.57944,15.9559
-179.036,21.5682,3.71938
-173.611,39.0485,-23.1196
-168.186,37.0815,-30.7086
-162.76,-18.9724,60.7921
-157.335,331.274,-193.802
-151.91,1042.3,-832.379
-146.484,782.805,-624.308
-141.059,88.0222,-25.7465
-135.634,-1.61076,28.5054
-130.208,20.2825,-0.352955
-124.783,-11.0827,26.0473
-119.358,0.4746,10.1342
-113.932,22.149,-26.9591
-108.507,24.9921,0.819
-103.082,92.6351,103.489
-97.6562,110.307,104.58
-92.2309,27.3025,22.6445
-86.8055,15.8982,-27.3809
-81.3802,17.4872,-31.6346
-75.9549,0.240771,8.06561
-70.5295,-6.51575,17.3447
-65.1042,-23.4781,-47.3726
-59.6788,-19.2906,32.3034
-54.2535,-12.4717,725.076
-48.8281,-28.9603,1032.16
-43.4028,-31.3114,334.792
-37.9774,-7.94204,-25.527
-32.5521,36.3993,18.7961
-27.1267,60.9278,-11.5075
-21.7014,58.6687,-10.426
-16.276,38.6971,-0.129449
-10.8507,-7.03222,20.8058
-5.42535,-99.0733,-215.203
0,-150.612,-463.537
5.42535,-46.3409,-232.337
10.8507,17.9185,12.6988
16.276,-31.3826,22.6409
21.7014,-53.5921,26.0497
27.1267,-56.0556,26.5027
32.5521,-18.3995,36.6014
37.9774,-8.57911,-25.3199
43.4028,222.117,252.448
48.8281,630.117,818.012
54.2535,436.279,579.268
59.6788,34.5939,14.7953
65.1042,-8.85057,-52.1256
70.5295,15.4661,10.2025
75.9549,4.54584,6.66672
81.3802,-32.7418,-15.3142
86.8055,-28.956,-12.8069
92.2309,-8.77795,34.3678
97.6562,-27.77,149.443
103.082,-14.114,138.174
108.507,-19.7377,15.3527
113.932,-33.765,-8.79157
119.358,5.57278,8.47772
124.783,24.2762,14.5584
130.208,-16.6164,11.6362
135.634,18.0582,22.1146
141.059,-86.3447,30.9088
146.484,-1000.26,-44.9547
151.91,-1332.5,-60.7625
157.335,-381.921,37.9286
162.76,51.0817,38.03
168.186,-48.0496,-3.04781
173.611,-45.1803,4.24796
179.036,-15.2629,15.6865
184.462,13.0834,10.2169
189.887,-6.31683,-19.2813
195.312,49.6337,-19.4853
200.738,93.184,9.91708
206.163,12.7834,6.53779
211.589,-51.9022,4.35155
217.014,-54.4334,-25.1578
222.439,-54.8605,-80.7346
227.865,-65.0315,-45.8239
233.29,-62.4796,53.6424
238.715,-13.9201,-28.1145
244.141,-128.317,847.764
249.566,-335.715,2270.95
254.991,-196.095,1477.35
260.417,27.0028,97.0065
265.842,62.823,-46.5617
271.267,97.0295,-33.7917
276.693,95.0386,-14.9315
282.118,15.2228,4.68601
287.543,-51.7733,5.85471
292.969,-66.8371,40.0664
298.394,-104.699,36.4666
303.819,-122.612,-23.4708
309.245,-50.3256,-35.6491
314.67,16.2533,18.8166
320.095,7.25924,113.374
325.521,-29.0022,127.527
330.946,-3.00298,65.0001
336.371,41.0322,-2.09682
341.797,74.8808,167.859
347.222,157.921,1116.57
352.648,120.594,1352.35
358.073,-9.57178,377.288
363.498,8.07727,-1.24821
368.924,58.3312,71.6562
374.349,1.61734,29.0985
379.774,-27.3848,-19.0633
385.2,16.5724,-31.4281
390.625,22.1036,27.7889
396.05,9.51239,34.6987
401.476,8.61446,18.3111
406.901,-2.7291,27.9783
412.326,-7.76913,28.6206
417.752,-97.518,59.9816
423.177,-229.891,122.395
428.602,-146.523,124.636
434.028,30.5581,35.9303
439.453,44.1555,9.62873
444.878,307.303,-861.125
450.304,650.907,-1991.61
455.729,331.657,-1212.32
461.154,-53.7847,-144.684
466.58,-28.1895,-85.7903
472.005,52.5285,-48.385
477.431,71.8739,7.67079
482.856,50.4497,2.99296
488.281,40.5338,-19.333
493.707,50.6775,-26.2463
499.132,38.3494,-22.5522
504.557,15.0862,-46.6013
509.983,0.274116,-48.9582
515.408,71.9083,-60.6566
520.833,486.933,-274.058
526.259,648.134,-384.179
531.684,219.783,-140.058
537.109,27.1042,-30.4194
542.535,-73.2792,138.242
547.96,-490.905,812.796
553.385,-541.036,826.249
558.811,-137.73,93.7042
564.236,74.0344,-106.605
569.661,71.5434,-31.3511
575.087,47.0614,-52.0115
580.512,51.1004,-68.6001
585.937,57.7569,-94.2412
591.363,29.049,-73.9344
596.788,-10.45,-65.0096
602.214,1.93311,-102.036
607.639,58.0032,-120.716
613.064,33.7704,-68.9589
618.49,202.822,6.38242
623.915,513.951,35.3642
629.34,366.656,32.4131
634.766,54.3858,-13.4146
640.191,-35.3622,-37.106
645.616,-344.816,85.1778
651.042,-669.504,180.747
656.467,-366.335,86.5454
661.892,16.1177,2.30823
667.318,25.5979,9.40121
672.743,-0.652599,-10.8069
678.168,10.9318,-18.4648
683.594,-35.7037,10.8725
689.019,-88.2044,25.1235
694.444,-93.6624,43.7486
699.87,-90.4258,53.7072
705.295,-117.481,-22.3829
710.72,-98.7503,-10.1063
716.146,-168.074,-74.1082
721.571,-1027.94,-900.733
726.996,-1414.66,-1225.88
732.422,-462.678,-396.241
737.847,27.4467,38.2551
743.273,-59.8876,-67.2974
748.698,0.941429,-357.749
754.123,24.6391,-368.755
759.549,-26.9849,-41.391
764.974,-49.7492,30.395
770.399,-5.80805,-20.0447
775.825,37.4187,-12.1348
781.25,6.65348,34.5688
786.675,9.3282,27.2012
792.101,52.5723,3.09679
797.526,-20.8756,21.9437
802.951,-126.398,7.63004
808.377,-86.6408,18.5785
813.802,-51.4019,39.7522
819.227,423.473,-54.8239
824.653,1172.74,-158.439
830.078,748.675,-51.7024
835.503,-16.5521,89.5636
840.929,-104.815,71.1638
846.354,-622.805,22.669
851.779,-1104.24,-8.47409
857.205,-524.245,-6.66888
862.63,28.0705,13.5493
868.055,43.1501,14.3272
873.481,20.7035,44.253
878.906,17.171,19.2288
884.331,33.023,-49.9381
889.757,52.198,-43.0498
895.182,95.6046,4.17112
900.608,165.036,18.5641
906.033,127.725,-14.018
911.458,9.3969,22.9783
916.884,-42.5695,81.6108
922.309,-95.2096,3.45494
927.734,-84.7565,-71.4098
933.16,27.9676,-41.9959
938.585,45.319,32.7089
944.01,-101.26,-25.358
949.436,-302.003,-279.082
954.861,-267.623,-256.935
960.286,-148.148,-14.1086
965.712,-184.912,8.87444
971.137,-175.026,19.3086
976.562,-128.334,114.741
981.988,-100.77,58.1871
987.413,-91.0551,-24.4795
992.838,-58.3373,6.28691
998.264,19.793,39.4761
1003.69,83.8016,47.255
1009.11,146.006,27.567
1014.54,145.033,-2.91561
1019.97,51.6026,-47.3965
1025.39,-22.7293,-85.4398
1030.82,37.9802,-98.444
1036.24,107.361,-77.8487
1041.67,106.144,-75.5117
1047.09,516.114,-376.17
1052.52,878.649,-603.578
1057.94,479.855,-262.954
1063.37,86.372,49.9512
1068.79,2.88952,60.0694
1074.22,-32.4475,28.6263
1079.64,-13.9011,46.8279
1085.07,-13.6101,119.529
1090.49,-34.5959,121.575
1095.92,-38.3686,26.2106
1101.35,-19.7726,9.97894
1106.77,8.24156,103.037
1112.2,67.6911,134.937
1117.62,221.195,3.77817
1123.05,425.902,-355.361
1128.47,343.931,-409.994
1133.9,81.9437,-54.8497
1139.32,31.284,54.2439
1144.75,18.607,50.2999
1150.17,-34.9353,112.095
1155.6,-26.9641,42.4569
1161.02,10.4883,-57.5293
1166.45,24.1528,-26.3428
1171.87,33.6224,-4.81245
1177.3,73.7455,-32.546
1182.73,53.5541,2.16815
1188.15,-19.1648,23.2336
1193.58,-28.1877,-4.69479
1199,6.44491,-45.6201
1204.43,-2.23871,3.21104
1209.85,12.4969,84.4641
1215.28,33.7235,33.1998
1220.7,-9.01324,-47.2854
1226.13,-33.8205,-55.7764
1231.55,-37.8192,-17.8392
1236.98,-28.564,18.5913
1242.4,7.19517,-17.1686
1247.83,-126.402,-120.704
1253.26,-286.424,-144.646
1258.68,-128.965,-61.6097
1264.11,39.3694,-4.13262
1269.53,-20.7924,0.503711
1274.96,-38.8183,-17.6521
1280.38,47.9916,-56.7822
1285.81,77.1161,-83.2993
1291.23,40.6095,-38.8809
1296.66,-9.12706,-3.91035
1302.08,-32.4322,-6.99526
1307.51,-21.0655,-8.89243
1312.93,-15.8681,-19.9039
1318.36,-38.7667,-12.1204
1323.78,-81.3577,-38.8055
1329.21,-50.8631,-68.1045
1334.64,21.2335,-38.4262
1340.06,-36.6323,-10.0888
1345.49,-58.4465,-6.52355
1350.91,78.7449,-24.8849
1356.34,77.6377,-34.5483
1361.76,-7.77567,-25.1809
1367.19,-5.35407,-23.9111
1372.61,-10.1363,-10.1467
1378.04,-30.1977,0.175567
1383.46,-43.1634,-43.3229
1388.89,-13.3844,-56.4212
1394.31,-17.5038,-15.3243
1399.74,-66.2345,-20.628
1405.16,-51.8061,-4.58754
1410.59,-42.3259,0.684904
1416.02,-60.0214,-74.1339
1421.44,3.25628,-113.368
1426.87,73.6291,-82.5221
1432.29,13.6561,-21.6119
1437.72,-34.7648,68.6676
1443.14,44.742,208.11
1448.57,118.014,366.316
1453.99,69.3763,359.354
1459.42,32.6715,126.06
1464.84,72.4294,-28.8048
1470.27,2.06528,-33.6303
1475.69,-52.3883,-18.3368
1481.12,25.2032,-19.9593
1486.55,68.5524,-46.4964
1491.97,104.336,-11.28
1497.4,100.233,65.0223
1502.82,23.0769,76.3874
1508.25,-7.50479,63.5241
1513.67,-8.80503,130.205
1519.1,-49.4779,197.593
1524.52,-164.118,156.052
1529.95,-166.747,72.3287
1535.37,-2.53591,41.1501
1540.8,42.4373,123.466
1546.22,-31.2142,88.167
1551.65,-79.1004,-149.224
1557.07,-12.3619,-126.65
1562.5,54.5097,77.6998
1567.93,1.63698,49.1119
1573.35,2.07636,-82.7543
1578.78,21.5963,-52.7985
1584.2,-30.7531,29.9771
1589.63,-101.522,-15.7924
1595.05,-74.2529,-91.9283
1600.48,48.9169,-59.9818
1605.9,52.3719,24.0474
1611.33,-39.7876,-0.636877
1616.75,-49.7926,-37.8619
1622.18,-60.0285,-42.8723
1627.6,-92.3862,-12.5328
1633.03,-20.9747,65.722
1638.45,67.9819,-28.122
1643.88,44.5514,-102.891
1649.31,-65.9114,-26.3721
1654.73,-113.975,10.9743
1660.16,-77.6963,69.393
1665.58,-45.2525,97.1797
1671.01,-45.8393,57.2603
1676.43,-94.1197,37.1715
1681.86,-84.8982,60.6042
1687.28,-61.5798,50.8174
1692.71,-160.949,-32.7323
1698.13,-228.856,-17.6671
1703.56,-167.221,1.03587
1708.98,-2.16783,-19.5881
1714.41,94.3578,-45.7671
1719.83,76.7178,-118.328
1725.26,255.561,-40.7572
1730.69,285.766,61.5529
1736.11,58.3718,41.813
1741.54,4.52757,15.9344
1746.96,11.4721,-49.6642
1752.39,-34.3918,-134.676
1757.81,-8.8083,-37.8374
1763.24,24.2236,94.0658
1768.66,-67.7802,24.9546
1774.09,-55.8858,-56.8099
1779.51,-75.5305,62.6557
1784.94,-224.103,191.414
1790.36,-225.068,118.076
1795.79,-76.4107,56.6839
1801.22,71.7024,57.8932
1806.64,101.803,4.57297
1812.07,162.423,53.814
1817.49,132.033,169.121
1822.92,-192.585,249.671
1828.34,-267.752,345.192
1833.77,18.6652,101.879
1839.19,33.3284,-371.532
1844.62,-80.1527,-310.429
1850.04,23.997,331.201
1855.47,69.0756,455.369
1860.89,-166.291,82.2921
1866.32,-432.293,98.8444
1871.74,-445.787,122.185
1877.17,-217.478,18.9384
1882.6,29.5439,-54.3457
1888.02,21.7943,-121.349
1893.45,-94.7164,-246.016
1898.87,-164.203,-290.893
1904.3,-182.913,-151.079
1909.72,-157.738,-187.664
1915.15,-234.745,-136.873
1920.57,-218.887,-95.1264
1926,-51.7278,-378.191
1931.42,46.0778,-426.792
1936.85,104.851,-297.08
1942.27,315.557,-275.812
1947.7,686.26,-1032.07
1953.12,951.909,-1958.03
1958.55,566.821,-874.09
1963.98,183.566,550.195
1969.4,493.932,414.122
1974.83,585.058,-127.363
1980.25,394.344,-423.123
1985.68,319.512,-379.276
1991.1,33.2885,9.99493
1996.53,20.8705,347.407
2001.95,-675.737,571.307
2007.38,8063.86,-167.446
2012.8,20125.5,-1594.86
2018.23,11951.1,-1059.96
2023.65,788.329,310.283
2029.08,342.506,565.133
2034.51,134.014,644.174
2039.93,75.7089,542.356
2045.36,49.7216,-157.562
2050.78,-931.497,-542.557
2056.21,-1008.55,-251.944
2061.63,-16.3319,-269.897
2067.06,261.131,-370.45
2072.48,392.24,102.617
2077.91,591.607,256.941
2083.33,204.32,-84.6988
2088.76,-35.9501,-109.37
2094.18,110.244,13.045
2099.61,131.141,69.4391
2105.03,159.297,-8.74145
2110.46,199.583,-193.542
2115.89,73.9848,-279.326
2121.31,-42.1527,-75.695
2126.74,-85.3551,380.889
2132.16,-100.447,613.474
2137.59,-101.812,604.019
2143.01,-66.0233,405.089
2148.44,-168.823,-94.6649
2153.86,-425.861,-382.585
2159.29,-355.747,-120.68
2164.71,-72.7703,111.923
2170.14,-43.3728,73.0703
2175.56,-189.909,-111.431
2180.99,-284.373,-113.99
2186.41,-118.192,73.3235
2191.84,272.643,36.7826
2197.27,411.665,69.3235
2202.69,164.51,197.178
2208.12,58.9277,197.899
2213.54,123.769,217.122
2218.97,72.3282,227.498
2224.39,-60.8607,37.8955
2229.82,-203.793,-202.908
2235.24,-187.19,-107.739
2240.67,-21.9871,78.2212
2246.09,-17.6812,173.905
2251.52,-203.244,330.388
2256.94,-266.364,230.356
2262.37,-203.562,11.6933
2267.79,-101.652,39.9125
2273.22,0.661654,84.4365
2278.65,-70.2461,-18.7541
2284.07,-124.747,-71.1275
2289.5,-80.8379,28.0046
2294.92,-37.8553,80.5454
2300.35,151.528,67.6421
2305.77,172.651,118.962
2311.2,73.3748,137.911
2316.62,192.229,92.3694
2322.05,115.128,111.08
2327.47,-79.0001,160.17
2332.9,-52.4463,82.3877
2338.32,1.16409,31.479
2343.75,38.5098,67.0326
2349.18,257.949,-80.6775
2354.6,424.394,-236.107
2360.03,191.744,-193.963
2365.45,-28.0855,-168.209
2370.88,36.4027,-186.451
2376.3,65.9215,-99.4184
2381.73,38.7131,-8.31914
2387.15,30.9023,-45.4331
2392.58,0.493635,-45.8425
2398,24.3833,53.0067
2403.43,58.8253,60.5078
2408.85,-26.8017,24.1226
2414.28,-87.0568,-27.8243
2419.7,-50.6741,-39.9783
2425.13,-61.8237,79.4725
2430.56,-17.0538,61.1768
2435.98,40.9541,-39.2377
2441.41,-2.64797,-6.16983
2446.83,-51.341,90.5026
2452.26,-131.982,128.233
2457.68,-116.84,22.1314
2463.11,-41.8287,-41.3416
2468.53,27.1424,24.911
2473.96,140.103,23.493
2479.38,118.608,-56.9113
2484.81,70.2987,-53.0427
2490.23,53.8661,43.3929
2495.66,27.3432,81.2112
2501.08,-26.1867,96.7125
2506.51,-63.6069,134.95
2511.94,15.1716,92.5137
2517.36,-4.22409,58.7566
2522.79,-159.129,55.203
2528.21,-138.473,5.71972
2533.64,80.6153,-24.4415
2539.06,145.294,-32.3757
2544.49,60.5959,-45.9389
2549.91,15.6873,-37.1175
2555.34,7.4306,11.5575
2560.76,22.9137,25.0516
2566.19,-13.1361,-30.0548
2571.61,-22.767,-63.3592
2577.04,22.0113,-40.0939
2582.47,3.21785,-2.31645
2587.89,-31.801,6.52345
2593.32,-42.6145,-5.23033
2598.74,-65.5439,-2.2922
2604.17,-48.6008,-7.51198
2609.59,29.1858,-30.3398
2615.02,31.2145,-3.74548
2620.44,-23.0295,41.0563
2625.87,-3.11518,38.5193
2631.29,15.3412,-7.18654
2636.72,-38.0974,-26.5482
2642.14,-104.592,-64.0809
2647.57,-35.77,-78.689
2652.99,181.308,81.4277
2658.42,228.941,109.564
2663.85,96.5808,25.1353
2669.27,34.1255,59.1468
2674.7,42.4982,28.8799
2680.12,16.3835,-24.9779
2685.55,-57.9922,-26.0347
2690.97,-33.3867,-26.8442
2696.4,24.4906,3.16166
2701.82,-19.0806,67.2005
2707.25,-39.7952,93.5495
2712.67,-22.0021,64.8681
2718.1,-17.4544,-4.36757
2723.52,-24.4619,-27.1214
2728.95,-32.981,13.6767
2734.37,12.9778,7.67243
2739.8,80.4266,-5.95568
2745.23,76.7766,-10.1027
2750.65,-45.0634,42.2004
2756.08,-75.3771,88.825
2761.5,-0.816508,14.1515
2766.93,-58.8405,-25.1766
2772.35,-91.5183,9.93816
2777.78,-11.8732,-18.4864
2783.2,49.7909,-94.6469
2788.63,79.4308,-78.0428
2794.05,23.6315,-38.6152
2799.48,-91.9445,-67.3698
2804.9,-89.0414,-54.6577
2810.33,1.82084,-26.1976
2815.75,67.4498,-32.1069
2821.18,114.651,-51.5579
2826.61,123.103,-53.0944
2832.03,56.3481,24.783
2837.46,-30.738,88.6738
2842.88,-68.1607,94.928
2848.31,-7.30808,102.669
2853.73,64.5984,96.1311
2859.16,19.232,62.3333
2864.58,-22.4625,23.8765
2870.01,-17.4949,-10.1608
2875.43,5.53098,-32.3757
2880.86,1.87001,31.3918
2886.28,-36.7973,123.098
2891.71,13.8199,121.183
2897.14,88.7168,62.7714
2902.56,56.8288,16.3899
2907.99,4.49365,17.3143
2913.41,-28.9801,32.876
2918.84,-76.8264,42.4411
2924.26,-29.3262,43.1776
2929.69,13.9851,4.71343
2935.11,-13.7653,-44.1839
2940.54,-4.95911,-48.6642
2945.96,2.61461,-23.1107
2951.39,18.3423,60.7013
2956.81,13.4534,91.4035
2962.24,-6.43729,-12.5911
2967.66,19.8788,-6.38742
2973.09,20.9246,43.2056
2978.52,-0.581412,-38.7695
2983.94,-10.0067,-105.185
2989.37,-1.17156,-53.6812
2994.79,19.6698,-12.0125
3000.22,-9.26679,-36.0367
3005.64,-29.5408,-24.9432
3011.07,-3.05259,19.68
3016.49,12.437,50.5741
3021.92,18.6635,50.9631
3027.34,18.2249,25.4852
3032.77,34.3052,0.649611
3038.19,29.592,26.7624
3043.62,-5.85705,45.8045
3049.04,-33.0941,28.9784
3054.47,-63.484,15.3509
3059.9,-63.8164,-23.6498
3065.32,-37.9378,-38.5619
3070.75,-4.62395,-29.2048
3076.17,-0.394532,-29.3523
3081.6,-6.14278,-2.12623
3087.02,27.908,39.9187
3092.45,25.533,45.8446
3097.87,-1.16052,-3.88024
3103.3,5.48239,-59.2107
3108.72,6.02331,-58.5843
3114.15,-2.26152,5.17818
3119.57,3.5164,84.3521
3125,-6.72638,118.763
3130.43,-23.2863,76.0188
3135.85,-1.0797,-35.5012
3141.28,27.7663,-98.0038
3146.7,54.2951,-60.3829
3152.13,85.7914,10.1329
3157.55,72.9212,71.1667
3162.98,9.31794,69.2774
3168.4,-71.4596,32.0085
3173.83,-65.7881,29.9537
3179.25,-9.9259,39.942
3184.68,13.9148,16.1534
3190.1,34.0713,-37.7517
3195.53,20.6807,-61.6613
3200.95,35.3231,-35.6055
3206.38,74.1298,-40.5642
3211.81,63.8048,-83.7982
3217.23,44.6272,-79.3575
3222.66,44.5185,-36.555
3228.08,52.1011,-32.2816
3233.51,43.7322,-39.9267
3238.93,-3.848,-5.83431
3244.36,-64.1692,35.2988
3249.78,-55.9361,14.2669
3255.21,27.9524,-52.2375
3260.63,85.2634,-28.1407
3266.06,53.8904,53.9481
3271.48,-30.9297,19.3721
3276.91,-64.6292,-65.0823
3282.33,-31.3035,-53.1858
3287.76,-18.4264,0.616554
3293.19,-9.24016,-4.07928
3298.61,25.4919,-15.3263
3304.04,2.06757,-8.57417
3309.46,-22.337,-54.9017
3314.89,25.2911,-61.1772
3320.31,29.9857,-6.03503
3325.74,20.4619,23.231
3331.16,59.9067,17.2256
3336.59,61.8785,20.2272
3342.01,22.119,53.5268
3347.44,-14.0885,48.0601
3352.86,2.13965,48.453
3358.29,55.9421,76.7062
3363.71,66.3454,80.5661
3369.14,45.0345,88.476
3374.57,12.6756,100.358
3379.99,3.24349,52.7141
3385.42,24.4378,-24.2409
3390.84,16.3178,-26.2497
3396.27,-9.81323,3.60556
3401.69,-7.39591,7.01977
3407.12,10.0611,15.8872
3412.54,13.8949,38.7732
3417.97,2.43288,54.6404
3423.39,-5.63751,43.9899
3428.82,14.8694,32.8013
3434.24,47.6438,25.8519
3439.67,48.8029,30.6599
3445.1,46.627,19.7237
3450.52,61.0008,-5.42765
3455.95,69.8608,34.5227
3461.37,53.1948,39.052
3466.8,-9.06324,8.74718
3472.22,-35.3206,1.11334
3477.65,-11.4065,-28.9446
3483.07,-25.6108,9.49689
3488.5,-25.696,61.1942
3493.92,15.1185,17.9803
3499.35,-6.39625,-50.6664
3504.77,-35.967,-86.9337
3510.2,11.548,-37.2195
3515.62,16.0993,11.147
3521.05,-38.2133,-12.5703
3526.48,-43.9889,8.32822
3531.9,-18.9168,43.1784
3537.33,-8.09552,16.4424
3542.75,-9.61331,-9.6552
3548.18,7.70433,-15.9011
3553.6,81.3771,-35.602
3559.03,97.7095,13.0573
3564.45,28.8126,70.4609
3569.88,19.7353,22.0966
3575.3,38.325,-29.4117
3580.73,23.4662,-36.7557
3586.15,-6.81793,-35.4564
3591.58,16.2982,-61.0411
3597,81.2892,-83.3794
3602.43,90.5156,-77.4708
3607.86,47.5843,-38.7145
3613.28,4.6441,19.7482
3618.71,-17.386,-9.92183
3624.13,-35.3086,-40.4942
3629.56,-12.193,4.81765
3634.98,1.39101,0.602802
3640.41,-26.0234,-43.8543
3645.83,5.00569,-76.6931
3651.26,49.5389,-55.7305
3656.68,46.1238,5.11149
3662.11,47.9405,-15.2949
3667.53,71.8848,-47.4315
3672.96,57.2987,-1.54328
3678.39,-21.6919,26.0657
3683.81,-75.2445,18.687
3689.24,-64.0282,17.5416
3694.66,-30.1616,-19.1762
3700.09,-4.65794,-36.8343
3705.51,-11.4875,-18.6397
3710.94,-1.15517,-23.0841
3716.36,36.4282,4.73678
3721.79,12.4182,-4.69276
3727.21,1.33332,-82.1349
3732.64,73.6797,-80.3804
3738.06,94.5977,0.982231
3743.49,25.3821,49.3524
3748.91,-15.2715,25.8566
3754.34,-9.06588,-30.5719
3759.77,-12.1303,-38.4158
3765.19,-5.94133,-3.76974
3770.62,5.55389,-11.5655
3776.04,7.74405,5.97369
3781.47,12.1372,62.3332
3786.89,26.2486,62.856
3792.32,23.4554,35.9397
3797.74,26.6475,16.1808
3803.17,77.5003,2.68468
3808.59,92.8042,9.31277
3814.02,28.8374,55.29
3819.44,-12.6468,89.3718
3824.87,7.17177,77.0293
3830.29,-3.91254,39.0593
3835.72,-40.861,18.5982
3841.15,-46.952,38.9363
3846.57,-58.2834,9.51018
3852,-19.1481,-37.2557
3857.42,42.6481,-20.8237
3862.85,-4.12538,17.2105
3868.27,-45.3483,21.3601
3873.7,-4.96811,-17.7953
3879.12,24.2957,-4.44842
3884.55,-8.20525,37.6384
3889.97,-30.171,13.7073
3895.4,-5.14369,-36.9213
3900.82,10.1542,-32.0176
3906.25,1.34704,-4.9057
3911.68,-9.88404,-29.3752
3917.1,12.5904,-27.3282
3922.53,27.3831,-13.9552
3927.95,27.3319,-8.61287
3933.38,17.5401,44.5757
3938.8,-43.5381,55.2157
3944.23,-98.848,29.0523
3949.65,-82.8894,28.8352
3955.08,-11.1956,10.7838
3960.5,23.7176,0.496394
3965.93,-38.3821,5.24512
3971.35,-72.058,-20.2172
3976.78,-17.084,-35.9741
3982.2,20.7358,-17.4561
3987.63,39.6151,-14.7198
3993.06,22.04,-43.5062
3998.48,-29.4198,-58.9841
4003.91,-29.9556,-1.20518
4009.33,-12.9251,61.2251
4014.76,-13.0909,53.5526
4020.18,-24.6248,32.2396
4025.61,-24.3604,-19.4501
4031.03,-7.71663,-72.4914
4036.46,-31.8929,-68.4945
4041.88,-49.1585,-32.6475
4047.31,-40.7444,4.7531
4052.73,-23.8334,0.951242
4058.16,8.60323,-7.58058
4063.58,-7.01236,2.82004
4069.01,-17.4626,-8.27441
4074.44,-5.60818,4.45697
4079.86,-30.5838,54.0368
4085.29,-53.2732,76.9551
4090.71,-25.2451,34.1616
4096.14,20.2857,-23.5718
4101.56,18.6973,-2.61501
4106.99,6.78667,10.1226
4112.41,9.33607,-28.9161
4117.84,-7.39874,-15.1178
4123.26,-6.21652,26.8418
4128.69,15.5978,31.7914
4134.11,19.8354,17.9822
4139.54,31.6511,0.260726
4144.96,22.0333,-19.7784
4150.39,6.41081,-19.1698
4155.82,46.867,4.09065
4161.24,61.8843,39.0921
4166.67,32.056,41.6825
4172.09,29.5487,8.61413
4177.52,-8.46448,25.3043
4182.94,-51.2264,27.4649
4188.37,-24.1868,-20.2972
4193.79,4.18504,9.30262
4199.22,3.8127,52.9639
4204.64,-26.7202,27.4956
4210.07,-49.1794,-0.836615
4215.49,-48.3997,-12.1294
4220.92,-28.456,-27.1454
4226.35,-5.68761,-49.9462
4231.77,-12.7881,-27.5644
4237.2,-47.1873,46.876
4242.62,-61.2798,61.3386
4248.05,-26.8196,47.9386
4253.47,10.0842,36.4566
4258.9,65.3116,-15.3281
4264.32,91.2565,-14.513
4269.75,59.1261,-3.80443
4275.17,21.3265,-10.3576
4280.6,2.16539,18.9129
4286.02,10.2714,35.4929
4291.45,-13.4518,-6.12509
4296.87,-34.0487,-36.5998
4302.3,-7.92358,0.757203
4307.73,7.1233,5.18609
4313.15,-14.3538,-1.94375
4318.58,-34.9266,5.89243
4324,-29.8126,-10.6832
4329.43,-33.79,0.756298
4334.85,-25.4253,25.7802
4340.28,27.6872,32.1134
4345.7,55.47,4.21642
4351.13,34.718,-17.1608
4356.55,19.4925,6.00601
4361.98,-5.89144,21.6628
4367.4,-33.1223,41.0093
4372.83,-12.1181,44.1293
4378.25,18.0026,1.17916
4383.68,12.4152,-2.88085
4389.11,-24.5597,-0.843769
4394.53,-31.6238,-33.2237
4399.96,-1.6432,3.29933
4405.38,13.6012,35.7767
4410.81,43.0058,-5.41106
4416.23,17.4074,-42.3273
4421.66,-66.6325,-57.7825
4427.08,-64.0368,-63.6972
4432.51,-6.49566,-65.3768
4437.93,8.31915,-37.2823
4443.36,-15.8166,16.596
4448.78,-15.2395,8.08645
4454.21,5.47078,-63.9756
4459.63,4.73853,-95.4197
4465.06,-20.2165,-61.469
4470.49,-54.5303,-18.3349
4475.91,-46.7657,-1.40378
4481.34,-13.0456,21.29
4486.76,5.69976,37.496
4492.19,-10.3884,-5.34467
4497.61,-33.9742,-24.2476
4503.04,-34.1843,32.7308
4508.46,-11.2681,39.5749
4513.89,28.6256,-7.72926
4519.31,30.4919,-16.3014
4524.74,5.18948,-10.5211
4530.16,0.287785,-18.4976
4535.59,0.777479,-25.8931
4541.02,-11.9476,-6.83372
4546.44,-13.6846,18.6118
4551.87,-14.4456,1.54713
4557.29,-24.3224,-31.8207
4562.72,-10.0621,-6.83614
4568.14,19.9961,35.0618
4573.57,8.38042,57.4464
4578.99,-26.6371,35.6916
4584.42,-30.2261,-35.4613
4589.84,-12.4692,-42.5635
4595.27,33.4073,-18.5717
4600.69,67.6926,-13.0483
4606.12,46.8832,8.49418
4611.54,-6.63482,-0.746895
4616.97,-31.8448,-27.8313
4622.4,-38.2737,-22.528
4627.82,-55.4847,-23.329
4633.25,-28.3925,-16.6723
4638.67,-0.996037,5.92714
4644.1,3.78833,18.6492
4649.52,25.7715,3.71148
4654.95,2.76261,-18.805
4660.37,-32.7353,-13.9397
4665.8,-29.1037,-50.4239
4671.22,-53.766,-85.3242
4676.65,-57.6348,-38.6595
4682.07,-1.64556,-15.8441
4687.5,35.6503,-39.0332
4692.92,38.345,2.28251
4698.35,14.5488,58.3022
4703.78,9.58938,19.8165
4709.2,31.4058,-41.3981
4714.63,5.4522,-27.1205
4720.05,-4.37028,26.1996
4725.48,20.3967,32.715
4730.9,7.49361,-2.72684
4736.33,1.58561,-31.5117
4741.75,12.7287,-33.2258
4747.18,-30.4002,0.96132
4752.6,-59.0845,13.8532
4758.03,-22.5415,-13.2323
4763.45,-38.1517,-13.1729
4768.88,-53.3026,18.7548
4774.31,15.5914,10.2349
4779.73,49.347,-11.7592
4785.16,0.867105,21.0879
4790.58,-48.511,55.2997
4796.01,-48.4265,80.2971
4801.43,-16.0515,103.435
4806.86,20.4762,59.4768
4812.28,22.3884,13.5696
4817.71,-1.42952,15.6418
4823.13,-9.70616,-3.75384
4828.56,-6.77135,-12.7975
4833.98,2.97565,11.4767
4839.41,12.929,25.1071
4844.83,27.798,35.3633
4850.26,44.9343,32.7053
4855.69,14.6766,-1.10461
4861.11,-25.6957,-46.8809
4866.54,5.46609,-87.6884
4871.96,12.1538,-75.284
4877.39,-49.2064,-22.1878
4882.81,-74.7482,8.97497
4888.24,-0.0449469,0.431109
4893.66,42.3519,-28.9849
4899.09,2.29364,-21.2203
4904.51,-4.2964,16.2958
4909.94,-11.8509,38.9123
4915.36,-0.736488,39.6005
4920.79,11.4879,5.26312
4926.21,-47.7257,-6.65089
4931.64,-105.136,36.7096
4937.07,-75.7818,37.2298
4942.49,-21.2018,3.25549
4947.92,-13.5383,-0.64795
4953.34,-22.488,2.44648
4958.77,-41.3422,0.17105
4964.19,-44.2818,-4.80551
4969.62,0.606502,-6.66542
4975.04,27.1278,-6.54398
4980.47,15.0335,-4.31459
4985.89,35.2273,19.3355
4991.32,50.2932,20.0702
4996.74,17.4721,-8.94523
5002.17,-0.748776,-19.3438
5007.6,18.7252,-8.39804
5013.02,26.2688,8.27383
5018.45,3.06816,-10.7834
5023.87,-4.44641,-34.2699
5029.3,-3.06777,-42.6
5034.72,-16.1966,-43.0068
5040.15,-17.9529,-23.0947
5045.57,-41.2603,-29.0443
5051,-43.2083,-54.0095
5056.42,4.71289,-32.8239
5061.85,11.4692,24.24
5067.27,-6.09045,61.256
5072.7,-1.55126,35.0782
5078.12,17.3201,-5.69083
5083.55,4.58409,11.8195
5088.98,-12.1479,23.5146
5094.4,16.3404,-22.6876
5099.83,-5.75706,-54.6023
5105.25,-55.8193,-40.6789
5110.68,-30.4388,-21.9492
5116.1,14.367,5.53248
5121.53,43.9538,12.4142
5126.95,45.6811,16.8521
5132.38,20.2172,34.116
5137.8,21.5024,29.4705
5143.23,24.1739,26.7189
5148.65,16.9524,45.9993
5154.08,36.6215,57.1827
5159.5,66.7024,22.8345
5164.93,67.2849,19.141
5170.36,24.4274,37.216
5175.78,-10.2851,6.97526
5181.21,-4.32944,-17.8966
5186.63,2.29632,-6.53061
5192.06,-12.2648,19.2309
5197.48,-7.78638,8.55129
5202.91,44.1552,-58.1995
5208.33,60.121,-94.7707
5213.76,22.878,-54.6475
5219.18,19.7318,-12.0559
5224.61,24.719,-8.7473
5230.03,7.13131,-3.66543
5235.46,0.976781,-9.49569
5240.88,-7.8361,-36.6643
5246.31,-8.65004,-10.7805
5251.74,-7.35157,18.8064
5257.16,-22.4959,-14.632
5262.59,-26.0524,-38.0994
5268.01,-29.6469,-19.4343
5273.44,-25.2456,19.9723
5278.86,20.1616,52.6494
5284.29,47.2572,35.9987
5289.71,20.7698,12.8166
5295.14,17.0703,11.1789
5300.56,32.5874,1.56675
5305.99,28.5137,16.6253
5311.41,39.3094,41.6179
5316.84,62.9868,28.4071
5322.27,21.982,7.60578
5327.69,-27.6082,-7.59884
5333.12,-10.1602,-23.0073
5338.54,-2.16359,-22.7844
5343.97,18.2535,-32.8828
5349.39,48.0372,-33.7593
5354.82,38.1273,-39.067
5360.24,15.5368,-33.2288
5365.67,-25.3498,8.43069
5371.09,-59.1211,2.98009
5376.52,-40.9781,-46.463
5381.94,-14.0441,-49.8949
5387.37,-19.0794,9.42071
5392.79,-19.2878,37.1018
5398.22,2.27974,33.9944
5403.65,1.95219,34.2991
5409.07,-20.9091,29.5021
5414.5,-31.3958,50.3918
5419.92,-32.1315,62.5406
5425.35,-20.7848,54.3648
5430.77,-22.969,28.4756
5436.2,-36.7353,-22.4258
5441.62,-7.11124,-9.578
5447.05,20.951,43.6188
5452.47,-0.525959,27.027
5457.9,-2.07264,-11.603
5463.32,12.81,-3.23679
5468.75,-20.8207,9.70674
5474.17,-26.9446,13.679
5479.6,4.73633,-5.14998
5485.03,-14.5795,-15.3977
5490.45,-41.7117,24.8896
5495.88,-55.4964,30.0293
5501.3,-27.3819,-6.97466
5506.73,61.7664,0.256199
5512.15,87.7766,20.9618
5517.58,49.4674,-3.44359
5523,28.0168,-8.11714
5528.43,38.3738,-1.04843
5533.85,69.3902,1.75233
5539.28,91.8979,42.38
5544.7,93.0876,74.569
5550.13,53.2695,33.5205
