220.068 -508.938 -256.713 -48.5493 -1166.79 -136.355 30.2 131.91 25.6546 50.8815 515.294 -659.833 -416.47 -264.534 -88.6729 -645.216 37.0761 -373.034 -522.798 314.643 594.029 962.5 -623.491 -1037.71 -346.817 -99.3745 426.452 431.689 -310.581 1003.69 114.404 847.14
-322.392 -167.218 -740.448 -775.931 55.4112 -338.744 676.794 -710.295 333.278 298.647 410.969 285.877 -535.289 -220.32 667.98 -1238.61 142.865 846.36 757.497 86.0806 -243.583 -648.522 487.6 -337.144 330.074 246.487 -181.281 -830.355 579.794 -51.5646 70.4136 -517.431
259.189 344.346 733.375 724.956 -133.539 380.888 77.3575 135.019 -93.3639 1150.47 -161.358 789.548 -828.861 517.031 541.709 349.751 70.3468 849.8 -33.1227 75.1067 -271.004 -36.417 -118.23 -168.677 547.849 -30.8359 -187.807 148.241 342.628 -441.096 -555.937 329.853
-760.14 1161.16 -672.414 103.939 725.025 -844.04 458.199 -394.024 615.135 294.613 -278.591 1311.92 707.603 229.307 269.816 -378.78 93.5618 876.28 758.942 -255.491 -267.064 -157.107 119.434 -1210.88 17.5207 -136.982 833.699 -1056.77 -150.922 -31.1315 158.055 -683.2
538.371 -33.5994 -467.581 702.005 -173.95 -5.02435 256.485 78.7599 601.117 -147.134 -1058.71 -203.437 145.65 -1690.34 944.957 -229.823 678.654 124.365 -561.439 203.534 66.7886 1093.24 -627.319 354.136 262.644 479.097 130.378 24.2419 -277.15 -227.58 -179.202 -74.1237
23.0294 1256.52 -123.932 652.359 -394.299 20.8404 -329.931 -463.729 -303.862 180.776 375.255 -66.2921 -1080.71 278.047 74.453 425.43 1402.99 -575.16 421.466 -906.933 454.763 -265.366 713.124 197.468 357.148 1215.46 606.495 428.721 -132.786 1010.95 428.565 267.046
929.066 113.205 -550.523 300.498 675.383 -71.8075 820.878 -309.503 -32.6417 377.032 -780.249 -44.531 -392.007 -1088.9 580.714 -1242.5 1156.36 -1110.84 561.602 -281.293 -544.045 464.025 -286.134 -169.533 -439.757 -622.068 638.907 -79.8402 732.204 -67.4782 148.565 118.583
-750.557 -879.655 -180.866 -1505.39 898.802 388.523 977.34 340.152 676.956 81.9896 33.6013 -479.182 -465.279 -468.168 414.233 -825.016 2620.54 -1095.09 1702.47 -77.5142 684.079 326.445 175.744 1421.76 -193.731 200.303 663.342 -62.5113 444.413 -866.788 533.227 -166.198
-843.624 864.019 -1100.51 -112.28 338.041 -71.1566 852.106 529.252 -145.446 372.892 420.384 372.966 -1261.64 -1593.13 515.511 -333.109 1409.06 -1466.03 399.531 -1010.89 301.129 1133.22 -181.373 1245.26 273.875 627.828 -427.306 -667.186 531.241 174.174 257.553 885.897
-218.535 239.301 -520.534 -145.272 -538.488 -529.468 688.649 -665.151 -326.784 -520.845 -107.541 -585.184 459.52 -1683.16 496.758 -515.105 2092.38 -531.387 1279.43 -981.322 -368.101 705.06 58.4089 1622.61 -857.308 -133.77 191.296 90.6693 490.596 1272.35 -422.727 734.539
-648.183 115.154 -1080.11 347.55 28.4068 74.7521 -177.748 202.416 -386 -162.011 -374.76 -640.81 -734.458 -494.543 503.688 -62.3956 864.538 -1301.41 559.295 -1260.27 966.027 326.292 585.285 604.506 1017.49 -401.613 530.626 -3.65967 -170.499 270.769 -285.373 429.621
-247.509 283.026 462.147 -943.781 -44.7039 -522.236 -75.361 -518.869 335.338 -347.68 174.787 -733.299 1041.2 -676.574 40.3374 109.425 1136.99 -714.88 904.155 15.2299 1484.98 -403.709 150.335 -42.3182 229.174 800.32 -225.45 216.147 91.1414 -432.948 244.202 299.631
519.276 377.728 283 780.964 250.85 -329.165 -248.457 -343.902 -535.032 -618.485 -182.604 -874.354 110.986 195.008 -251.048 -519.049 205.228 -484.378 483.496 521.466 208.356 804.39 943.076 49.9039 -107.627 -109.177 507.983 -73.2251 56.0402 -804.004 896.059 57.3882
638.34 27.8265 539.882 100.888 139.585 -427.82 751.362 366.014 -705.677 -370.284 50.0645 120.892 -43.9001 -726.972 308.134 387.402 157.892 -15.0526 -306.528 162.669 -131.724 962.028 -242.006 705.168 -747.044 -283.499 -585.546 509.562 449.935 765.277 373.254 313.219
1060.86 -699.886 81.8189 163.101 -119.663 42.4639 -782.847 536.289 436.851 -683.309 29.9259 -96.4553 -139.852 -313.998 480.682 -336.106 -286.887 1010.83 11.8888 752.393 6.04432 151.612 347.548 -264.122 -382.078 354.875 1123.41 841.902 162.846 281.436 364.496 -481.505
142.575 -397.42 341.886 137.736 438.775 395.261 -355.017 133.281 57.2138 543.054 -13.4975 375.21 -92.285 -79.7534 -655.748 -399.456 -665.163 171.771 -386.761 -293.874 621.337 -148.075 309.559 -456.619 -472.363 -764.462 -251.737 -398.686 293.702 -341.938 522.604 435.78
