1538.9 5713.63 6508 2988.75 1998.64 3875.36 741.474 7973.28 8342.76 6188.86 7000.02 7136.87 6202.09 4992.15 3904.67 2308.42
3791.13 6269.46 7087.69 3632.8 2959.44 4983.59 6635.85 5993.86 6625.21 7257.24 5639.77 3491.64 1487.76 2684.61 4798 5134.71
420.384 6177.55 4890.19 1435.48 758.375 5196.98 5883.11 2829.83 4478.59 3349.16 609.826 2531.39 5739.32 4564.76 7019.05 7355.6
4134.4 3429.81 2208.99 1241.8 1784.84 4742.25 2167.15 2113.48 5711.79 3418.39 1879.51 1934.32 3686.08 4493.99 8363.84 6522.27
2756.43 2777.7 762.944 3245.08 2203.93 1706.11 3938.57 4522.03 7595.58 5992.65 5566.06 3974.8 2873.03 5482.53 6122.77 3668.91
1575.86 3526.93 5271.71 6955.08 4388.69 7532.56 6661.41 3951.94 4891.21 3016.96 4699.72 3119.21 3168.87 4277.95 3090.16 2637.08
3888.86 660.234 4114.22 5316.65 2360.04 8353.85 10281.5 7178.12 5039.97 6172.78 4742.61 3882.39 7444.2 8649.97 4524.42 3349.6
4075.66 2671.73 299.129 4454.3 773.664 13642.2 23569.4 24541.5 16642.5 8169.79 6606.16 10187 11926.6 11135.2 8322.08 4043.55
2958.8 1588.26 514.656 2229.35 5504.9 21372.7 30414.6 31888 22921.5 9137.51 7055.29 12310.3 14563.7 13181.2 10786 6398.55
3557.62 1667.58 2258.58 2095.81 10889 21279.1 23781.9 23192.6 17189.5 8460.36 7509.86 11088.4 13965.2 11479.8 7241.69 5642.52
1683.96 935.967 981.778 2298.54 7499.89 13169 11575 7546.81 5061.37 3396.81 4066.74 5263.37 6716.47 5427.96 2119.39 1075.42
2308.79 3934.38 3621.52 4009.22 3476.24 5018.48 3361.92 5267.75 1788.82 3106.39 2017.16 885.539 3855.33 5924.65 4778.6 2104.62
3464.48 2851.76 2033.45 1582.46 1730.7 2855.99 1204.41 3406.78 2190.29 4211.26 1114.6 1293.42 4385.04 5657.23 2327.77 3221.04
3417.16 269.676 2016.28 2834.97 1802.84 5643.73 6241.87 2386.04 1581.04 1375.56 1511.66 1300.9 1374.57 1500.78 3911.12 5296.25
562.906 1373.23 569.552 631.232 3210.18 7276.62 10715.3 7394.31 1089.31 5598.09 3361.85 2907.19 4109.36 3549.15 4647.42 3523.33
3130.5 4403.96 3863.18 4330.77 2690.23 4584.09 7691.03 10696.1 6078.99 4057.51 3102.07 6497.4 6010.26 3402.74 2490.29 1942.34
