-5555.56,-13.8024,12.8709
-5550.13,3.25422,32.0018
-5544.7,12.8018,-7.14994
-5539.28,34.35,-63.3171
-5533.85,44.3402,-27.2959
-5528.43,17.6996,11.7267
-5523,16.6817,-7.68845
-5517.58,17.1167,-15.9915
-5512.15,-15.5617,-23.9981
-5506.73,-26.5755,-42.6539
-5501.3,5.45514,-12.7075
-5495.88,31.3876,40.7963
-5490.45,15.6825,67.2225
-5485.03,8.29239,82.1557
-5479.6,21.5618,78.8911
-5474.17,7.2089,78.4407
-5468.75,-21.9284,68.7362
-5463.32,-27.7985,3.1267
-5457.9,-31.5414,-68.8876
-5452.47,-46.2334,-93.6345
-5447.05,-86.0361,-61.8738
-5441.62,-118.681,-13.6565
-5436.2,-60.6243,5.55507
-5430.77,33.2793,12.9439
-5425.35,61.3143,10.7672
-5419.92,44.7756,1.11646
-5414.5,37.3882,18.4932
-5409.07,54.9302,33.353
-5403.65,42.279,20.5218
-5398.22,-18.7603,6.2328
-5392.79,-50.7051,21.3274
-5387.37,-32.9211,49.812
-5381.94,-3.97302,18.0816
-5376.52,22.8438,-57.8855
-5371.09,29.1122,-75.8454
-5365.67,-20.7145,-45.6361
-5360.24,-63.0709,-32.7791
-5354.82,-56.399,-12.5783
-5349.39,-50.2945,17.4042
-5343.97,-32.6513,4.73245
-5338.54,21.8938,-21.4637
-5333.12,28.1602,10.5749
-5327.69,-24.7998,21.9651
-5322.27,-33.949,-13.1536
-5316.84,-20.8241,9.63732
-5311.41,-15.7133,37.6293
-5305.99,8.20202,15.854
-5300.56,21.0985,5.1418
-5295.14,7.91647,3.87926
-5289.71,-16.4835,11.0172
-5284.29,-32.3205,47.0389
-5278.86,-30.1591,63.533
-5273.44,-31.8321,25.7351
-5268.01,-26.5912,11.3065
-5262.59,-10.6361,21.5898
-5257.16,6.57342,-22.9673
-5251.74,5.44685,-29.5936
-5246.31,-18.3143,24.4199
-5240.88,-19.1662,18.1901
-5235.46,17.6686,-11.6047
-5230.03,35.5184,2.49007
-5224.61,-8.92504,11.8227
-5219.18,-52.2822,24.4836
-5213.76,-27.1904,43.2488
-5208.33,28.5052,43.1846
-5202.91,31.025,50.0066
-5197.48,7.5652,35.3522
-5192.06,16.5834,2.90394
-5186.63,7.79799,-5.72069
-5181.21,-9.88213,13.7178
-5175.78,16.1085,24.6277
-5170.36,24.5876,5.17728
-5164.93,-15.705,-5.17063
-5159.5,-29.1058,-10.9645
-5154.08,-5.4501,-34.1196
-5148.65,-10.9882,-17.8278
-5143.23,-20.9164,24.2064
-5137.8,21.3163,8.55254
-5132.38,56.6289,1.30971
-5126.95,25.8437,21.0558
-5121.53,-15.1594,-8.05686
-5116.1,-17.4318,-22.6172
-5110.68,5.44263,13.8876
-5105.25,60.2081,46.5386
-5099.83,129.521,45.922
-5094.4,119.58,-9.60578
-5088.98,63.0745,-54.5735
-5083.55,59.0146,-30.1997
-5078.12,58.0895,1.37955
-5072.7,32.0947,8.67124
-5067.27,26.6313,14.9473
-5061.85,32.8452,23.6654
-5056.42,15.9273,13.597
-5051,5.82975,-36.0138
-5045.57,13.1393,-65.2748
-5040.15,3.86054,-17.9831
-5034.72,19.8247,25.5898
-5029.3,22.1868,3.57969
-5023.87,-32.558,-22.557
-5018.45,-25.4897,0.0785561
-5013.02,24.4602,20.0742
-5007.6,31.3575,31.1737
-5002.17,24.8903,67.9866
-4996.74,13.8237,80.6405
-4991.32,-8.21679,33.0323
-4985.89,-35.016,-19.7358
-4980.47,-40.9653,-14.7864
-4975.04,-20.9547,-5.667
-4969.62,-24.5328,-13.9284
-4964.19,-31.7571,-1.4579
-4958.77,-1.82924,-9.95913
-4953.34,24.165,-15.2471
-4947.92,31.6356,12.304
-4942.49,31.9665,14.6797
-4937.07,-1.45593,0.380583
-4931.64,-50.0005,22.8836
-4926.21,-80.5269,55.1577
-4920.79,-72.2837,9.53387
-4915.36,-6.18824,-54.1576
-4909.94,42.3559,-28.4399
-4904.51,5.00564,43.0571
-4899.09,-35.5437,68.1203
-4893.66,-12.3707,7.69772
-4888.24,1.33528,-26.8845
-4882.81,-3.97014,16.8293
-4877.39,40.9327,39.965
-4871.96,75.2071,12.6715
-4866.54,45.8072,-4.81901
-4861.11,51.7708,14.0539
-4855.69,75.0059,7.34531
-4850.26,32.4013,-11.9638
-4844.83,-7.16205,-29.1957
-4839.41,-0.528521,-56.2144
-4833.98,-36.6389,-57.8568
-4828.56,-105.842,-14.0597
-4823.13,-88.7215,43.4167
-4817.71,-24.3357,26.2338
-4812.28,-22.0709,-15.0462
-4806.86,-48.0698,-20.219
-4801.43,-17.0252,-12.0046
-4796.01,25.8036,20.6964
-4790.58,19.9029,7.28724
-4785.16,-3.18177,-21.5613
-4779.73,-28.7046,24.3882
-4774.31,-11.8543,54.6452
-4768.88,58.7803,22.4946
-4763.45,76.8219,1.05546
-4758.03,34.9915,-8.22701
-4752.6,5.82296,-8.15305
-4747.18,2.86813,3.93763
-4741.75,2.68796,-28.1316
-4736.33,13.006,-43.2039
-4730.9,43.3082,-0.0633812
-4725.48,36.3152,14.1424
-4720.05,22.4893,-15.0363
-4714.63,38.696,-26.7579
-4709.2,19.7,1.48691
-4703.78,-19.9049,-4.9349
-4698.35,-31.4806,-51.2554
-4692.92,-8.69619,-45.8266
-4687.5,-9.77908,-7.48522
-4682.07,-63.3778,2.08554
-4676.65,-76.8832,-16.897
-4671.22,-27.3685,-22.2299
-4665.8,6.87731,-22.9898
-4660.37,4.28979,-15.5971
-4654.95,9.7999,6.79694
-4649.52,3.24133,20.8931
-4644.1,-14.0417,15.645
-4638.67,-21.0894,-19.759
-4633.25,-22.4574,4.83338
-4627.82,-10.4322,44.0103
-4622.4,-39.826,19.0702
-4616.97,-62.9624,-3.79157
-4611.54,-23.4152,-25.9532
-4606.12,15.1019,-27.8316
-4600.69,45.271,-23.2938
-4595.27,34.553,-54.4751
-4589.84,-12.5795,-56.6857
-4584.42,-34.9881,-29.969
-4578.99,-61.1492,-37.8026
-4573.57,-53.7299,-51.8996
-4568.14,-16.033,-24.3336
-4562.72,-6.61135,10.193
-4557.29,17.5556,28.2857
-4551.87,21.0349,44.1664
-4546.44,-16.5847,49.7258
-4541.02,-56.8359,30.0508
-4535.59,-44.992,-15.9274
-4530.16,36.2206,-42.7525
-4524.74,53.857,-47.5911
-4519.31,-3.14829,-48.9394
-4513.89,-36.4309,-27.1071
-4508.46,-54.077,18.1719
-4503.04,-73.195,38.2079
-4497.61,-26.7504,27.6108
-4492.19,36.9164,58.5582
-4486.76,26.402,43.0955
-4481.34,17.8629,-42.2324
-4475.91,15.9538,-47.8347
-4470.49,-5.07522,-22.8256
-4465.06,-15.0392,-38.0298
-4459.63,5.00081,-47.299
-4454.21,18.972,-51.2297
-4448.78,-25.0803,-78.8534
-4443.36,-65.1938,-83.4461
-4437.93,-42.4903,-34.5387
-4432.51,20.4637,-37.406
-4427.08,45.7871,-66.7715
-4421.66,22.5418,-25.7074
-4416.23,28.4469,-11.5758
-4410.81,47.471,-26.8648
-4405.38,6.30481,-8.68475
-4399.96,-32.0288,25.6633
-4394.53,4.17701,72.2864
-4389.11,40.5076,71.4014
-4383.68,16.775,31.2669
-4378.25,6.1314,3.11891
-4372.83,11.8534,-2.72626
-4367.4,-15.1088,-11.7087
-4361.98,-34.3438,-53.1581
-4356.55,-44.1032,-76.7046
-4351.13,-21.038,-40.9606
-4345.7,-5.28688,-0.730291
-4340.28,-28.915,17.5114
-4334.85,-8.44247,27.2695
-4329.43,14.2903,-6.71247
-4324,4.1211,-47.402
-4318.58,-3.91024,-39.7743
-4313.15,4.4647,3.81045
-4307.73,25.182,54.6176
-4302.3,28.4506,57.9554
-4296.87,20.4746,10.2592
-4291.45,-21.1399,8.8085
-4286.02,-53.3779,13.5369
-4280.6,-16.5257,-49.6963
-4275.17,48.0458,-54.3054
-4269.75,87.5943,-12.4581
-4264.32,93.4239,-28.3187
-4258.9,77.6482,-23.8012
-4253.47,47.6769,18.8243
-4248.05,61.1953,19.0819
-4242.62,47.3127,-10.8274
-4237.2,-10.1626,-19.318
-4231.77,5.49965,-7.69798
-4226.35,11.6933,2.31118
-4220.92,-23.2728,2.60206
-4215.49,-0.576365,-9.49557
-4210.07,41.7751,-19.3711
-4204.64,19.6592,-9.7424
-4199.22,-24.2811,-11.7956
-4193.79,-45.2284,-23.2321
-4188.37,-37.8158,-8.45751
-4182.94,19.8282,1.15498
-4177.52,59.7545,-0.554729
-4172.09,37.8309,-20.6168
-4166.67,-4.57847,-53.0723
-4161.24,11.6409,-64.1768
-4155.82,51.543,-38.912
-4150.39,14.8177,11.7274
-4144.96,-29.0792,14.5354
-4139.54,-33.9207,9.95629
-4134.11,2.3044,15.9665
-4128.69,57.6428,-41.0361
-4123.26,62.8229,-64.286
-4117.84,27.3853,-6.06385
-4112.41,-1.43441,8.79082
-4106.99,-12.9506,-45.5378
-4101.56,-12.1032,-48.9569
-4096.14,27.728,27.2606
-4090.71,43.7062,50.2511
-4085.29,-0.629801,-16.3786
-4079.86,-11.7674,-46.8312
-4074.44,21.4837,-7.3347
-4069.01,24.5316,4.28997
-4063.58,-32.2628,-29.8446
-4058.16,-62.731,-83.6879
-4052.73,-24.7323,-93.314
-4047.31,22.2606,-25.6148
-4041.88,56.8337,24.2343
-4036.46,51.9292,12.7693
-4031.03,11.0618,-18.2003
-4025.61,1.92801,-2.34449
-4020.18,28.8132,46.1603
-4014.76,42.2412,32.4745
-4009.33,38.5193,-26.097
-4003.91,53.7582,-15.5732
-3998.48,18.5458,12.9551
-3993.06,-47.9869,4.84582
-3987.63,-20.1711,35.0593
-3982.2,29.6194,29.1404
-3976.78,35.3699,-16.5643
-3971.35,21.0405,21.665
-3965.93,47.7591,56.8298
-3960.5,79.213,31.5297
-3955.08,24.9561,45.5667
-3949.65,-19.3366,61.8735
-3944.23,-14.2445,31.7241
-3938.8,-13.8059,-1.26765
-3933.38,-8.82968,-41.3649
-3927.95,-2.53602,-63.6351
-3922.53,9.96809,-42.4656
-3917.1,13.5852,-1.76413
-3911.68,-28.9622,25.3261
-3906.25,-45.7228,2.08586
-3900.82,-15.4669,-9.24469
-3895.4,-8.09794,29.5488
-3889.97,-39.6637,47.9929
-3884.55,-78.4124,27.235
-3879.12,-58.1061,6.88289
-3873.7,-2.6694,4.43948
-3868.27,19.9198,-17.0816
-3862.85,27.8276,-57.8441
-3857.42,18.5029,-80.7101
-3852,11.0833,-61.4432
-3846.57,19.4022,-5.40188
-3841.15,38.7994,10.8214
-3835.72,92.1778,-26.3959
-3830.29,74.4727,-17.8521
-3824.87,-17.9069,35.1608
-3819.44,-38.4093,49.2924
-3814.02,6.54182,45.2335
-3808.59,40.7631,37.5891
-3803.17,43.1296,-3.62102
-3797.74,50.6329,-31.1377
-3792.32,71.9844,-8.14687
-3786.89,69.6422,18.8085
-3781.47,45.6453,29.2594
-3776.04,18.7978,37.7113
-3770.62,-12.2483,35.8468
-3765.19,-50.1785,6.19584
-3759.77,-42.4565,-20.9656
-3754.34,13.5382,-1.25571
-3748.91,40.8315,9.31425
-3743.49,12.9079,15.0829
-3738.06,1.25316,39.2658
-3732.64,50.9733,24.7568
-3727.21,66.9662,15.9796
-3721.79,29.1861,35.0036
-3716.36,6.57913,25.9451
-3710.94,-2.43394,32.2252
-3705.51,-1.03957,73.2785
-3700.09,-17.5113,70.218
-3694.66,-65.1465,33.2291
-3689.24,-27.1081,18.7938
-3683.81,95.9742,25.6542
-3678.39,101.9,13.3449
-3672.96,8.02646,-28.3668
-3667.53,3.32669,-23.218
-3662.11,57.2281,73.7218
-3656.68,40.649,94.8685
-3651.26,-2.35308,6.10571
-3645.83,14.9531,-23.6911
-3640.41,35.0723,-21.1651
-3634.98,15.7132,-13.5309
-3629.56,1.3086,-2.1107
-3624.13,39.9776,-13.4267
-3618.71,64.9527,-12.4755
-3613.28,29.0516,1.24749
-3607.86,5.93095,22.5333
-3602.43,1.30718,0.485354
-3597,11.9667,-23.3678
-3591.58,10.5975,17.805
-3586.15,-9.79751,35.3239
-3580.73,-8.40766,31.0436
-3575.3,-13.0049,7.68219
-3569.88,-21.6891,-34.1755
-3564.45,-74.9308,-39.3461
-3559.03,-140.804,-0.168427
-3553.6,-75.1848,43.104
-3548.18,-1.49557,27.8592
-3542.75,-34.3041,2.01605
-3537.33,-20.5554,56.363
-3531.9,48.7046,122.753
-3526.48,59.0115,73.0323
-3521.05,37.6478,-7.87405
-3515.62,-16.0007,-36.7551
-3510.2,-92.6714,-38.4257
-3504.77,-105.632,14.5138
-3499.35,-81.3651,58.0558
-3493.92,-47.5629,35.3631
-3488.5,-1.26878,12.6464
-3483.07,5.17732,10.6132
-3477.65,-8.51727,29.6298
-3472.22,-3.47458,-2.84918
-3466.8,-21.7513,-68.1726
-3461.37,-4.06477,-24.4089
-3455.95,48.6479,27.1234
-3450.52,27.1021,5.24267
-3445.1,-6.95279,-21.3123
-3439.67,8.90919,-20.0363
-3434.24,39.0561,-1.5299
-3428.82,25.22,-15.9079
-3423.39,-0.985471,-31.0381
-3417.97,10.9195,11.6285
-3412.54,-33.669,46.3518
-3407.12,-97.9065,25.9824
-3401.69,-79.0112,47.4653
-3396.27,-36.8704,111.604
-3390.84,19.0159,98.3782
-3385.42,74.7979,36.7615
-3379.99,73.4092,23.3987
-3374.57,17.8955,42.1961
-3369.14,-30.5194,30.7305
-3363.71,-25.5888,29.9456
-3358.29,15.0573,59.8639
-3352.86,47.7772,42.0981
-3347.44,28.0369,-8.22578
-3342.01,3.93814,-11.3749
-3336.59,-0.187353,21.3372
-3331.16,21.6296,30.1679
-3325.74,61.7476,19.2648
-3320.31,66.2923,5.16433
-3314.89,19.7629,22.1727
-3309.46,-65.6077,74.8668
-3304.04,-95.35,65.7286
-3298.61,-58.3849,-13.7904
-3293.19,-42.4337,-49.2242
-3287.76,-50.6598,-13.0222
-3282.33,-44.7976,21.2958
-3276.91,-16.6323,30.1295
-3271.48,-15.0062,23.9074
-3266.06,-7.48655,2.60071
-3260.63,18.8636,37.3296
-3255.21,4.98213,90.6955
-3249.78,-14.2242,26.1258
-3244.36,-16.0097,-47.692
-3238.93,-4.55448,-26.3247
-3233.51,-13.8556,28.6508
-3228.08,-55.7724,54.5189
-3222.66,-64.6862,20.1642
-3217.23,2.48156,22.0053
-3211.81,79.2575,64.0148
-3206.38,83.1842,63.2176
-3200.95,81.74,35.9787
-3195.53,80.442,-22.4795
-3190.1,9.76514,-99.7271
-3184.68,-57.574,-106.225
-3179.25,-73.7305,-6.02869
-3173.83,-68.1194,81.8226
-3168.4,-45.4917,62.0259
-3162.98,15.389,49.9817
-3157.55,76.6912,77.7563
-3152.13,35.8914,85.0222
-3146.7,-40.8599,84.6329
-3141.28,-39.8829,65.5888
-3135.85,-1.59476,35.7306
-3130.43,28.3228,2.1129
-3125,36.1054,7.89007
-3119.57,12.58,50.3859
-3114.15,-1.67437,61.1354
-3108.72,43.4152,20.7841
-3103.3,72.7169,-33.9844
-3097.87,50.7171,-89.9025
-3092.45,37.7341,-67.9402
-3087.02,11.1553,25.4864
-3081.6,-1.42277,25.7913
-3076.17,25.8748,-2.80633
-3070.75,34.0298,5.82241
-3065.32,8.79182,-0.444983
-3059.9,-33.9422,-38.2775
-3054.47,-32.0084,-58.356
-3049.04,17.6172,-44.5728
-3043.62,45.7738,-60.482
-3038.19,42.5667,-40.3663
-3032.77,22.4022,13.0363
-3027.34,18.1227,16.5609
-3021.92,47.2919,9.13853
-3016.49,63.7156,22.7698
-3011.07,29.3447,44.6553
-3005.64,-18.751,33.2371
-3000.22,-32.4302,-16.3243
-2994.79,10.1651,-72.3
-2989.37,11.3231,-71.197
-2983.94,-32.4021,13.9166
-2978.52,-21.5664,45.0392
-2973.09,12.3449,25.1207
-2967.66,29.1813,30.4251
-2962.24,54.6221,13.8706
-2956.81,95.3027,-43.2642
-2951.39,48.0957,-54.9122
-2945.96,-26.1015,18.5528
-2940.54,-5.97975,50.8898
-2935.11,13.1636,29.1713
-2929.69,10.9113,10.0513
-2924.26,6.69549,-21.9982
-2918.84,-40.2388,15.593
-2913.41,-60.6842,73.0759
-2907.99,-23.0959,27.2561
-2902.56,-4.47322,5.86322
-2897.14,11.4093,47.3412
-2891.71,29.8034,39.4714
-2886.28,-7.67674,9.81213
-2880.86,-41.6447,45.4651
-2875.43,-55.8743,84.8256
-2870.01,-93.9129,36.0919
-2864.58,-81.4582,3.05987
-2859.16,87.7985,74.1584
-2853.73,206.781,67.5738
-2848.31,120.366,-84.438
-2842.88,60.4208,-165.571
-2837.46,46.5355,-80.6946
-2832.03,36.0168,50.5713
-2826.61,75.7846,87.7165
-2821.18,66.6672,7.07621
-2815.75,20.2796,-45.7908
-2810.33,13.2146,26.5414
-2804.9,13.751,84.924
-2799.48,-17.3105,21.7198
-2794.05,-19.4315,-49.6048
-2788.63,17.0746,-20.9399
-2783.2,-4.8323,1.64811
-2777.78,-27.587,-31.6801
-2772.35,-35.0478,-39.1474
-2766.93,-72.0004,-28.5375
-2761.5,-168.766,-72.6924
-2756.08,-226.31,-131.529
-2750.65,-87.1626,-91.6829
-2745.23,32.648,-40.1459
-2739.8,22.691,-64.0589
-2734.37,-25.3091,-106.563
-2728.95,-74.8503,-100.773
-2723.52,-48.0774,-62.9984
-2718.1,10.0441,-59.2282
-2712.67,9.55767,-39.8835
-2707.25,-25.4094,23.9138
-2701.82,-11.6367,79.8941
-2696.4,53.8082,80.7687
-2690.97,48.2727,15.1375
-2685.55,0.805715,-12.9279
-2680.12,13.8958,-9.49755
-2674.7,48.2371,-22.8258
-2669.27,-27.913,34.3649
-2663.85,-57.2678,4.8568
-2658.42,173.776,-249.563
-2652.99,243.167,-350.132
-2647.57,47.0582,-178.141
-2642.14,-72.1803,-87.2288
-2636.72,-80.7737,-33.6211
-2631.29,-25.0604,20.6489
-2625.87,53.37,-64.732
-2620.44,86.9678,-115.966
-2615.02,86.245,-62.927
-2609.59,102.253,-22.4006
-2604.17,80.4542,8.02614
-2598.74,-13.1807,18.0701
-2593.32,-78.09,2.27639
-2587.89,-46.3692,15.0178
-2582.47,-20.8772,62.4459
-2577.04,-1.42204,112.356
-2571.61,15.1598,90.3062
-2566.19,-9.15829,46.3768
-2560.76,-69.5875,51.954
-2555.34,-136.017,66.2018
-2549.91,-73.3557,86.4521
-2544.49,-0.675621,110.571
-2539.06,2.87318,56.925
-2533.64,113.24,-97.5393
-2528.21,230.505,-144.182
-2522.79,171.898,-36.4692
-2517.36,72.3566,0.874863
-2511.94,22.0016,-32.2465
-2506.51,-78.3586,34.3094
-2501.08,-113.491,97.9451
-2495.66,59.5018,41.6655
-2490.23,138.656,-31.7565
-2484.81,40.7193,-52.4706
-2479.38,11.4568,-24.1777
-2473.96,-54.2143,21.3997
-2468.53,-103.243,129.817
-2463.11,-100.123,117.624
-2457.68,-256.992,-43.7215
-2452.26,-252,-19.8165
-2446.83,1.60094,65.7433
-2441.41,72.383,42.4809
-2435.98,4.4443,75.3101
-2430.56,-41.2933,138.944
-2425.13,-56.3564,148.61
-2419.7,-24.3251,124.141
-2414.28,-6.74818,35.5009
-2408.85,-113.109,-6.37809
-2403.43,-159.124,20.2261
-2398,-14.7852,60.9075
-2392.58,13.1983,138.92
-2387.15,-31.027,187.757
-2381.73,9.34871,128.709
-2376.3,40.4254,-3.00838
-2370.88,81.8882,-43.3044
-2365.45,121.997,-12.4526
-2360.03,255.088,-109.211
-2354.6,395.287,-194.996
-2349.18,204.03,-114.256
-2343.75,-71.1745,-19.9915
-2338.32,-197.243,67.4334
-2332.9,-113.377,78.8162
-2327.47,70.3537,-10.2613
-2322.05,44.1104,-21.8304
-2316.62,13.0572,11.8688
-2311.2,56.6103,4.61384
-2305.77,120.469,77.3212
-2300.35,188.995,77.1797
-2294.92,140.071,-21.2687
-2289.5,139.345,-80.3893
-2284.07,107.394,-226.807
-2278.65,33.7175,-213.401
-2273.22,49.09,1.81893
-2267.79,31.7588,63.8482
-2262.37,-38.8443,109.362
-2256.94,-278.04,301.684
-2251.52,-279.704,251.22
-2246.09,-78.3824,-83.2126
-2240.67,-110.487,-202.43
-2235.24,-123.234,-158.256
-2229.82,-27.9192,-84.2592
-2224.39,115.268,73.3604
-2218.97,147.302,105.945
-2213.54,62.3516,187.841
-2208.12,-32.9775,298.742
-2202.69,-38.2531,100.801
-2197.27,82.9586,-15.8351
-2191.84,123.086,-49.4594
-2186.41,127.09,-248.8
-2180.99,47.1222,-257.283
-2175.56,-198.219,-146.668
-2170.14,-233.19,-31.4147
-2164.71,-121.629,79.0839
-2159.29,34.5537,65.2645
-2153.86,239.854,-1.38057
-2148.44,133.53,-39.2462
-2143.01,101.628,91.7083
-2137.59,296.396,124.719
-2132.16,282.072,4.38644
-2126.74,151.889,-56.9165
-2121.31,44.6745,-121.533
-2115.89,-86.408,-45.7955
-2110.46,-185.587,10.4213
-2105.03,-206.311,87.5268
-2099.61,-330.782,374.968
-2094.18,-373.971,417.497
-2088.76,-232.586,271.517
-2083.33,-51.2615,59.045
-2077.91,177.457,-96.7763
-2072.48,83.6033,111.427
-2067.06,-217.239,111.723
-2061.63,-343.521,313.337
-2056.21,-158.173,1553.41
-2050.78,218.14,1716.48
-2045.36,105.348,679.596
-2039.93,-83.9274,-64.7442
-2034.51,-75.3353,-36.31
-2029.08,-302.394,31.7039
-2023.65,-389.273,618.853
-2018.23,207.13,-3051.21
-2012.8,1029.77,-18195.6
-2007.38,664.598,-20378.9
-2001.95,-153.109,-5023.03
-1996.53,21.6111,609.769
-1991.1,582.811,-227.175
-1985.68,909.761,140.327
-1980.25,730.247,498.682
-1974.83,302.803,582.113
-1969.4,35.0067,363.722
-1963.98,-109.771,398.421
-1958.55,27.9998,-867.475
-1953.12,39.7427,-1850.96
-1947.7,-117.573,-920.043
-1942.27,-200.576,-141.601
-1936.85,-104.842,-193.072
-1931.42,260.934,-239.621
-1926,442.78,-368.591
-1920.57,294.026,-536.656
-1915.15,112.192,-542.537
-1909.72,152.79,-234.232
-1904.3,173.332,36.1
-1898.87,-98.8097,51.1755
-1893.45,-144.023,62.1724
-1888.02,298.345,88.2733
-1882.6,514.717,10.5869
-1877.17,379.498,-4.88411
-1871.74,266,-34.3013
-1866.32,232.822,-61.7826
-1860.89,58.2318,163.585
-1855.47,-215.849,368.813
-1850.04,-158.232,122.212
-1844.62,-28.0062,-54.7661
-1839.19,-73.2935,85.0797
-1833.77,-158.362,-26.4356
-1828.34,-248.333,-116.305
-1822.92,-137.026,129.546
-1817.49,11.992,332.67
-1812.07,-184.467,363.839
-1806.64,-320.169,370.345
-1801.22,-83.3695,340.391
-1795.79,75.21,227.099
-1790.36,-19.9204,91.3217
-1784.94,-43.7831,33.6965
-1779.51,5.48038,43.4052
-1774.09,54.3105,80.0756
-1768.66,115.36,95.2484
-1763.24,91.3505,-61.5317
-1757.81,68.5175,-355.954
-1752.39,24.1088,-438.909
-1746.96,68.4329,-145.472
-1741.54,196.996,88.9817
-1736.11,105.1,75.5005
-1730.69,-63.6761,42.1662
-1725.26,-119.883,76.7669
-1719.83,-106.028,68.0387
-1714.41,11.4732,-17.0188
-1708.98,139.214,-88.6545
-1703.56,150.872,-196.065
-1698.13,8.24319,-195.543
-1692.71,-158.022,-32.3354
-1687.28,-61.7578,58.7226
-1681.86,72.4416,12.0426
-1676.43,-9.49373,-51.7198
-1671.01,-73.2165,-17.7633
-1665.58,-75.8902,28.6304
-1660.16,-84.5249,43.0699
-1654.73,-44.4343,14.8196
-1649.31,39.494,-5.19934
-1643.88,39.465,53.7433
-1638.45,-9.97295,72.3717
-1633.03,54.8433,44.2213
-1627.6,57.8964,32.1771
-1622.18,-41.6362,2.19821
-1616.75,-36.2075,-67.1116
-1611.33,30.398,-54.1436
-1605.9,91.9997,33.2849
-1600.48,112.195,47.8726
-1595.05,95.1929,5.52224
-1589.63,56.7979,-8.30431
-1584.2,-54.0995,84.2938
-1578.78,-80.3761,100.453
-1573.35,-13.45,-72.7185
-1567.93,-4.80823,-148.017
-1562.5,-29.1715,-113.983
-1557.07,-149.005,-218.962
-1551.65,-170.49,-252.7
-1546.22,-23.6552,-94.3932
-1540.8,9.44463,-6.38161
-1535.37,12.2966,-8.35982
-1529.95,37.1022,-49.4606
-1524.52,56.7322,-39.2455
-1519.1,53.3808,46.1197
-1513.67,-58.6564,37.4138
-1508.25,-109.018,1.2929
-1502.82,4.27884,8.55739
-1497.4,93.7725,-81.3119
-1491.97,27.8141,-122.111
-1486.55,-27.611,-26.0805
-1481.12,21.0319,17.4118
-1475.69,-5.80734,32.3453
-1470.27,-41.2108,72.6055
-1464.84,0.275124,73.8394
-1459.42,90.7199,72.554
-1453.99,233.664,133.12
-1448.57,230.944,159.425
-1443.14,59.6177,83.5548
-1437.72,-46.35,-7.08679
-1432.29,-49.3321,-12.5254
-1426.87,-97.7337,40.7104
-1421.44,-58.6658,51.6602
-1416.02,87.6573,22.7536
-1410.59,98.7437,7.00286
-1405.16,6.76676,-14.2815
-1399.74,-81.3688,-32.8309
-1394.31,-57.1304,6.89323
-1388.89,24.3492,82.8685
-1383.46,-5.33134,98.9871
-1378.04,-46.0957,12.0805
-1372.61,2.95814,-56.1354
-1367.19,44.3084,-76.3961
-1361.76,34.0486,-45.819
-1356.34,-30.0017,111.314
-1350.91,-98.6894,145.644
-1345.49,-44.9442,34.5705
-1340.06,11.0022,16.7099
-1334.64,-48.2899,-14.0243
-1329.21,-60.069,-65.7447
-1323.78,-22.6417,-48.5682
-1318.36,-37.9989,-14.8857
-1312.93,-31.6109,17.5781
-1307.51,15.1132,-0.0715985
-1302.08,25.9909,-38.6145
-1296.66,8.41863,-7.35624
-1291.23,18.8363,36.1216
-1285.81,22.2349,63.764
-1280.38,-37.5335,72.3229
-1274.96,-72.1055,49.5362
-1269.53,-53.6294,18.1943
-1264.11,-3.12285,2.30622
-1258.68,11.3059,-120.001
-1253.26,-109.614,-272.198
-1247.83,-169.659,-166.957
-1242.4,-98.6641,-22.9984
-1236.98,-15.7159,-13.562
-1231.55,45.7806,-4.02205
-1226.13,20.6695,23.6653
-1220.7,-49.3049,84.2361
-1215.28,-31.6159,95.5946
-1209.85,14.9957,10.2514
-1204.43,-3.78367,-50.8286
-1199,1.52488,-51.6131
-1193.58,21.6147,-55.8801
-1188.15,3.86419,-65.7896
-1182.73,-9.73806,-43.6582
-1177.3,-46.9821,-19.1414
-1171.87,-70.3461,23.5298
-1166.45,-59.0471,21.2168
-1161.02,-33.4639,-35.1849
-1155.6,103.436,-32.1434
-1150.17,154.499,-14.0647
-1144.75,24.6994,-17.2213
-1139.32,-29.9952,-32.5598
-1133.9,-23.3122,16.1003
-1128.47,-35.7408,78.613
-1123.05,-64.3959,26.9286
-1117.62,-86.3691,-53.8505
-1112.2,-47.1296,-50.0291
-1106.77,5.20533,21.2925
-1101.35,49.0238,35.7966
-1095.92,64.288,5.116
-1090.49,48.7227,22.0138
-1085.07,-21.2128,40.0469
-1079.64,-137.246,-2.23672
-1074.22,-131.32,-25.9022
-1068.79,-33.0623,24.7115
-1063.37,41.8137,-6.9406
-1057.94,173.394,357.221
-1052.52,273.574,895.09
-1047.09,145.884,536.706
-1041.67,10.1692,23.6088
-1036.24,12.2814,-26.0644
-1030.82,43.7327,8.80322
-1025.39,46.2667,23.5918
-1019.97,5.96303,-15.2086
-1014.54,25.6369,2.97491
-1009.11,126.392,36.1681
-1003.69,136.439,40.0743
-998.264,43.086,48.2236
-992.838,15.638,10.7556
-987.413,11.0324,-16.1819
-981.988,27.3242,43.9952
-976.562,34.8907,87.6557
-971.137,-52.9523,81.2857
-965.712,-47.757,95.8335
-960.286,-39.8674,67.1354
-954.861,-265.559,29.8128
-949.436,-240.43,58.5756
-944.01,41.7761,67.8757
-938.585,53.4705,72.865
-933.16,-17.3527,61.6504
-927.734,-11.8436,-27.0894
-922.309,-13.1148,-63.2075
-916.884,-57.8325,-10.1861
-911.458,-69.2492,-20.6047
-906.033,-67.0147,-39.2252
-900.608,-102.584,-13.012
-895.182,-57.9009,8.84047
-889.757,33.1408,42.0752
-884.331,28.9,40.5586
-878.906,-78.6809,-5.85299
-873.481,-66.2163,-69.2973
-868.055,19.0721,-127.262
-862.63,6.40808,-164.148
-857.205,-442.076,-153.768
-851.779,-913.219,-87.502
-846.354,-544.093,-26.8221
-840.929,-94.2081,-30.3414
-835.503,-29.9682,-46.1328
-830.078,12.0786,31.9232
-824.653,46.1872,43.9507
-819.227,39.6156,-61.2003
-813.802,-26.0236,-46.7771
-808.377,-44.5991,25.9664
-802.951,38.1365,49.7701
-797.526,78.7299,46.0493
-792.101,44.3931,4.3624
-786.675,28.5716,-34.7124
-781.25,-5.98568,15.2499
-775.825,-44.5975,54.6715
-770.399,-21.9054,14.7762
-764.974,-6.11849,-6.45314
-759.549,58.6626,15.5989
-754.123,239.881,161.579
-748.698,220.71,188.383
-743.273,42.7666,44.1623
-737.847,-31.914,26.3092
-732.422,-43.3928,50.8104
-726.996,-24.3029,31.7504
-721.571,-36.3405,-17.4711
-716.146,-69.4295,-78.4809
-710.72,-55.4068,-60.9748
-705.295,-10.5243,-11.8751
-699.87,-27.3169,-47.9758
-694.444,-41.9859,-32.9398
-689.019,4.34538,56.414
-683.594,40.8342,33.2351
-678.168,78.6662,-26.8452
-672.743,65.538,-37.4822
-667.318,36.3364,-32.4601
-661.892,-0.520857,15.8294
-656.467,-274.268,129.683
-651.042,-456.295,178.774
-645.616,-224.234,63.7295
-640.191,-9.91244,-17.0023
-634.766,47.2544,43.601
-629.34,42.5998,76.6598
-623.915,20.2508,35.7609
-618.49,62.1279,23.5807
-613.064,90.318,50.411
-607.639,47.0303,46.7352
-602.214,-5.96554,-26.0753
-596.788,12.6633,-68.2697
-591.363,27.5591,-19.3138
-585.937,-2.01624,20.9601
-580.512,-9.35309,7.27323
-575.087,1.97042,-6.5385
-569.661,-32.4364,7.91003
-564.236,10.4976,44.4047
-558.811,-282.731,8.47508
-553.385,-1103.43,-100.098
-547.96,-1009.66,-67.0883
-542.535,-217.641,15.1708
-537.109,-4.17777,-18.1625
-531.684,-19.5969,-28.2374
-526.259,11.5576,12.4654
-520.833,10.032,14.5958
-515.408,-19.1682,-15.0797
-509.983,-7.29241,-7.6028
-504.557,12.1419,14.236
-499.132,7.92615,-21.0378
-493.707,47.1454,-37.4062
-488.281,52.9352,-15.2725
-482.856,24.7888,0.26514
-477.431,-6.56466,1.57801
-472.005,-22.4253,-49.0839
-466.58,-13.6701,-85.5864
-461.154,98.6095,-78.1276
-455.729,1322.1,-183.351
-450.304,2172.97,-234.562
-444.878,922.6,-44.9211
-439.453,19.5102,45.0396
-434.028,39.2229,-24.7853
-428.602,-43.5048,-27.7861
-423.177,-16.4528,-3.89735
-417.752,43.5588,-9.4753
-412.326,51.6464,-44.1683
-406.901,55.0602,-74.0719
-401.476,32.2885,-29.2984
-396.05,-5.41028,-1.48362
-390.625,-13.3222,-18.3604
-385.2,-6.09137,-13.5111
-379.774,-1.15978,-13.4844
-374.349,21.4742,-5.93043
-368.924,19.6754,-28.6007
-363.498,31.5725,-53.2484
-358.073,-316.331,-115.852
-352.648,-1073.33,-246.806
-347.222,-874.187,-192.242
-341.797,-127.136,-27.2345
-336.371,-8.69108,50.821
-330.946,-54.8443,26.2506
-325.521,-45.1313,-51.3158
-320.095,-22.8794,-38.4369
-314.67,15.455,1.65851
-309.245,25.0562,-20.8095
-303.819,-16.6839,-36.8022
-298.394,-35.3944,11.7561
-292.969,-8.38205,64.0548
-287.543,10.1311,67.7844
-282.118,10.8453,31.7373
-276.693,-19.5773,-15.9181
-271.267,-41.2017,5.36154
-265.842,-5.95032,51.151
-260.417,-121.739,121.418
-254.991,-1437.88,735.802
-249.566,-2237.01,1101.04
-244.141,-875.537,422.413
-238.715,35.9842,-18.9019
-233.29,-9.82287,0.0116258
-227.865,29.5453,-50.4316
-222.439,36.7865,-49.2978
-217.014,16.3056,-9.47319
-211.589,-18.3009,-7.26163
-206.163,17.7235,1.09034
-200.738,71.6234,44.4199
-195.312,34.2738,33.5866
-189.887,-23.8917,-8.45816
-184.462,-60.0444,-23.1522
-179.036,-92.5641,17.979
-173.611,-59.896,49.1862
-168.186,16.0797,68.7012
-162.76,-22.4237,-1.22439
-157.335,290,357.034
-151.91,985.995,1147.06
-146.484,759.412,867.106
-141.059,102.823,98.1222
-135.634,36.3386,1.51013
-130.208,69.5237,36.7477
-124.783,3.74326,24.8324
-119.358,-37.0097,15.598
-113.932,-15.2251,0.639792
-108.507,60.8853,-41.3473
-103.082,189.814,-143.51
-97.6562,180.286,-122.858
-92.2309,44.5924,-13.4354
-86.8055,-22.115,13.6621
-81.3802,-58.878,39.3201
-75.9549,-33.214,39.3084
-70.5295,-4.10155,-0.631173
-65.1042,28.4996,-20.3019
-59.6788,-55.3637,14.192
-54.2535,-727.144,253.284
-48.8281,-1013.02,344.677
-43.4028,-328.766,106.91
-37.9774,57.536,8.50633
-32.5521,28.8924,23.7832
-27.1267,6.76513,13.2354
-21.7014,-17.1065,24.9721
-16.276,7.34296,18.7089
-10.8507,11.7548,-4.90698
-5.42535,-209.064,152.335
0,-389.135,362.875
5.42535,-166.548,197.928
10.8507,5.71493,-11.3839
16.276,-18.1511,-8.63026
21.7014,-26.1045,15.3229
27.1267,-12.7312,-7.67188
32.5521,-21.7098,-30.481
37.9774,-4.47211,-57.9893
43.4028,-129.583,320.507
48.8281,-414.503,986.511
54.2535,-303.391,707.704
59.6788,-18.0194,54.2389
65.1042,22.2405,-27.014
70.5295,0.343595,4.13516
75.9549,-41.53,30.3909
81.3802,-43.3316,55.9918
86.8055,-15.1714,21.1081
92.2309,16.5132,-43.5465
97.6562,135.135,-171.277
103.082,156.401,-179.34
108.507,45.4937,-57.8526
113.932,-1.70026,15.1434
119.358,-18.1418,35.8315
124.783,-24.5107,-5.46639
130.208,-31.8084,-71.9177
135.634,1.02834,-36.3554
141.059,-90.7107,-109.417
146.484,-812.019,-818.049
151.91,-1075.49,-1063.61
157.335,-335.934,-314.199
162.76,-0.342797,22.4543
168.186,-67.4122,-20.833
173.611,-53.2445,56.3191
179.036,-24.3922,91.0844
184.462,18.9071,61.5131
189.887,6.77094,24.4235
195.312,-31.114,-36.5332
200.738,-39.3154,-74.5476
206.163,0.148679,-17.7564
211.589,5.96733,18.7628
217.014,10.5875,-15.6051
222.439,51.7438,-33.2581
227.865,52.3698,-25.9553
233.29,-0.696917,9.79813
238.715,21.3661,-34.578
244.141,-482.459,843.938
249.566,-1254.41,2154.75
254.991,-834.311,1383.05
260.417,-129.614,112.973
265.842,-51.4416,2.36769
271.267,-8.22309,40.7272
276.693,14.5136,20.6399
282.118,-30.9034,-13.0327
287.543,-66.9125,-14.8348
292.969,-64.4835,3.89337
298.394,-14.1965,34.4882
303.819,35.5487,19.2104
309.245,22.5066,-23.5436
314.67,-0.576407,-15.533
320.095,36.7472,25.505
325.521,48.0425,48.6009
330.946,-30.0125,52.8795
336.371,-51.3035,5.12495
341.797,18.2995,128.726
347.222,130.793,885.468
352.648,171.332,1087.93
358.073,93.5035,323.642
363.498,55.3211,-27.7811
368.924,29.9035,-17.6324
374.349,7.41397,-21.0082
379.774,13.3707,2.09752
385.2,13.0532,7.01903
390.625,17.3863,14.5705
396.05,1.10257,5.50068
401.476,31.4793,-30.166
406.901,77.7322,-49.759
412.326,47.6634,-48.4396
417.752,12.4905,-42.7918
423.177,2.74061,16.6847
428.602,24.6836,45.3371
434.028,27.461,-37.3984
439.453,-43.569,-22.6044
444.878,109.169,-917.219
450.304,385.57,-2151.32
455.729,275.131,-1306.09
461.154,84.816,-92.9194
466.58,84.4244,19.6069
472.005,47.4,25.7946
477.431,-2.03209,6.43859
482.856,1.46465,-24.7469
488.281,18.9278,-51.7408
493.707,40.6039,-44.4213
499.132,21.5395,-6.43935
504.557,-13.3545,-13.1055
509.983,7.07549,7.80493
515.408,13.7058,20.1734
520.833,-13.8605,-11.0257
526.259,-11.6288,-12.399
531.684,26.8015,21.5186
537.109,17.8269,5.43449
542.535,-30.3159,216.053
547.96,-3.50613,1011.88
553.385,22.8821,1107.72
558.811,-28.1769,281.451
564.236,-43.5643,-13.5695
569.661,-10.1535,31.8057
575.087,6.66003,-1.50948
580.512,-7.90793,8.82297
585.937,-21.0496,0.549202
591.363,21.1893,-26.1448
596.788,68.9864,-7.87039
602.214,25.5956,7.77001
607.639,-43.3407,-50.1758
613.064,-43.9881,-93.6147
618.49,-19.1907,-63.6216
623.915,-34.2616,-22.6962
629.34,-73.5015,-47.8436
634.766,-40.1984,-50.1807
640.191,16.2694,11.0743
645.616,-79.2162,219.242
651.042,-210.168,442.713
656.467,-148.5,264.554
661.892,-15.8271,-0.584543
667.318,34.9158,-33.9837
672.743,41.9626,-62.7638
678.168,32.2673,-76.602
683.594,-30.3058,-43.0531
689.019,-55.9736,-8.27001
694.444,29.9308,44.1814
699.87,45.9535,30.5971
705.295,11.112,11.327
710.72,56.9612,59.5253
716.146,73.4466,74.7351
721.571,14.8936,37.4708
726.996,-33.3683,22.029
732.422,-53.7136,39.7428
737.847,-28.4714,30.0011
743.273,-41.0715,-45.743
748.698,-172.528,-233.314
754.123,-144.452,-250.568
759.549,-11.4688,-59.6079
764.974,6.01063,6.55339
770.399,-16.269,20.8212
775.825,-57.6492,40.6751
781.25,-15.6303,4.90731
786.675,36.6209,-26.0806
792.101,-1.25508,-44.5893
797.526,-40.4451,-81.7504
802.951,-46.9885,-41.5155
808.377,-29.0143,42.6792
813.802,44.8478,29.2233
819.227,63.8146,-35.2499
824.653,-40.6218,-49.1405
830.078,-31.0029,-14.276
835.503,43.9299,33.1133
840.929,23.6958,96.095
846.354,-11.1974,544.639
851.779,23.5858,917.098
857.205,122.555,451.726
862.63,164.195,5.05799
868.055,128.282,-10.1483
873.481,64.5094,70.8889
878.906,0.350174,78.8976
884.331,-38.4439,-31.659
889.757,-39.6609,-35.995
895.182,-12.8579,57.1432
900.608,5.82442,103.242
906.033,34.4549,69.5877
911.458,15.7239,70.5179
916.884,6.12703,58.4022
922.309,62.1387,17.492
927.734,26.1973,13.7044
933.16,-62.7106,13.0099
938.585,-68.9579,-58.4231
944.01,-64.7963,-46.409
949.436,-75.2047,235.759
954.861,-48.2647,262.832
960.286,-69.7529,35.0871
965.712,-98.9315,40.9557
971.137,-84.7818,47.153
976.562,-85.0084,-40.9203
981.988,-41.982,-30.3265
987.413,16.9121,-9.87675
992.838,-9.63851,-16.3502
998.264,-45.1006,-46.345
1003.69,-30.4591,-138.902
1009.11,-27.2634,-128.607
1014.54,-1.17932,-25.7819
1019.97,15.5874,-4.88758
1025.39,-20.3069,-47.7997
1030.82,-5.73114,-44.2402
1036.24,26.8576,-10.4333
1041.67,-22.8419,-11.7913
1047.09,-525.222,-182.967
1052.52,-873.826,-335.346
1057.94,-344.255,-197.89
1063.37,9.84048,-41.2277
1068.79,-26.9576,31.258
1074.22,16.6787,132.807
1079.64,-7.3426,137.068
1085.07,-41.4291,18.3676
1090.49,-18.5615,-50.1396
1095.92,-0.619022,-64.4883
1101.35,-32.2896,-51.4015
1106.77,-20.8775,-6.67792
1112.2,46.6198,50.5051
1117.62,47.6943,89.915
1123.05,-31.355,62.3605
1128.47,-80.9147,30.17
1133.9,-17.6873,22.1324
1139.32,30.3878,32.1932
1144.75,18.9021,-23.4382
1150.17,24.8077,-153.141
1155.6,39.2804,-100.942
1161.02,32.7648,35.8368
1166.45,-25.2841,57.4233
1171.87,-28.3796,68.5334
1177.3,15.8174,48.2029
1182.73,42.8725,12.7598
1188.15,65.8989,0.734478
1193.58,57.2518,-17.6641
1199,51.5938,2.07928
1204.43,50.4408,7.32008
1209.85,-9.18032,-15.6743
1215.28,-97.5672,24.8706
1220.7,-87.4703,43.3088
1226.13,-22.166,-22.27
1231.55,7.20556,-45.3886
1236.98,12.4327,16.6236
1242.4,16.06,100.028
1247.83,154.715,180.892
1253.26,263.888,128.335
1258.68,120.498,-2.90742
1264.11,-2.51853,2.95432
1269.53,-21.891,52.2296
1274.96,-54.4454,68.4743
1280.38,-74.7649,32.397
1285.81,-62.0577,-26.6288
1291.23,-34.7196,-21.31
1296.66,7.92557,-7.8849
1302.08,40.3335,-23.2339
1307.51,1.1255,-15.0714
1312.93,-19.7407,30.3077
1318.36,12.1978,38.9447
1323.78,46.8706,25.9745
1329.21,61.3944,64.5089
1334.64,10.6216,49.1505
1340.06,-15.9017,-12.141
1345.49,-37.6214,42.4232
1350.91,-152.174,88.2893
1356.34,-113.135,22.1638
1361.76,48.0824,-30.7694
1367.19,79.3008,-38.8713
1372.61,56.2051,0.964771
1378.04,-15.2666,45.1408
1383.46,-99.1179,-1.58666
1388.89,-80.9682,-30.0705
1394.31,-10.8617,56.5104
1399.74,27.0748,83.4607
1405.16,14.7187,-5.75405
1410.59,-0.0977554,-98.9916
1416.02,-16.5835,-89.0309
1421.44,-55.6266,54.9192
1426.87,-47.4288,94.6558
1432.29,9.05361,50.0857
1437.72,3.83623,46.7315
1443.14,-79.1925,-65.3009
1448.57,-142.927,-241.503
1453.99,-116.496,-242.381
1459.42,-66.0491,-95.5601
1464.84,-73.6406,-5.42472
1470.27,-75.3034,36.0457
1475.69,-32.6716,3.53689
1481.12,-15.9023,-22.1952
1486.55,24.0909,29.3627
1491.97,123.754,-19.2283
1497.4,87.6551,-87.8721
1502.82,-8.2381,-4.86534
1508.25,-8.89443,108.662
1513.67,-41.4144,55.9037
1519.1,-42.2836,-56.468
1524.52,43.1073,-53.8564
1529.95,51.9282,-33.5616
1535.37,9.19715,-11.6835
1540.8,7.0249,-8.97646
1546.22,92.5131,30.1821
1551.65,240.192,187.702
1557.07,208.035,163.916
1562.5,111.67,37.0515
1567.93,147.321,15.1217
1573.35,71.6028,18.4897
1578.78,-105.815,73.173
1584.2,-87.8623,48.0876
1589.63,12.2461,-56.0803
1595.05,1.13153,-95.3462
1600.48,-39.9296,-115.261
1605.9,-26.7862,-94.0974
1611.33,56.1321,-26.5471
1616.75,64.4224,40.8008
1622.18,-5.09733,41.3813
1627.6,-28.06,-60
1633.03,-40.2878,-57.7943
1638.45,-72.8913,4.90018
1643.88,-50.8594,-43.1177
1649.31,7.94164,-39.0351
1654.73,-17.8834,43.2923
1660.16,-48.8617,81.3145
1665.58,-33.8556,73.7082
1671.01,12.6126,74.2773
1676.43,50.9316,13.0784
1681.86,-6.95995,-73.1052
1687.28,-62.8876,57.5111
1692.71,21.2335,159.892
1698.13,195.641,5.41734
1703.56,206.112,-136.827
1708.98,98.1496,-132.691
1714.41,17.7777,-10.258
1719.83,-75.2692,101.024
1725.26,-84.9427,114.236
1730.69,-46.5054,60.5797
1736.11,-67.9852,-110.111
1741.54,-75.0232,-202.723
1746.96,149.891,-58.1185
1752.39,439.521,6.56676
1757.81,359.866,-43.5204
1763.24,67.7542,-86.8358
1768.66,-86.9693,-121.724
1774.09,-76.092,-59.764
1779.51,-42.9172,-8.4948
1784.94,-36.6686,41.3258
1790.36,-92.4888,13.5016
1795.79,-221.299,-90.8685
1801.22,-345.378,59.4219
1806.64,-391.777,293.555
1812.07,-375.82,158.637
1817.49,-331.023,-35.1689
1822.92,-138.789,127.656
1828.34,98.6989,255.841
1833.77,15.3236,159.82
1839.19,-89.9856,67.18
1844.62,52.6789,31.7583
1850.04,-132.952,149.322
1855.47,-382.972,189.596
1860.89,-159.125,-69.5011
1866.32,77.873,-227.945
1871.74,52.7729,-262.96
1877.17,31.3449,-378.233
1882.6,25.3439,-514.202
1888.02,-67.2468,-303.776
1893.45,-72.0676,139.335
1898.87,-57.9436,94.9992
1904.3,-23.9211,-175.428
1909.72,244.319,-136.079
1915.15,549.041,-74.0736
1920.57,555.858,-255.875
1926,398.58,-415.989
1931.42,257.24,-243.584
1936.85,185.289,118.055
1942.27,127.265,209.965
1947.7,909.6,181.466
1953.12,1849.22,89.4708
1958.55,867.315,32.5807
1963.98,-405.108,81.7115
1969.4,-360.394,-60.2939
1974.83,-559.572,-342.672
1980.25,-446.527,-763.255
1985.68,-76.5235,-917.334
1991.1,267.277,-565.544
1996.53,-606.776,-64.0939
2001.95,5000.12,503.127
2007.38,20375.6,758.587
2012.8,18223.1,242.01
2018.23,3058.23,6.2168
2023.65,-644.5,345.155
2029.08,-52.7207,299.446
2034.51,30.9664,77.6846
2039.93,58.732,88.2393
2045.36,-670.591,-152.498
2050.78,-1697.09,-337.345
2056.21,-1560.66,49.4266
2061.63,-336.537,320.827
2067.06,-126.604,208.916
2072.48,-105.324,-91.1725
2077.91,108.919,-170.274
2083.33,-62.477,47.0179
2088.76,-287.08,213.08
2094.18,-442.566,343.937
2099.61,-397.128,303.82
2105.03,-101.705,199.703
2110.46,-23.342,184.409
2115.89,39.6565,89.3921
2121.31,124.353,-36.088
2126.74,67.3731,-147.548
2132.16,15.3008,-281.691
2137.59,-103.74,-304.374
2143.01,-84.3956,-107.778
2148.44,48.4651,-130.467
2153.86,18.1081,-239.173
2159.29,-62.695,-39.022
2164.71,-87.3758,115.816
2170.14,15.0717,234.813
2175.56,132.484,207.967
2180.99,259.944,-29.0599
2186.41,257.059,-109.425
2191.84,57.9251,-119.336
2197.27,21.5834,-81.6518
2202.69,-103.224,31.1284
2208.12,-300.314,12.0578
2213.54,-183.034,-75.303
2218.97,-95.4119,-154.334
2224.39,-65.141,-120.105
2229.82,82.1063,33.7289
2235.24,149.274,133.973
2240.67,194.23,124.339
2246.09,77.5422,83.9961
2251.52,-270.119,261.498
2256.94,-320.344,256.319
2262.37,-111.805,31.121
2267.79,-61.4768,-36.1351
2273.22,1.61,-49.0972
2278.65,215.233,-18.7492
2284.07,233.746,-91.3106
2289.5,89.9138,-133.398
2294.92,30.9879,-138.246
2300.35,-63.808,-193.918
2305.77,-68.7294,-125.569
2311.2,-0.653717,-56.7943
2316.62,-10.929,-13.8533
2322.05,24.8541,-42.4802
2327.47,15.1441,-69.4664
2332.9,-86.5328,107.603
2338.32,-81.0281,192.058
2343.75,14.9779,72.3957
2349.18,128.21,-195.562
2354.6,222.095,-380.722
2360.03,126.741,-246.849
2365.45,20.9324,-120.831
2370.88,48.9112,-78.668
2376.3,5.821,-40.117
2381.73,-127.744,-18.3043
2387.15,-189.464,17.8542
2392.58,-137.661,-22.8568
2398,-61.7904,10.5005
2403.43,-31.2768,157.325
2408.85,-1.52758,113.278
2414.28,-35.8851,4.2553
2419.7,-125.536,15.6062
2425.13,-152.179,45.8527
2430.56,-141.486,31.5004
2435.98,-74.8167,-9.6868
2441.41,-37.328,-75.1699
2446.83,-65.4714,-6.18308
2452.26,2.18958,252.769
2457.68,25.688,259.416
2463.11,-124.322,91.6739
2468.53,-136.703,93.9363
2473.96,-25.1293,52.5895
2479.38,24.918,-9.74235
2484.81,55.1832,-36.9599
2490.23,41.3513,-136.103
2495.66,-37.4134,-62.2633
2501.08,-105.623,106.382
2506.51,-39.692,75.7744
2511.94,33.7027,-19.6985
2517.36,4.17462,-72.2414
2522.79,48.3715,-168.935
2528.21,159.91,-219.886
2533.64,105.201,-106.16
2539.06,-56.5858,-6.83713
2544.49,-110.349,-7.03908
2549.91,-91.3586,67.1464
2555.34,-75.5286,131.067
2560.76,-56.6817,65.7938
2566.19,-46.9026,5.90089
2571.61,-89.0287,-21.4223
2577.04,-112.182,-6.41899
2582.47,-63.7502,16.4704
2587.89,-18.2156,45.2085
2593.32,-7.71822,77.7411
2598.74,-18.9455,11.8881
2604.17,-2.39438,-80.8181
2609.59,29.4788,-100.441
2615.02,68.7902,-81.6453
2620.44,121.75,-78.6665
2625.87,68.2973,-48.7245
2631.29,-22.3467,23.559
2636.72,27.9047,82.9223
2642.14,81.9813,78.0893
2647.57,180.99,-34.5171
2652.99,366.242,-218.15
2658.42,261.077,-155.944
2663.85,-8.83981,56.7895
2669.27,-36.2283,25.4478
2674.7,26.1349,-46.5273
2680.12,10.4439,-13.1996
2685.55,12.9525,0.098052
2690.97,-11.7333,-49.211
2696.4,-76.8185,-59.3113
2701.82,-80.5104,6.03501
2707.25,-25.6272,23.6789
2712.67,40.453,-6.75226
2718.1,59.7846,-5.88802
2723.52,59.4912,52.3549
2728.95,95.3058,81.6975
2734.37,104.538,32.681
2739.8,65.4857,-18.1672
2745.23,42.3254,-29.768
2750.65,85.3793,93.3458
2756.08,115.422,234.934
2761.5,60.7427,173.426
2766.93,23.4454,73.8157
2772.35,36.6072,37.6933
2777.78,29.6786,29.7297
2783.2,-1.98112,4.70559
2788.63,22.08,-15.5722
2794.05,48.1285,22.8444
2799.48,-22.8744,15.7533
2804.9,-83.7579,-19.6415
2810.33,-25.5549,-15.0339
2815.75,47.0939,-17.0359
2821.18,-2.40848,-66.9984
2826.61,-82.2162,-81.7187
2832.03,-47.9357,-39.4567
2837.46,83.7442,-40.7932
2842.88,169.383,-48.7239
2848.31,92.6285,-114.183
2853.73,-52.9847,-210.991
2859.16,-67.8531,-92.7576
2864.58,-8.73464,81.0463
2870.01,-42.555,91.1664
2875.43,-88.5165,49.8211
2880.86,-48.259,38.3719
2886.28,-10.3237,6.97352
2891.71,-37.2962,-32.4843
2897.14,-46.4301,-14.6838
2902.56,-6.16104,4.05333
2907.99,-28.8008,21.1383
2913.41,-77.131,55.4389
2918.84,-18.362,39.0531
2924.26,22.4118,-5.14457
2929.69,-9.26566,-11.5859
2935.11,-28.1821,-15.1665
2940.54,-51.183,2.41519
2945.96,-20.3284,24.7438
2951.39,58.1334,-44.1481
2956.81,49.8068,-92.0526
2962.24,-10.0264,-55.4566
2967.66,-28.3154,-31.2326
2973.09,-24.1984,-14.0671
2978.52,-46.4339,18.3721
2983.94,-16.1429,31.3523
2989.37,71.8135,-6.32901
2994.79,72.833,-5.09698
3000.22,14.0223,33.4899
3005.64,-34.4641,16.3867
3011.07,-42.4995,-32.3882
3016.49,-18.2697,-65.1487
3021.92,-5.81753,-47.814
3027.34,-15.2563,-19.2336
3032.77,-11.4418,-23.257
3038.19,43.2372,-39.6472
3043.62,63.5278,-41.4432
3049.04,45.6933,-14.4654
3054.47,55.9814,36.0007
3059.9,35.8165,36.5296
3065.32,1.05719,-8.73942
3070.75,-3.43443,-34.353
3076.17,4.60444,-25.616
3081.6,-25.8278,-0.379794
3087.02,-24.6461,-12.9059
3092.45,70.4069,-32.9029
3097.87,93.2213,-44.3222
3103.3,38.9741,-70.1691
3108.72,-17.705,-44.7592
3114.15,-61.1033,-2.59433
3119.57,-49.3856,-16.0641
3125,-5.35219,-36.5678
3130.43,-0.132004,-28.4012
3135.85,-35.7547,-0.901604
3141.28,-68.2111,35.2106
3146.7,-87.277,34.8566
3152.13,-82.3114,-41.7348
3157.55,-72.2172,-81.9283
3162.98,-48.7864,-18.8381
3168.4,-65.0481,41.0541
3173.83,-86.375,62.2457
3179.25,0.870789,73.9715
3184.68,101.95,64.8437
3190.1,100.165,-2.78477
3195.53,28.0362,-78.678
3200.95,-30.189,-84.0507
3206.38,-57.261,-87.3915
3211.81,-58.3302,-83.5299
3217.23,-21.7786,-4.01052
3222.66,-24.6272,63.1222
3228.08,-58.2766,51.8334
3233.51,-29.5475,11.8231
3238.93,25.9428,6.37965
3244.36,46.459,19.2976
3249.78,-27.0544,12.3671
3255.21,-90.1271,-11.2966
3260.63,-35.9228,-21.4216
3266.06,-3.1166,7.28688
3271.48,-24.896,13.3019
3276.91,-31.2164,14.49
3282.33,-24.3689,43.2031
3287.76,9.45653,51.4448
3293.19,46.1442,45.7641
3298.61,9.68406,59.2047
3304.04,-72.2198,90.5327
3309.46,-79.2609,60.2253
3314.89,-20.7402,-21.2615
3320.31,-0.527397,-66.491
3325.74,-14.9105,-62.941
3331.16,-28.5855,-23.6813
3336.59,-21.2982,-1.30153
3342.01,11.622,-3.13511
3347.44,10.1616,-27.3948
3352.86,-38.6628,-50.5974
3358.29,-58.6677,-19.1965
3363.71,-31.6577,23.4375
3369.14,-32.7846,28.3014
3374.57,-40.8452,-20.7951
3379.99,-18.2209,-74.8627
3385.42,-31.4543,-77.18
3390.84,-96.812,-25.8321
3396.27,-113.904,28.9953
3401.69,-52.8608,75.5071
3407.12,-32.7486,95.8555
3412.54,-48.5875,30.3536
3417.97,-10.8385,-11.7041
3423.39,30.8938,3.14822
3428.82,17.6284,-24.0489
3434.24,4.25062,-38.8543
3439.67,20.6089,-7.48979
3445.1,20.7754,8.42254
3450.52,-3.33935,-27.4018
3455.95,-23.6638,-50.4214
3461.37,24.0659,5.75758
3466.8,66.4893,26.4539
3472.22,2.59987,3.66487
3477.65,-30.1518,6.42964
3483.07,-10.226,-5.90503
3488.5,-12.7041,0.383611
3493.92,-38.5948,44.9802
3499.35,-63.5901,77.1172
3504.77,-21.847,104.362
3510.2,31.8677,95.1261
3515.62,35.5494,18.5256
3521.05,10.4811,-37.0068
3526.48,-68.7379,-63.9622
3531.9,-119.057,-57.1488
3537.33,-57.6598,16.5737
3542.75,-4.40407,34.0799
3548.18,-27.8946,-0.452431
3553.6,-48.2438,71.9949
3559.03,-9.65399,140.473
3564.45,34.0234,77.493
3569.88,32.5793,24.0202
3575.3,-8.57068,12.4373
3580.73,-31.5544,6.2217
3586.15,-35.9213,7.30954
3591.58,-17.0224,-11.8137
3597,24.1456,-10.3076
3602.43,-0.393077,-1.33777
3607.86,-22.0646,-7.48832
3613.28,0.782078,-29.0678
3618.71,16.976,-63.9242
3624.13,16.1827,-38.9436
3629.56,2.19677,-1.15821
3634.98,14.5941,-14.7312
3640.41,23.56,-33.5104
3645.83,24.6764,-13.2641
3651.26,-6.25496,1.92143
3656.68,-91.8018,-47.1678
3662.11,-69.5502,-62.2313
3667.53,23.3935,-1.69898
3672.96,28.8575,-6.02821
3678.39,-6.20419,-102.583
3683.81,-18.8968,-97.5299
3689.24,-20.6389,25.7311
3694.66,-37.6925,62.6698
3700.09,-71.2685,12.5704
3705.51,-73.1725,-4.07458
3710.94,-32.3165,0.180069
3716.36,-25.4229,-8.37284
3721.79,-32.8824,-31.5567
3727.21,-11.2692,-67.9177
3732.64,-21.1407,-52.5761
3738.06,-39.0827,-3.9892
3743.49,-14.1458,-13.9286
3748.91,-6.44274,-41.3819
3754.34,2.19704,-13.4177
3759.77,17.953,43.8156
3765.19,-9.68106,49.6241
3770.62,-36.6139,9.71795
3776.04,-36.3082,-21.3826
3781.47,-26.0041,-47.5751
3786.89,-13.9047,-70.7846
3792.32,13.1484,-71.2408
3797.74,34.5938,-48.3374
3803.17,6.6208,-42.7719
3808.59,-34.6541,-43.2859
3814.02,-44.667,-9.68124
3819.44,-51.8516,34.8773
3824.87,-36.3243,15.4105
3830.29,23.0035,-73.0461
3835.72,32.7615,-90.112
3841.15,-8.08852,-39.4598
3846.57,6.74218,-18.9781
3852,62.0666,-6.77021
3857.42,81.8042,-12.8277
3862.85,59.6444,-23.7247
3868.27,18.4296,-18.6797
3873.7,-4.61491,2.3532
3879.12,-10.9194,57.4844
3884.55,-32.6385,76.3215
3889.97,-50.643,36.2195
3895.4,-30.0418,6.0171
3900.82,8.14324,16.074
3906.25,-5.27027,45.4659
3911.68,-27.2848,27.1249
3917.1,2.70755,-13.4289
3922.53,43.0576,-6.98146
3927.95,63.3031,6.9688
3933.38,40.6482,11.6937
3938.8,0.301519,13.8607
3944.23,-32.6405,11.9969
3949.65,-63.0717,14.9734
3955.08,-43.7148,-28.0739
3960.5,-25.9272,-81.2194
3965.93,-53.3599,-51.607
3971.35,-20.1445,-22.5005
3976.78,18.9913,-34.1281
3982.2,-27.0033,-31.58
3987.63,-36.381,17.6763
3993.06,-8.18141,47.532
3998.48,-11.6299,-19.4043
4003.91,19.2853,-52.5409
4009.33,28.7205,-36.6051
4014.76,-29.4487,-44.4036
4020.18,-44.0379,-31.9631
4025.61,2.47329,-1.75978
4031.03,18.9276,-9.76528
4036.46,-9.11572,-52.6934
4041.88,-20.2107,-58.3858
4047.31,27.1052,-20.4196
4052.73,91.3615,31.1814
4058.16,79.108,68.416
4063.58,27.5213,34.266
4069.01,-2.56844,-24.771
4074.44,8.81543,-20.9197
4079.86,45.8963,15.0055
4085.29,16.2948,1.77086
4090.71,-47.0798,-47.1053
4096.14,-25.2596,-29.5623
4101.56,47.9934,15.4888
4106.99,44.5234,16.0956
4112.41,-8.86946,0.817691
4117.84,7.95942,-26.8956
4123.26,68.5118,-58.1854
4128.69,44.9572,-54.6399
4134.11,-15.7669,-3.41257
4139.54,-12.2982,33.1436
4144.96,-16.5285,27.9944
4150.39,-10.6651,-15.5997
4155.82,42.4126,-48.703
4161.24,64.8325,-7.13579
4166.67,52.6237,8.26945
4172.09,23.2055,-36.3006
4177.52,4.72167,-59.5702
4182.94,0.231005,-19.8604
4188.37,5.79898,38.3137
4193.79,20.0205,46.7388
4199.22,10.0731,25.0447
4204.64,11.09,-18.9317
4210.07,22.238,-40.3221
4215.49,9.43222,1.23735
4220.92,-4.21919,23.0346
4226.35,-1.48993,-11.8261
4231.77,8.06281,-4.94932
4237.2,18.5619,11.4855
4242.62,14.1013,-46.4424
4248.05,-14.7666,-62.3773
4253.47,-15.4527,-48.8739
4258.9,29.1597,-75.7987
4264.32,34.7668,-91.2208
4269.75,18.538,-86.5119
4275.17,57.5246,-44.1406
4280.6,48.4225,19.9521
4286.02,-17.2274,52.3036
4291.45,-10.2617,20.4739
4296.87,-8.806,-21.1404
4302.3,-55.8296,-32.424
4307.73,-52.728,-28.9305
4313.15,-3.48977,-4.71973
4318.58,39.4046,6.67521
4324,47.574,-0.804466
4329.43,7.69297,-13.7872
4334.85,-27.792,6.51963
4340.28,-19.4858,27.623
4345.7,0.359718,5.32493
4351.13,39.3933,23.844
4356.55,73.4413,49.3464
4361.98,50.6329,37.9683
4367.4,10.6262,15.8887
4372.83,3.54649,-11.6344
4378.25,-2.6836,-6.33404
4383.68,-30.0206,-18.9152
4389.11,-68.4018,-45.3897
4394.53,-71.819,-9.20931
4399.96,-27.835,30.1607
4405.38,9.10338,-5.68361
4410.81,30.1108,-45.4815
4416.23,13.5321,-27.5703
4421.66,27.2173,-20.6936
4427.08,69.8028,-41.0178
4432.51,38.7424,-17.8045
4437.93,31.4906,44.7958
4443.36,78.6957,70.8558
4448.78,76.9118,30.5198
4454.21,52.4283,-15.3522
4459.63,47.5327,-1.68919
4465.06,36.888,17.6553
4470.49,22.4159,6.6551
4475.91,48.831,-12.5781
4481.34,43.3756,-14.8734
4486.76,-41.1488,-29.3439
4492.19,-55.8404,-40.9113
4497.61,-29.4096,24.7591
4503.04,-43.2206,70.3515
4508.46,-21.8998,52.6777
4513.89,24.4997,38.233
4519.31,48.6006,6.5545
4524.74,51.232,-50.406
4530.16,45.175,-33.1501
4535.59,12.7501,45.9934
4541.02,-33.9423,54.6012
4546.44,-50.7615,13.0756
4551.87,-42.5915,-24.0646
4557.29,-26.9922,-19.486
4562.72,-10.6293,5.88424
4568.14,23.1558,17.6914
4573.57,48.0252,57.2194
4578.99,33.4449,63.6372
4584.42,27.4554,36.9934
4589.84,55.6703,16.503
4595.27,56.7527,-30.6688
4600.69,26.395,-43.5358
4606.12,28.8172,-13.1237
4611.54,24.2567,25.1686
4616.97,-0.609852,63.0734
4622.4,-21.8019,38.3987
4627.82,-44.6308,7.33679
4633.25,-6.38816,22.0655
4638.67,18.2397,22.4164
4644.1,-16.5864,12.9161
4649.52,-20.6161,-4.69088
4654.95,-6.09679,-10.2502
4660.37,15.8583,-3.19132
4665.8,23.4135,-5.2569
4671.22,20.2666,28.8525
4676.65,11.4927,77.8746
4682.07,-6.50151,63.0779
4687.5,6.78483,10.2774
4692.92,45.1083,11.8717
4698.35,48.9346,34.9795
4703.78,3.53436,20.2007
4709.2,-0.109,-19.7557
4714.63,29.3919,-36.7352
4720.05,16.5685,-21.3856
4725.48,-11.5747,-37.2133
4730.9,3.08429,-43.1984
4736.33,44.006,-9.96068
4741.75,28.2506,-0.718999
4747.18,-3.72798,-3.13578
4752.6,8.53934,-5.24005
4758.03,10.6477,-34.3324
4763.45,4.3059,-76.7084
4768.88,-18.3395,-60.2063
4774.31,-55.339,8.01354
4779.73,-26.3311,26.9333
4785.16,21.2872,4.67848
4790.58,-5.88148,-20.3628
4796.01,-18.8457,-27.1845
4801.43,10.7877,17.8211
4806.86,16.8165,49.3631
4812.28,13.47,23.0667
4817.71,-27.8674,22.4464
4823.13,-49.4999,85.4768
4828.56,6.64218,106.565
4833.98,55.16,40.5857
4839.41,56.0406,4.44859
4844.83,28.6249,9.18115
4850.26,14.1948,-31.4879
4855.69,-2.09521,-75.3356
4861.11,-10.4083,-52.625
4866.54,8.00266,-45.3595
4871.96,-7.39428,-75.9079
4877.39,-37.0125,-43.6209
4882.81,-17.0653,2.78653
4888.24,26.9121,0.543303
4893.66,-8.54189,11.8036
4899.09,-70.4338,30.7053
4904.51,-42.6031,-7.997
4909.94,31.3252,-40.2688
4915.36,53.594,9.95106
4920.79,-14.5529,71.4426
4926.21,-60.6406,76.4833
4931.64,-26.3156,48.283
4937.07,-0.481879,1.42604
4942.49,-12.414,-32.9126
4947.92,-10.0672,-32.4169
4953.34,16.8957,-23.0426
4958.77,9.80731,2.51952
4964.19,-0.760847,31.7818
4969.62,12.1831,25.4446
4975.04,4.19147,21.299
4980.47,11.8927,41.8969
4985.89,17.2451,36.3074
4991.32,-33.5251,5.89252
4996.74,-79.4797,-19.4152
5002.17,-66.0848,-29.572
5007.6,-28.9103,-33.4556
5013.02,-18.319,-25.8009
5018.45,-1.85645,25.422
5023.87,20.2309,34.0522
5029.3,-2.02329,-22.3824
5034.72,-24.1446,-21.5614
5040.15,18.2086,-2.59669
5045.57,66.0324,-8.55388
5051,36.3327,-3.30326
5056.42,-12.4529,-16.837
5061.85,-21.3165,-34.416
5067.27,-13.0531,-27.6091
5072.7,-6.4113,-32.6214
5078.12,2.67596,-58.0443
5083.55,34.2428,-56.7642
5088.98,58.8404,-59.114
5094.4,17.9239,-118.619
5099.83,-36.7752,-132.409
5105.25,-42.2252,-63.3077
5110.68,-13.4743,-6.39817
5116.1,21.3461,18.9671
5121.53,6.97978,15.6845
5126.95,-19.2016,-27.2496
5132.38,2.6436,-56.5823
5137.8,-7.0444,-21.8614
5143.23,-25.6065,19.1768
5148.65,17.0178,12.205
5154.08,33.6564,7.8169
5159.5,8.90755,29.7997
5164.93,4.06251,16.0274
5170.36,-3.44951,-24.8888
5175.78,-23.444,-17.7872
5181.21,-14.3737,8.90114
5186.63,6.25073,-7.37994
5192.06,-1.73998,-16.7456
5197.48,-34.7384,-10.0128
5202.91,-47.7205,-34.4377
5208.33,-41.091,-31.4481
5213.76,-45.0402,24.1073
5219.18,-28.0708,50.447
5224.61,-12.4166,8.07855
5230.03,-0.00637436,-35.6056
5235.46,12.8089,-16.8161
5240.88,-19.4827,17.8506
5246.31,-25.638,16.5662
5251.74,29.9014,-3.36922
5257.16,23.3699,-4.95527
5262.59,-22.2791,9.10415
5268.01,-13.1338,25.7377
5273.44,-27.893,29.9594
5278.86,-65.4823,25.6539
5284.29,-49.1788,28.9605
5289.71,-12.1402,15.6748
5295.14,-3.31758,-8.16777
5300.56,-3.65751,-21.4056
5305.99,-15.243,-9.28788
5311.41,-38.6337,13.0503
5316.84,-11.0665,20.1011
5322.27,10.7534,34.7839
5327.69,-23.6416,23.2072
5333.12,-8.58482,-28.8293
5338.54,22.9386,-20.3432
5343.97,-6.9986,32.2416
5349.39,-20.8701,48.9579
5354.82,8.61347,57.139
5360.24,28.2996,65.2039
5365.67,44.0799,23.8475
5371.09,77.6913,-23.7506
5376.52,59.338,-18.7502
5381.94,-18.3147,2.70205
5387.37,-51.9871,29.3661
5392.79,-24.8124,49.0938
5398.22,-7.52624,18.2798
5403.65,-17.5225,-43.6076
5409.07,-29.44,-57.123
5414.5,-15.84,-38.5872
5419.92,2.00971,-44.7445
5425.35,-6.46382,-61.916
5430.77,-10.5909,-34.1012
5436.2,-9.77048,60.0891
5441.62,5.34446,119.345
5447.05,55.7215,90.1427
5452.47,90.1813,52.6525
5457.9,66.5195,36.27
5463.32,-5.05821,27.5126
5468.75,-70.0984,17.0802
5474.17,-77.7468,-12.6631
5479.6,-77.1944,-27.0127
5485.03,-81.3769,-14.0031
5490.45,-65.9648,-20.3335
5495.88,-38.5075,-34.157
5501.3,13.057,-4.55539
5506.73,40.6962,29.4861
5512.15,22.8541,17.1978
5517.58,17.1465,-15.9595
5523,8.83335,-16.1047
5528.43,-10.4634,-18.4745
5533.85,30.3224,-42.3281
5539.28,65.559,-29.8494
5544.7,8.02554,-12.2718
5550.13,-31.6968,-5.47864
