-5555.56,46.7173,-51.8848
-5550.13,59.9962,-21.8908
-5544.7,41.3025,-11.3098
-5539.28,37.0556,-4.17931
-5533.85,34.4817,-12.1209
-5528.43,18.5679,-36.1938
-5523,18.0563,-43.5208
-5517.58,18.134,-10.3331
-5512.15,13.54,14.1022
-5506.73,32.4099,-2.88722
-5501.3,38.8594,-10.554
-5495.88,31.3192,5.01111
-5490.45,31.8278,-3.77009
-5485.03,14.0434,-22.7387
-5479.6,-10.6965,13.3111
-5474.17,-6.10747,21.1926
-5468.75,-3.02563,-38.163
-5463.32,-1.48713,-60.125
-5457.9,26.2364,-55.769
-5452.47,53.3634,-61.6013
-5447.05,45.0273,-30.5265
-5441.62,-6.22194,26.1511
-5436.2,-18.6025,44.9072
-5430.77,24.2835,39.2419
-5425.35,44.8982,36.7955
-5419.92,41.3015,10.5413
-5414.5,43.8045,-0.705494
-5409.07,55.7431,17.9801
-5403.65,28.3712,8.89431
-5398.22,-23.4153,-20.5859
-5392.79,-50.5265,-47.7514
-5387.37,-53.5902,-36.9446
-5381.94,0.841693,9.92912
-5376.52,19.3314,15.7453
-5371.09,-38.7827,3.40399
-5365.67,-47.5517,24.5075
-5360.24,-7.24663,33.7478
-5354.82,-4.21432,21.0036
-5349.39,-48.5895,34.8932
-5343.97,-47.2999,52.3646
-5338.54,-28.0822,53.6392
-5333.12,-54.5076,42.6832
-5327.69,-42.6274,-0.318588
-5322.27,-5.71741,-18.3422
-5316.84,-27.9162,21.528
-5311.41,-43.7866,53.6423
-5305.99,-22.7928,30.1337
-5300.56,-37.9701,1.43183
-5295.14,-57.7274,6.54807
-5289.71,-16.1586,15.8964
-5284.29,35.8761,20.2447
-5278.86,22.3231,23.9529
-5273.44,5.94454,18.01
-5268.01,-0.344679,-4.18719
-5262.59,-21.738,-13.6919
-5257.16,-20.5628,-9.14078
-5251.74,-34.409,-32.0272
-5246.31,-51.1684,-68.8949
-5240.88,-36.7315,-58.3338
-5235.46,6.16238,-15.8844
-5230.03,37.6175,-12.203
-5224.61,31.3474,-43.596
-5219.18,33.3771,-63.6574
-5213.76,25.3337,-42.9782
-5208.33,4.78054,-1.84327
-5202.91,-4.70948,10.281
-5197.48,-18.9192,-9.62733
-5192.06,-28.0831,-11.3382
-5186.63,-44.1587,2.87897
-5181.21,-43.294,-12.2811
-5175.78,1.28796,-4.51844
-5170.36,12.6914,21.7052
-5164.93,-17.2007,2.65677
-5159.5,-43.409,-22.5003
-5154.08,-53.4978,-20.7806
-5148.65,-36.2032,-18.4231
-5143.23,-9.32845,-20.3518
-5137.8,24.5513,-31.2857
-5132.38,38.8573,-64.1397
-5126.95,14.4556,-54.768
-5121.53,-4.33992,-22.8991
-5116.1,0.604566,-17.8857
-5110.68,16.0896,-12.1903
-5105.25,65.5508,34.3557
-5099.83,117.669,126.925
-5094.4,88.7624,137.813
-5088.98,40.6606,72.6595
-5083.55,40.6715,24.9824
-5078.12,49.7232,21.6754
-5072.7,43.774,65.3612
-5067.27,9.83416,75.3079
-5061.85,-45.6019,4.12986
-5056.42,-49.6535,-70.8638
-5051,-23.983,-71.8878
-5045.57,-23.8591,-60.5928
-5040.15,-7.01925,-39.5362
-5034.72,11.6225,-6.77667
-5029.3,8.90056,-2.0938
-5023.87,-33.8079,18.5006
-5018.45,-49.5025,36.2312
-5013.02,7.2755,6.41544
-5007.6,35.3942,-44.4276
-5002.17,52.5094,-43.4807
-4996.74,40.7865,-12.3433
-4991.32,-46.5141,1.87556
-4985.89,-71.014,-5.89034
-4980.47,-24.3944,-10.1598
-4975.04,-25.3724,14.4849
-4969.62,-17.2357,26.0278
-4964.19,18.1654,1.12138
-4958.77,7.62306,-35.1151
-4953.34,-7.11712,-29.5448
-4947.92,-2.42194,-15.8104
-4942.49,-20.2577,-13.7735
-4937.07,-38.5347,5.02541
-4931.64,-45.3703,20.2925
-4926.21,-63.4604,-16.7137
-4920.79,-75.8498,-60.4227
-4915.36,-39.2202,-25.6276
-4909.94,23.9958,0.952811
-4904.51,42.0844,-23.4355
-4899.09,42.132,-39.7203
-4893.66,20.2357,-54.02
-4888.24,-19.7061,-55.1374
-4882.81,-11.482,-33.7736
-4877.39,-5.60543,-33.3252
-4871.96,-7.38583,-22.8949
-4866.54,2.26484,16.065
-4861.11,-12.7885,24.6337
-4855.69,-9.78805,-11.048
-4850.26,-3.68076,-27.1539
-4844.83,-1.75443,-12.8197
-4839.41,41.5141,-49.5386
-4833.98,41.7966,-62.3645
-4828.56,-15.1337,-1.71665
-4823.13,-43.1429,6.62446
-4817.71,-44.6052,-5.28469
-4812.28,-40.1677,35.8667
-4806.86,-53.9966,65.0722
-4801.43,-68.4207,46.9163
-4796.01,-22.2909,5.38132
-4790.58,37.056,-13.7972
-4785.16,61.3098,-2.37941
-4779.73,62.1363,-26.4912
-4774.31,22.553,-59.2632
-4768.88,-9.21094,-27.7858
-4763.45,-9.6151,0.63393
-4758.03,-28.081,-39.017
-4752.6,-42.2601,-49.866
-4747.18,-14.6709,16.7756
-4741.75,28.635,59.0265
-4736.33,26.2692,21.3835
-4730.9,-14.4694,-23.6911
-4725.48,-5.26694,10.1159
-4720.05,20.2119,42.4546
-4714.63,4.06475,48.6759
-4709.2,23.687,46.6454
-4703.78,66.4562,15.7461
-4698.35,44.3396,0.167881
-4692.92,-16.7248,-14.9223
-4687.5,-41.2242,-5.97011
-4682.07,-26.4875,28.2804
-4676.65,-10.0481,28.2995
-4671.22,6.59942,-23.9248
-4665.8,22.1517,-68.9721
-4660.37,9.01203,-54.2486
-4654.95,3.78725,-9.18835
-4649.52,23.3794,18.9865
-4644.1,21.2541,-2.46327
-4638.67,-15.402,-26.689
-4633.25,-55.0418,14.8643
-4627.82,-40.014,56.7218
-4622.4,-15.5948,45.8394
-4616.97,-30.6455,42.5135
-4611.54,-27.064,35.1751
-4606.12,3.70497,15.4919
-4600.69,24.7242,12.0616
-4595.27,18.1157,6.76687
-4589.84,-11.0606,-2.21647
-4584.42,-21.8871,12.1853
-4578.99,9.83661,25.2167
-4573.57,33.9385,30.2272
-4568.14,0.13714,32.5351
-4562.72,-16.581,26.7878
-4557.29,-19.9323,33.1327
-4551.87,-39.5715,6.37458
-4546.44,-18.738,-21.272
-4541.02,-12.3649,7.47952
-4535.59,-25.8112,21.3638
-4530.16,-47.331,-6.60575
-4524.74,-72.5413,-25.5183
-4519.31,-28.6657,-37.6128
-4513.89,11.3505,-47.2748
-4508.46,2.02314,-27.5905
-4503.04,22.7832,-1.4047
-4497.61,50.7169,23.4613
-4492.19,59.0002,48.6672
-4486.76,34.2562,56.1655
-4481.34,-9.65891,32.1871
-4475.91,4.58684,-0.754313
-4470.49,70.996,15.13
-4465.06,105.47,43.8166
-4459.63,73.224,52.4984
-4454.21,34.5929,52.3568
-4448.78,-0.97052,14.6341
-4443.36,-26.4863,-18.5389
-4437.93,-31.7071,-22.9507
-4432.51,-44.6929,-36.5777
-4427.08,-6.93758,-23.2077
-4421.66,42.385,-16.3226
-4416.23,30.6074,-43.7494
-4410.81,17.0098,-29.3981
-4405.38,19.2037,11.4182
-4399.96,-7.9925,18.978
-4394.53,-47.7671,-7.34051
-4389.11,-41.4674,-17.4023
-4383.68,-28.9467,-16.7006
-4378.25,-22.0544,-24.0205
-4372.83,12.3903,2.90039
-4367.4,23.1139,35.8262
-4361.98,-21.3169,28.3754
-4356.55,-41.7604,8.59379
-4351.13,-1.53557,-15.4248
-4345.7,15.288,-31.3968
-4340.28,-18.7786,-7.74375
-4334.85,-58.248,-0.840872
-4329.43,-43.5435,-28.9943
-4324,26.7817,-46.7082
-4318.58,44.3437,-11.983
-4313.15,5.82347,85.7563
-4307.73,-6.40511,99.3231
-4302.3,-11.4819,24.2201
-4296.87,-8.80891,11.9265
-4291.45,-0.747124,7.66575
-4286.02,-0.00538349,-22.712
-4280.6,-3.1018,-4.51449
-4275.17,-14.6961,8.64355
-4269.75,-25.4164,-16.0025
-4264.32,-41.3453,2.04274
-4258.9,-41.7078,35.936
-4253.47,-39.0332,6.53741
-4248.05,-57.7354,-41.128
-4242.62,-46.9556,-45.091
-4237.2,-9.30188,-38.4241
-4231.77,-29.7113,-39.5965
-4226.35,-48.5074,0.586391
-4220.92,8.56065,32.1562
-4215.49,29.1735,7.80826
-4210.07,28.8392,6.99253
-4204.64,36.2178,42.0443
-4199.22,-10.4099,85.1848
-4193.79,-31.6175,64.6817
-4188.37,-33.6874,-13.6161
-4182.94,-16.8148,-26.8098
-4177.52,10.7446,0.986611
-4172.09,-1.8035,-1.20903
-4166.67,-12.1014,20.7733
-4161.24,-47.7884,48.3297
-4155.82,-48.1729,5.46207
-4150.39,-3.13891,-2.39549
-4144.96,28.9409,31.2132
-4139.54,46.2837,33.9664
-4134.11,10.6577,22.0386
-4128.69,-9.56861,3.07465
-4123.26,6.91233,-6.92808
-4117.84,9.76526,-16.6292
-4112.41,-13.4935,10.4467
-4106.99,-65.1388,45.106
-4101.56,-60.2204,2.58281
-4096.14,-10.4532,-54.179
-4090.71,6.44133,-65.8527
-4085.29,31.6047,-52.9346
-4079.86,38.043,-41.233
-4074.44,-3.7485,-35.6198
-4069.01,-5.0547,-26.5424
-4063.58,31.3104,-54.3632
-4058.16,44.9998,-74.0997
-4052.73,64.1143,-25.7557
-4047.31,54.8533,4.97647
-4041.88,16.4788,55.2434
-4036.46,32.6596,133.797
-4031.03,43.8386,82.8894
-4025.61,-13.2192,3.67078
-4020.18,-39.8513,17.6439
-4014.76,7.00728,7.61803
-4009.33,35.8424,-34.3163
-4003.91,11.6096,-41.0367
-3998.48,-23.8364,-16.0355
-3993.06,-43.9668,0.843925
-3987.63,-35.4543,-10.6871
-3982.2,-5.74338,-17.6574
-3976.78,-0.138182,-23.0576
-3971.35,-13.5781,-18.5159
-3965.93,-4.03399,-1.79842
-3960.5,21.6217,14.7835
-3955.08,40.7402,74.9742
-3949.65,42.582,107.963
-3944.23,30.3279,7.77449
-3938.8,10.4991,-97.3958
-3933.38,-29.0719,-83.9615
-3927.95,-57.9751,-43.6331
-3922.53,-40.8806,-13.7044
-3917.1,3.3628,1.73751
-3911.68,21.9562,12.7105
-3906.25,-6.55888,24.3739
-3900.82,-30.2551,-0.549405
-3895.4,-4.14076,13.3317
-3889.97,27.1084,21.7719
-3884.55,-11.2225,-25.5734
-3879.12,-58.1583,-67.76
-3873.7,-45.0305,-72.3018
-3868.27,-29.482,-19.173
-3862.85,-40.6409,52.9651
-3857.42,-35.26,82.1988
-3852,-7.48175,42.0284
-3846.57,33.2981,-16.9825
-3841.15,49.5051,-30.2913
-3835.72,24.2514,-5.83828
-3830.29,-1.89793,19.4959
-3824.87,-26.072,58.8076
-3819.44,-35.1119,77.7386
-3814.02,-30.2903,32.2306
-3808.59,-25.9449,-23.8808
-3803.17,-30.1507,-52.4945
-3797.74,-10.0825,-43.3563
-3792.32,4.97211,5.31482
-3786.89,-47.9483,9.45422
-3781.47,-68.2075,-30.0946
-3776.04,-30.6321,-13.3081
-3770.62,-4.89558,38.8751
-3765.19,13.8445,55.4198
-3759.77,16.6913,46.4368
-3754.34,2.06619,24.2133
-3748.91,-19.2938,1.64957
-3743.49,-52.0838,31.4261
-3738.06,-46.1203,63.6177
-3732.64,-4.70921,26.7417
-3727.21,6.8939,-35.1371
-3721.79,-27.0031,-34.5858
-3716.36,-85.8347,-18.0305
-3710.94,-79.0095,-22.3162
-3705.51,-21.4295,4.58357
-3700.09,1.73756,5.61639
-3694.66,13.8931,-0.341417
-3689.24,18.0847,52.7034
-3683.81,6.8994,57.1882
-3678.39,-5.1383,16.9891
-3672.96,-37.7799,44.1862
-3667.53,-69.8984,53.5656
-3662.11,-53.936,-5.48804
-3656.68,-33.4773,-38.5094
-3651.26,-15.8529,-9.52156
-3645.83,40.395,5.17561
-3640.41,100.01,-25.8478
-3634.98,96.1578,-19.923
-3629.56,45.1374,19.9949
-3624.13,28.8171,26.1568
-3618.71,17.9201,10.3993
-3613.28,-27.5496,20.9501
-3607.86,-52.0596,20.295
-3602.43,-48.9371,-28.2539
-3597,-16.3364,-56.6139
-3591.58,13.2612,-44.1464
-3586.15,-43.178,-8.36902
-3580.73,-82.6671,20.231
-3575.3,-52.7998,4.85957
-3569.88,-50.8449,-23.2729
-3564.45,-26.1546,-52.3004
-3559.03,35.4409,-74.4611
-3553.6,48.5967,-19.5609
-3548.18,41.9823,36.4094
-3542.75,43.7507,-1.83512
-3537.33,29.7673,1.83479
-3531.9,4.66559,31.2177
-3526.48,7.48532,-22.4358
-3521.05,31.8448,-40.9285
-3515.62,12.5068,-19.5817
-3510.2,-15.0065,-54.721
-3504.77,-14.882,-41.313
-3499.35,1.69441,-0.277164
-3493.92,36.5962,-38.0803
-3488.5,51.3619,-33.6712
-3483.07,20.9926,-2.49096
-3477.65,-2.05457,-32.6571
-3472.22,-1.66131,-61.4933
-3466.8,-21.9155,-21.4226
-3461.37,-29.7904,99.8744
-3455.95,18.825,122.573
-3450.52,62.8772,29.4087
-3445.1,49.9236,11.2156
-3439.67,1.34086,49.0852
-3434.24,-29.2208,51.3478
-3428.82,-25.3446,-6.64269
-3423.39,-28.8205,-60.8676
-3417.97,-44.3894,-41.0511
-3412.54,-86.6668,-4.78207
-3407.12,-114.954,-8.43475
-3401.69,-97.9671,1.80222
-3396.27,-70.028,34.8319
-3390.84,-2.65068,35.4355
-3385.42,50.1164,-23.1149
-3379.99,8.25454,-59.2143
-3374.57,-26.5159,-7.84546
-3369.14,-1.40909,7.95536
-3363.71,-12.6687,13.8558
-3358.29,-53.7191,46.4844
-3352.86,-61.6439,4.92914
-3347.44,-39.6807,-36.4131
-3342.01,-2.90204,-26.6841
-3336.59,1.97571,-4.83215
-3331.16,-48.5105,15.4463
-3325.74,-73.8258,20.1025
-3320.31,-52.9093,0.874615
-3314.89,-40.1223,-5.34162
-3309.46,-22.4405,14.5867
-3304.04,-15.6694,-12.7595
-3298.61,-41.7737,-58.0026
-3293.19,-27.6521,-30.5312
-3287.76,11.372,30.6632
-3282.33,-7.36833,17.4062
-3276.91,-48.6192,-16.029
-3271.48,-49.6037,63.1958
-3266.06,-12.1402,120.464
-3260.63,13.197,68.9651
-3255.21,-5.688,9.76353
-3249.78,-45.4782,-22.4608
-3244.36,-34.2552,-1.02501
-3238.93,35.8582,-8.49467
-3233.51,43.8068,-47.9886
-3228.08,-20.1499,-20.5719
-3222.66,-33.0909,15.195
-3217.23,25.997,46.3484
-3211.81,21.8001,60.2485
-3206.38,-57.908,32.3161
-3200.95,-73.2511,52.5593
-3195.53,-36.4556,73.978
-3190.1,-34.0914,19.78
-3184.68,-38.7156,-21.6248
-3179.25,-44.5008,-19.9886
-3173.83,-57.2426,27.7655
-3168.4,-53.3044,86.4579
-3162.98,-53.5029,15.2727
-3157.55,-15.3144,-88.3158
-3152.13,-5.08372,-47.7009
-3146.7,-35.1162,-1.44018
-3141.28,19.3304,-5.97252
-3135.85,89.7209,26.9897
-3130.43,70.9809,1.23144
-3125,31.3953,-35.1909
-3119.57,23.5652,-7.13146
-3114.15,-15.9588,23.52
-3108.72,-40.8717,51.6305
-3103.3,-18.4627,59.8104
-3097.87,18.6838,-0.402471
-3092.45,59.8626,-74.2168
-3087.02,32.5467,-24.7071
-3081.6,-57.8384,-2.06681
-3076.17,-94.2545,-40.3731
-3070.75,-27.7392,-25.9842
-3065.32,43.2972,-24.7715
-3059.9,53.7102,44.1127
-3054.47,74.7898,99.9702
-3049.04,92.7958,-1.21193
-3043.62,44.3024,-64.8282
-3038.19,-15.8687,19.095
-3032.77,-47.1163,77.2071
-3027.34,-35.9227,-12.1333
-3021.92,-3.77755,-61.0829
-3016.49,-36.9477,-13.845
-3011.07,-45.6631,-26.2527
-3005.64,44.9098,0.112921
-3000.22,77.8273,49.7778
-2994.79,26.7456,26.9099
-2989.37,-24.6776,2.53101
-2983.94,-57.7807,-8.32549
-2978.52,-53.4569,-28.8399
-2973.09,-20.46,-57.5446
-2967.66,22.2762,-56.3176
-2962.24,28.7083,62.3115
-2956.81,37.1114,204.851
-2951.39,42.8661,162.058
-2945.96,-31.1423,69.6378
-2940.54,-81.7035,51.032
-2935.11,-65.1932,35.8059
-2929.69,-31.959,1.19636
-2924.26,-23.3401,-43.4604
-2918.84,-53.8063,-55.8795
-2913.41,-22.9442,-24.1984
-2907.99,46.0589,3.59225
-2902.56,-15.2476,-11.0348
-2897.14,-113.183,-0.623299
-2891.71,-80.0023,21.1141
-2886.28,-26.2336,-35.2977
-2880.86,-8.72157,-87.9434
-2875.43,-17.5415,-58.3007
-2870.01,-47.3652,-56.7724
-2864.58,-36.2667,-72.697
-2859.16,-55.7843,63.6424
-2853.73,-62.9324,133.568
-2848.31,-25.8497,0.854588
-2842.88,-44.5016,-41.1871
-2837.46,-26.7036,18.0571
-2832.03,35.4701,39.7053
-2826.61,33.8409,56.0169
-2821.18,2.8433,72.2619
-2815.75,17.7173,53.4718
-2810.33,31.7679,21.8365
-2804.9,-5.83854,-25.5762
-2799.48,-24.8473,-60.834
-2794.05,13.3529,-43.8885
-2788.63,44.5744,-40.3251
-2783.2,33.2217,-63.8476
-2777.78,48.9262,-45.2666
-2772.35,82.3546,4.98484
-2766.93,77.7676,4.55512
-2761.5,17.8124,-85.7045
-2756.08,-95.5863,-171.136
-2750.65,-137.252,-137.953
-2745.23,-81.7833,-85.7142
-2739.8,-52.4024,-75.5545
-2734.37,-41.3424,-17.2126
-2728.95,-11.7097,18.9033
-2723.52,-2.16982,-20.6455
-2718.1,-5.1895,12.6989
-2712.67,5.09374,68.0793
-2707.25,17.701,4.6784
-2701.82,29.9219,-84.1317
-2696.4,44.6551,-153.174
-2690.97,22.5966,-164.979
-2685.55,-14.7585,-102.828
-2680.12,-12.2497,-64.2011
-2674.7,-41.3214,-93.0037
-2669.27,-63.3911,-50.5461
-2663.85,-43.6276,-60.3587
-2658.42,-96.3056,-369.861
-2652.99,-154.575,-437.935
-2647.57,-119.066,-158.044
-2642.14,-30.7906,-38.0551
-2636.72,-19.8592,-24.641
-2631.29,-56.5736,16.4208
-2625.87,-49.5045,58.2059
-2620.44,-56.6851,94.1761
-2615.02,-59.5964,47.669
-2609.59,-89.7165,-107.941
-2604.17,-84.9283,-151.631
-2598.74,23.9669,-20.7107
-2593.32,56.2484,80.2833
-2587.89,11.5785,41.3579
-2582.47,10.3232,-5.83023
-2577.04,46.9985,32.0813
-2571.61,99.6334,82.7722
-2566.19,75.3545,76.4149
-2560.76,-55.968,-42.7668
-2555.34,-31.9969,-150.466
-2549.91,132.654,-129.535
-2544.49,124.277,-54.7339
-2539.06,78.6858,-19.8906
-2533.64,104.967,-38.6186
-2528.21,115.844,-49.3224
-2522.79,114.731,-27.5121
-2517.36,72.3698,6.67334
-2511.94,15.5816,16.9984
-2506.51,-14.2502,-57.5319
-2501.08,-40.2024,-72.8914
-2495.66,-52.9764,37.3666
-2490.23,6.60986,85.3129
-2484.81,64.6164,11.2871
-2479.38,67.4101,-50.3217
-2473.96,41.1822,-25.5107
-2468.53,-31.5063,-65.2243
-2463.11,-11.7681,-108.597
-2457.68,217.952,-4.44906
-2452.26,272.599,105.947
-2446.83,75.2096,59.7852
-2441.41,5.75888,-56.1945
-2435.98,41.5023,-32.2852
-2430.56,44.4164,56.9315
-2425.13,35.3322,92.6039
-2419.7,60.2223,105.11
-2414.28,96.2063,16.7772
-2408.85,92.6264,-94.3331
-2403.43,49.7798,-68.0453
-2398,12.9629,3.48038
-2392.58,-3.09692,-20.2212
-2387.15,61.5764,-100.449
-2381.73,141.683,-102.524
-2376.3,102.872,-26.3387
-2370.88,-25.1011,46.0956
-2365.45,-48.1071,21.2215
-2360.03,92.3193,156.183
-2354.6,201.069,421.024
-2349.18,197.768,288.484
-2343.75,87.0577,25.0329
-2338.32,30.9902,-50.8013
-2332.9,7.98705,1.07341
-2327.47,-34.8689,57.7317
-2322.05,56.401,-36.3285
-2316.62,101.757,17.6193
-2311.2,-27.6518,165.124
-2305.77,-50.8081,131.124
-2300.35,52.7773,90.3663
-2294.92,60.296,76.9584
-2289.5,-14.5766,165.407
-2284.07,-61.3704,223.475
-2278.65,20.08,33.0707
-2273.22,16.2312,-38.132
-2267.79,-78.4869,105.373
-2262.37,-172.01,7.80635
-2256.94,-370.569,-378.691
-2251.52,-234.04,-380.848
-2246.09,29.6052,-18.6406
-2240.67,27.9836,63.8688
-2235.24,55.9441,-3.39281
-2229.82,155.088,161.066
-2224.39,241.805,290.376
-2218.97,190.328,134.847
-2213.54,61.0152,54.4889
-2208.12,-41.1407,99.9667
-2202.69,-36.0942,37.9453
-2197.27,-14.0905,41.6132
-2191.84,12.4074,127.889
-2186.41,117.899,111.892
-2180.99,-5.44494,10.6407
-2175.56,-188.013,4.6932
-2170.14,-94.5387,75.0504
-2164.71,116.558,-22.6038
-2159.29,463.029,-46.7602
-2153.86,612.9,14.8274
-2148.44,303.469,-281.299
-2143.01,261.143,-362.315
-2137.59,352.415,31.8632
-2132.16,91.4636,138.55
-2126.74,-149.835,154.992
-2121.31,-126.645,454.494
-2115.89,69.2674,391.315
-2110.46,224.065,28.9503
-2105.03,98.3498,-105.663
-2099.61,-67.06,-165.139
-2094.18,76.0081,-77.669
-2088.76,280.467,178.308
-2083.33,296.538,16.8317
-2077.91,261.191,-256.3
-2072.48,242.408,28.6701
-2067.06,131.175,242.294
-2061.63,136.106,360.625
-2056.21,349.862,1159.14
-2050.78,106.848,702.583
-2045.36,-361.561,-491.398
-2039.93,-126.295,-476.306
-2034.51,580.944,173.401
-2029.08,589.333,-226.65
-2023.65,83.4922,975.072
-2018.23,-932.417,-9459.25
-2012.8,-3868.93,-33122.1
-2007.38,-4185.24,-26534.5
-2001.95,-949.323,-3265.94
-1996.53,494.651,465.958
-1991.1,361.848,-391.247
-1985.68,64.9226,422.387
-1980.25,-124.627,593.677
-1974.83,-279.486,299.754
-1969.4,-208.027,-413.78
-1963.98,-223.931,-425.637
-1958.55,-1391.09,72.176
-1953.12,-1813.43,583.259
-1947.7,-576.636,650.038
-1942.27,-84.6791,503.421
-1936.85,-263.555,417.847
-1931.42,-142.564,330.666
-1926,-53.8645,61.9218
-1920.57,34.501,-42.7799
-1915.15,363.998,13.1937
-1909.72,631.17,88.1171
-1904.3,254.883,47.4818
-1898.87,11.5705,-135.138
-1893.45,128.001,-237.948
-1888.02,-34.4749,-281.35
-1882.6,-160.831,-196.306
-1877.17,-88.508,-48.0186
-1871.74,16.3833,-46.538
-1866.32,193.908,-14.1607
-1860.89,494.193,-75.1827
-1855.47,760.68,-330.211
-1850.04,452.429,-274.956
-1844.62,-66.825,-89.3398
-1839.19,-127.83,-86.6765
-1833.77,-136.945,-107.908
-1828.34,-236.923,-95.6887
-1822.92,-159.664,3.37154
-1817.49,22.4036,13.3258
-1812.07,91.8328,33.3667
-1806.64,-42.2243,43.3542
-1801.22,-60.3629,-108.554
-1795.79,109.761,-130.778
-1790.36,151.975,37.4509
-1784.94,58.4194,96.453
-1779.51,88.7011,50.5593
-1774.09,136.762,42.4779
-1768.66,-3.94031,78.2336
-1763.24,15.2695,71.9423
-1757.81,363.361,85.9578
-1752.39,441.158,112.974
-1746.96,200.453,9.28117
-1741.54,187.56,-53.9691
-1736.11,215.886,-26.4438
-1730.69,135.775,14.7427
-1725.26,43.3674,35.5413
-1719.83,-54.8045,10.8508
-1714.41,-30.1411,0.696092
-1708.98,83.3499,25.2618
-1703.56,75.8363,22.2073
-1698.13,-24.536,41.4581
-1692.71,-15.6739,85.0055
-1687.28,-51.1423,76.6201
-1681.86,-185.168,120.617
-1676.43,-129.083,98.0421
-1671.01,-8.54091,15.9065
-1665.58,-39.2144,-48.8405
-1660.16,26.6894,-137.847
-1654.73,211.418,-54.8263
-1649.31,138.132,78.2385
-1643.88,-66.1592,102.151
-1638.45,-63.1198,112.197
-1633.03,-11.2282,82.0667
-1627.6,-42.178,41.3999
-1622.18,-43.4839,51.6124
-1616.75,-32.4131,47.4079
-1611.33,-88.2037,74.9543
-1605.9,-109.648,182.957
-1600.48,6.71656,203.849
-1595.05,117.051,100.124
-1589.63,65.4984,-16.9763
-1584.2,-19.2488,-86.2033
-1578.78,-37.6512,-163.018
-1573.35,-42.3781,-180.694
-1567.93,-64.3835,-118.957
-1562.5,-99.409,-99.4782
-1557.07,-204.13,-204.839
-1551.65,-232.474,-270.201
-1546.22,-92.9763,-105.214
-1540.8,24.9032,12.9982
-1535.37,100.192,34.6886
-1529.95,87.2976,48.1697
-1524.52,39.7278,-27.2332
-1519.1,85.3495,-100.073
-1513.67,104.931,-59.4092
-1508.25,88.4304,-13.4171
-1502.82,62.9989,-55.3076
-1497.4,-32.1145,-49.3306
-1491.97,-97.247,-45.9512
-1486.55,-59.1245,-110.653
-1481.12,-43.9199,-55.9883
-1475.69,-49.2929,91.5404
-1470.27,4.31074,111.183
-1464.84,-19.7755,24.3198
-1459.42,0.802671,-54.2403
-1453.99,163.44,-30.5748
-1448.57,138.954,153.939
-1443.14,-19.5013,198.191
-1437.72,-10.4492,58.5158
-1432.29,52.3513,0.616486
-1426.87,27.9937,2.87134
-1421.44,-24.8598,37.6064
-1416.02,-51.5287,85.4686
-1410.59,-15.1049,82.5952
-1405.16,-1.29512,-21.4462
-1399.74,-55.7248,-65.249
-1394.31,-80.28,49.1282
-1388.89,-30.1118,74.2865
-1383.46,59.0499,13.623
-1378.04,79.0605,6.14918
-1372.61,65.7551,-20.3078
-1367.19,73.2965,-33.2666
-1361.76,89.368,14.1745
-1356.34,188.808,-9.6845
-1350.91,163.429,-55.3811
-1345.49,32.2494,-6.66286
-1340.06,12.1579,60.845
-1334.64,-35.3699,82.7739
-1329.21,-86.3323,57.5572
-1323.78,-42.4976,9.89286
-1318.36,21.8356,-51.0927
-1312.93,11.3805,-129.596
-1307.51,-75.035,-170.652
-1302.08,-102.375,-91.651
-1296.66,-50.7535,68.8691
-1291.23,-23.4945,144.509
-1285.81,6.74543,58.8953
-1280.38,16.1565,-24.9351
-1274.96,-1.67763,-36.0509
-1269.53,-19.2711,-22.0444
-1264.11,-60.7415,-10.3396
-1258.68,55.5733,135.339
-1253.26,201.572,345.312
-1247.83,108.877,205.923
-1242.4,-23.1599,-0.177739
-1236.98,-37.1817,14.5565
-1231.55,18.4053,20.9769
-1226.13,35.733,-41.4216
-1220.7,-2.97234,-78.3435
-1215.28,-13.6083,-17.5289
-1209.85,-22.6647,4.46073
-1204.43,-18.4668,-29.2713
-1199,51.1211,-29.5908
-1193.58,70.5894,-43.3742
-1188.15,-5.63279,-4.11908
-1182.73,-13.6315,34.9125
-1177.3,29.6267,-3.58364
-1171.87,13.235,36.5098
-1166.45,8.9122,121.115
-1161.02,11.9818,155.41
-1155.6,-55.0554,171.255
-1150.17,-117.287,102.749
-1144.75,-76.7888,-3.29308
-1139.32,26.2549,-6.04992
-1133.9,42.3415,11.1866
-1128.47,-71.0192,-49.7492
-1123.05,-136.91,-82.4029
-1117.62,-80.9249,-34.5791
-1112.2,-42.1731,18.3808
-1106.77,-22.6568,37.9308
-1101.35,25.9542,5.34028
-1095.92,23.7835,-14.5521
-1090.49,-17.1195,48.5985
-1085.07,25.0519,47.9261
-1079.64,80.6778,4.3544
-1074.22,78.7133,57.4733
-1068.79,79.2454,39.7341
-1063.37,20.1135,-79.4037
-1057.94,-507.52,164.61
-1052.52,-976.874,545.703
-1047.09,-496.748,365.93
-1041.67,14.7148,53.3226
-1036.24,25.7541,-19.6726
-1030.82,-12.0008,23.0591
-1025.39,-7.75067,60.9575
-1019.97,-8.79959,-22.7796
-1014.54,3.53582,-75.524
-1009.11,133.327,-16.1902
-1003.69,215.74,98.2977
-998.264,170.003,82.1686
-992.838,87.0175,-35.8767
-987.413,25.4504,-46.0309
-981.988,-1.26743,0.474726
-976.562,-12.5519,34.8231
-971.137,-0.300613,67.8647
-965.712,67.6309,41.6603
-960.286,-19.1965,-5.04231
-954.861,-379.269,26.9613
-949.436,-380.198,72.5403
-944.01,-80.8414,56.6658
-938.585,-17.2718,-2.41253
-933.16,-17.7491,-59.8124
-927.734,-34.6258,-77.438
-922.309,-56.8156,-78.4472
-916.884,-8.81711,-72.3733
-911.458,-38.275,-29.4478
-906.033,-141.588,18.2489
-900.608,-105.123,2.06395
-895.182,-20.693,-44.3967
-889.757,-16.5206,-59.5338
-884.331,-45.7799,-61.485
-878.906,-58.2023,-57.2369
-873.481,33.0444,-5.23147
-868.055,100.976,32.5676
-862.63,47.3705,-7.25569
-857.205,-458.977,186.821
-851.779,-915.803,370.949
-846.354,-471.487,104.677
-840.929,-34.9836,-44.4975
-835.503,-30.5292,67.1444
-830.078,-27.3928,75.4548
-824.653,-33.6246,9.03296
-819.227,-15.6932,-72.9133
-813.802,32.7592,-101.326
-808.377,49.2863,-45.9963
-802.951,-0.102802,11.9602
-797.526,-65.499,14.1442
-792.101,-63.3643,-21.5633
-786.675,-2.54811,-67.9999
-781.25,4.50189,-117.864
-775.825,-41.1087,-67.4043
-770.399,-17.9788,8.24593
-764.974,-24.6563,58.6416
-759.549,89.0294,26.6409
-754.123,512.62,-267.24
-748.698,508.081,-299.231
-743.273,132.075,-43.6455
-737.847,45.1513,-15.6771
-732.422,14.5317,-58.2677
-726.996,-34.7708,-49.2639
-721.571,-9.47716,-28.9326
-716.146,7.70253,-22.9597
-710.72,-7.00836,-25.0947
-705.295,-5.27853,-16.9101
-699.87,29.9277,22.098
-694.444,7.01641,60.3264
-689.019,-46.9366,58.9047
-683.594,-14.0151,29.4549
-678.168,26.5046,12.623
-672.743,30.2657,31.0175
-667.318,35.5602,27.6691
-661.892,41.965,33.6258
-656.467,443.061,4.34801
-651.042,778.699,-70.2289
-645.616,320.088,-59.6884
-640.191,-41.7377,-3.31119
-634.766,9.35506,35.532
-629.34,-6.14319,65.7042
-623.915,-25.5353,45.0332
-618.49,-17.9529,9.68206
-613.064,-17.4891,15.7419
-607.639,10.3345,14.3128
-602.214,41.5514,-5.40305
-596.788,25.0379,-19.6576
-591.363,1.25247,-13.7391
-585.937,-24.9432,7.94754
-580.512,-17.1465,-27.5769
-575.087,6.85594,-60.9599
-569.661,46.3509,-62.1428
-564.236,-12.6713,-23.2959
-558.811,206.65,-123.983
-553.385,963.598,-468.521
-547.96,875.19,-417.91
-542.535,102.696,-53.3972
-537.109,-56.1792,39.9663
-531.684,44.182,2.95142
-526.259,51.9942,10.7318
-520.833,37.4173,22.55
-515.408,27.1211,16.061
-509.983,2.06699,17.7348
-504.557,-36.9179,-13.2581
-499.132,-36.2228,-20.1755
-493.707,-5.08542,21.9283
-488.281,-15.6774,8.61911
-482.856,-44.0968,-3.28592
-477.431,-50.4704,16.356
-472.005,-68.0446,9.65085
-466.58,-66.1818,-34.3953
-461.154,-6.77377,8.47055
-455.729,336.491,1091.31
-450.304,565.052,1887.11
-444.878,230.337,786.945
-439.453,-13.26,-16.0068
-434.028,-12.3272,52.6084
-428.602,-24.0789,43.6598
-423.177,-16.7072,38.4271
-417.752,-15.1281,30.0436
-412.326,9.61075,44.5019
-406.901,-9.13894,36.2954
-401.476,-54.5215,2.93154
-396.05,-18.1519,14.7923
-390.625,1.03457,54.7079
-385.2,-43.314,48.8755
-379.774,-65.6656,32.6675
-374.349,-71.5365,23.5698
-368.924,-91.4685,9.58776
-363.498,-30.5716,86.7894
-358.073,-245.206,-100.478
-352.648,-789.87,-619.991
-347.222,-597.074,-538.76
-341.797,-42.9835,-79.0919
-336.371,19.2933,31.8523
-330.946,14.9393,4.11859
-325.521,19.21,5.89435
-320.095,-4.51999,22.4175
-314.67,20.8166,20.7986
-309.245,14.5487,33.451
-303.819,-21.652,12.3202
-298.394,-9.92208,-31.5471
-292.969,7.96375,-10.4791
-287.543,-18.2106,3.45843
-282.118,-37.4847,1.55353
-276.693,-12.9215,-13.7513
-271.267,7.93031,-23.8702
-265.842,2.01958,-47.1235
-260.417,-74.7067,55.7473
-254.991,-779.561,1200.38
-249.566,-1213.04,1856.72
-244.141,-486.179,680.798
-238.715,8.40117,-35.8294
-233.29,-6.89011,43.4839
-227.865,14.744,6.32462
-222.439,10.1768,-34.8892
-217.014,-10.3299,-31.4807
-211.589,11.952,-4.16958
-206.163,72.0851,-24.8968
-200.738,49.7601,-56.2796
-195.312,-29.9275,-59.0214
-189.887,-47.713,-66.3805
-184.462,-1.90173,-88.3234
-179.036,46.2856,-32.5248
-173.611,27.7292,38.8067
-168.186,-3.32556,30.306
-162.76,-49.1508,55.759
-157.335,251.877,-326.903
-151.91,873.846,-1050.87
-146.484,662.961,-770.678
-141.059,75.8037,-63.8329
-135.634,-6.10959,17.5222
-130.208,-10.6797,-8.70678
-124.783,-34.2148,-7.23069
-119.358,-42.0291,-38.7022
-113.932,-32.8244,-0.61668
-108.507,-42.6654,25.8108
-103.082,-183.676,-10.5401
-97.6562,-188.649,-16.1731
-92.2309,-25.0167,19.2715
-86.8055,21.0559,40.0625
-81.3802,30.0294,29.615
-75.9549,16.9699,-11.6751
-70.5295,4.27114,-24.6235
-65.1042,-9.50208,-16.0629
-59.6788,51.5381,18.9603
-54.2535,747.944,219.615
-48.8281,1079.26,312.535
-43.4028,348.721,126.761
-37.9774,-50.7084,4.62975
-32.5521,9.5617,1.28832
-27.1267,7.29148,-7.16538
-21.7014,-1.44792,-20.9382
-16.276,-13.7795,-1.96211
-10.8507,3.73861,26.7842
-5.42535,199.432,-161.845
0,348.14,-386.649
5.42535,140.112,-215.257
10.8507,-27.0283,-0.918516
16.276,3.39176,13.499
21.7014,20.9749,-0.748715
27.1267,6.36399,-8.00056
32.5521,-2.28066,-9.37462
37.9774,0.696125,50.9146
43.4028,-162.518,-333.56
48.8281,-423.636,-1040.68
54.2535,-296.593,-720.89
59.6788,-24.2436,-49.2739
65.1042,16.9684,7.77102
70.5295,24.0425,-6.82169
75.9549,9.83743,-18.098
81.3802,-32.5916,-26.7692
86.8055,-42.0439,-16.7529
92.2309,-16.551,26.8941
97.6562,35.8036,185.924
103.082,29.6817,181.568
108.507,-21.2097,45.1297
113.932,4.04434,32.5801
119.358,42.8835,37.7534
124.783,10.7675,33.2716
130.208,9.77536,9.7111
135.634,-16.7876,7.90768
141.059,55.5596,-82.0608
146.484,697.158,-739.887
151.91,953.768,-978.904
157.335,298.784,-284.668
162.76,-50.3158,54.7098
168.186,-29.7924,6.47517
173.611,-41.4926,-23.5209
179.036,27.5084,-49.4319
184.462,88.0383,-7.34113
189.887,71.0042,40.5129
195.312,61.8264,23.5941
200.738,50.77,-55.3705
206.163,17.2254,-74.2926
211.589,2.89751,-12.3224
217.014,32.388,6.98264
222.439,33.6343,-13.7679
227.865,-7.83116,-14.0022
233.29,-42.5255,11.3976
238.715,34.755,-12.1003
244.141,-626.249,554.678
249.566,-1719.76,1400.48
254.991,-1112.31,900.763
260.417,-47.6329,80.1246
265.842,46.6542,-6.93432
271.267,22.9105,-10.3822
276.693,15.0264,11.413
282.118,2.37323,37.4418
287.543,-1.53596,18.4723
292.969,9.58933,-9.0155
298.394,32.4114,6.57024
303.819,-9.98943,22.8213
309.245,-34.7886,-10.9725
314.67,-22.8606,-18.5285
320.095,-21.8223,6.83849
325.521,-7.87,-18.4888
330.946,-5.65771,-14.4267
336.371,-33.6946,-15.8581
341.797,83.1516,34.4807
347.222,598.219,537.487
352.648,699.158,720.736
358.073,125.559,233.36
363.498,-83.1184,39.4762
368.924,0.0258446,91.9696
374.349,-15.9631,73.6083
379.774,-25.6246,68.7206
385.2,-44.0802,48.1857
390.625,-54.5164,4.68962
396.05,-12.8139,19.5987
401.476,2.78351,54.5292
406.901,-35.1412,12.8828
412.326,-45.2627,-4.90646
417.752,-28.2981,18.1856
423.177,-36.4706,20.632
428.602,-40.9037,28.5108
434.028,-51.0317,17.7588
439.453,17.3051,11.5143
444.878,-806.71,-146.817
450.304,-1935.83,-364.7
455.729,-1120.51,-220.574
461.154,-7.71606,7.62205
466.58,41.1248,62.224
472.005,-2.48542,68.6806
477.431,-10.9908,51.9036
482.856,7.8773,43.5118
488.281,-6.93312,16.4925
493.707,-21.2767,7.34966
499.132,23.8514,33.9154
504.557,17.0443,35.3299
509.983,-17.8539,-0.201813
515.408,-18.8079,-25.2937
520.833,-26.3377,-34.8552
526.259,-16.1079,-50.5877
531.684,-7.55376,-43.6316
537.109,-33.8752,60.0491
542.535,42.3701,-107.715
547.96,324.138,-914.079
553.385,365.232,-1007.29
558.811,101.703,-218.478
564.236,24.4929,10.1667
569.661,56.9574,-52.5926
575.087,59.9093,-13.1904
580.512,29.218,14.17
585.937,-5.29673,25.6373
591.363,13.5328,-2.68166
596.788,16.9327,-26.9554
602.214,1.03013,-41.8885
607.639,-15.3146,-8.7818
613.064,-13.8276,19.0389
618.49,-7.75336,18.8662
623.915,-42.1177,30.1019
629.34,-64.7023,12.9774
634.766,-36.3151,-5.58973
640.191,7.65589,41.1629
645.616,25.9032,-324.574
651.042,-11.5521,-781.774
656.467,-50.6365,-440.179
661.892,-37.8281,-38.2202
667.318,-31.2345,-32.4732
672.743,-34.0112,-26.8577
678.168,-15.324,-25.04
683.594,-27.8286,17.0173
689.019,-53.6759,52.8367
694.444,-60.7293,-0.672138
699.87,-25.1052,-27.4539
705.295,17.3692,3.48191
710.72,25.6898,4.34686
716.146,22.0288,-10.0603
721.571,29.7648,6.40086
726.996,52.6286,29.4308
732.422,56.4295,-20.5428
737.847,10.8716,-46.5427
743.273,29.6008,-135.914
748.698,244.483,-536.575
754.123,212.193,-537.746
759.549,-35.8011,-85.757
764.974,-55.7437,30.6509
770.399,-6.3224,18.7423
775.825,71.332,33.8377
781.25,116.748,-16.7974
786.675,67.8937,-4.57379
792.101,28.0684,60.7631
797.526,-7.22033,66.6184
802.951,-11.8841,1.35243
808.377,40.5925,-53.8243
813.802,97.3464,-43.1712
819.227,74.1542,7.98577
824.653,-5.46865,34.3846
830.078,-72.178,35.1299
835.503,-63.5854,37.3804
840.929,47.9106,30.1406
846.354,-54.82,479.846
851.779,-273.19,949.561
857.205,-137.821,475.991
862.63,2.26441,-47.8694
868.055,-42.9441,-97.0188
873.481,1.74874,-33.4103
878.906,63.0071,51.9005
884.331,65.9333,39.1021
889.757,60.9345,10.2071
895.182,46.3165,15.939
900.608,8.93572,104.763
906.033,-3.34905,142.719
911.458,33.2873,34.9872
916.884,72.8985,1.20375
922.309,83.9563,48.3044
927.734,80.6332,26.3416
933.16,61.3401,11.3997
938.585,4.20477,16.9252
944.01,-47.9055,86.3219
949.436,-32.4016,385.698
954.861,12.8308,380.01
960.286,7.02118,18.5642
965.712,-48.5016,-62.906
971.137,-67.4622,7.39316
976.562,-33.3203,16.1231
981.988,-0.339595,1.31009
987.413,43.1185,-30.1225
992.838,26.5844,-90.2909
998.264,-99.4886,-160.483
1003.69,-120.31,-204.284
1009.11,2.16503,-134.289
1014.54,74.7407,-11.4109
1019.97,23.5746,6.37027
1025.39,-59.8135,14.08
1030.82,-21.6784,14.3454
1036.24,16.8728,-27.6694
1041.67,-54.5686,-9.06042
1047.09,-312.001,532.277
1052.52,-440.603,1028.56
1057.94,-110.658,521.946
1063.37,76.8663,-28.3033
1068.79,-47.7998,-74.6579
1074.22,-65.3862,-72.2745
1079.64,-12.7637,-79.7807
1085.07,-50.2821,-19.9051
1090.49,-46.5428,22.1057
1095.92,11.9864,-25.1744
1101.35,-8.02408,-25.2538
1106.77,-35.3548,26.4975
1112.2,-13.8721,43.8633
1117.62,42.8488,76.867
1123.05,96.2624,127.546
1128.47,56.9002,65.43
1133.9,-15.5513,-40.9402
1139.32,3.27204,-26.7433
1144.75,11.3013,76.0238
1150.17,-89.9264,127.385
1155.6,-164.562,72.6547
1161.02,-155.811,4.3286
1166.45,-121.383,3.79663
1171.87,-37.6932,-9.34613
1177.3,0.46717,-29.8389
1182.73,-33.2963,17.2061
1188.15,4.68528,5.17135
1193.58,35.758,-74.7366
1199,24.0851,-53.9341
1204.43,31.0411,15.3059
1209.85,-2.06717,23.0069
1215.28,18.8553,11.7015
1220.7,78.225,-5.23309
1226.13,37.4593,-39.8672
1231.55,-22.786,-16.1119
1236.98,-10.5903,38.4996
1242.4,2.59766,23.0144
1247.83,-216.176,-86.7557
1253.26,-364.49,-164.373
1258.68,-140.406,-41.1221
1264.11,16.6322,59.3279
1269.53,23.9381,16.8612
1274.96,36.0288,-2.09994
1280.38,23.1098,-18.6745
1285.81,-59.2778,-0.552345
1291.23,-141.262,38.471
1296.66,-63.1867,57.6743
1302.08,101.85,92.2345
1307.51,177.56,56.786
1312.93,127.695,-24.8639
1318.36,48.5285,-27.0564
1323.78,-5.39644,43.2989
1329.21,-48.2177,91.8757
1334.64,-78.6233,43.8284
1340.06,-61.7826,-5.73128
1345.49,3.25538,-32.7692
1350.91,37.9947,-168.323
1356.34,-10.1043,-188.786
1361.76,-23.4384,-87.3969
1367.19,25.4228,-76.3722
1372.61,13.3233,-67.5177
1378.04,-14.3796,-77.9846
1383.46,-19.7208,-57.3024
1388.89,-70.732,37.7119
1394.31,-40.4675,84.9755
1399.74,70.7162,48.599
1405.16,21.4639,-0.953758
1410.59,-80.5639,23.6557
1416.02,-79.6142,60.1803
1421.44,-34.8018,28.6546
1426.87,-5.78176,-27.5402
1432.29,-6.0853,-52
1437.72,-57.103,16.5085
1443.14,-195.067,40.1111
1448.57,-167.62,-122.102
1453.99,13.3232,-165.741
1459.42,53.8594,-6.46801
1464.84,-22.1194,22.2091
1470.27,-111.024,7.33464
1475.69,-85.8864,58.5915
1481.12,60.2724,37.827
1486.55,116.227,47.2341
1491.97,55.864,91.9108
1497.4,52.4171,26.7822
1502.82,48.4195,-68.435
1508.25,4.10014,-89.3484
1513.67,48.1155,-110.566
1519.1,90.6037,-95.3425
1524.52,22.9313,-42.3568
1529.95,-57.0308,-81.7842
1535.37,-44.9715,-96.0169
1540.8,-15.53,-23.4081
1546.22,114.356,81.4692
1551.65,293.021,202.957
1557.07,225.054,181.6
1562.5,109.324,88.4661
1567.93,125.036,51.5963
1573.35,184.133,23.258
1578.78,166.06,20.4049
1584.2,87.7431,10.1327
1589.63,10.0369,-66.914
1595.05,-111.81,-105.944
1600.48,-203.435,14.6282
1605.9,-170.493,128.171
1611.33,-65.324,95.5554
1616.75,-43.7601,37.191
1622.18,-46.7845,48.6406
1627.6,-36.7643,46.2744
1633.03,-80.4436,19.7449
1638.45,-104.984,74.5019
1643.88,-94.6756,76.4745
1649.31,-92.2486,-129.197
1654.73,32.4267,-215.99
1660.16,134.301,-40.9519
1665.58,52.6692,33.8943
1671.01,-14.9268,10.1569
1676.43,-84.0122,138.624
1681.86,-100.6,196.762
1687.28,-70.8546,58.8711
1692.71,-82.9015,24.4735
1698.13,-38.6663,28.7351
1703.56,-30.0127,-73.0995
1708.98,-33.836,-80.2528
1714.41,2.4583,30.0487
1719.83,-5.06281,55.6385
1725.26,-39.8799,-39.4147
1730.69,-28.8543,-133.49
1736.11,3.73277,-217.467
1741.54,34.0682,-192.173
1746.96,-30.1839,-198.385
1752.39,-158.469,-426.932
1757.81,-123.468,-352.385
1763.24,-73.1443,-7.66584
1768.66,-77.3931,12.0964
1774.09,-56.5407,-131.573
1779.51,-59.5541,-82.9303
1784.94,-102.031,-48.0173
1790.36,-53.1315,-147.228
1795.79,118.589,-122.83
1801.22,114.269,48.6852
1806.64,-38.703,46.5246
1812.07,-42.7833,-87.8421
1817.49,-15.5946,-20.888
1822.92,13.3364,159.142
1828.34,119.93,225.623
1833.77,121.63,124.915
1839.19,99.5628,118.07
1844.62,95.8353,57.1205
1850.04,226.158,-478.691
1855.47,248.889,-791.029
1860.89,23.1136,-499.345
1866.32,-6.18577,-194.326
1871.74,44.5705,-21.1581
1877.17,57.0071,83.0038
1882.6,212.042,139.431
1888.02,283.412,4.87703
1893.45,223.265,-152.173
1898.87,133.188,-25.6329
1904.3,-73.8641,-248.524
1909.72,-153.61,-618.501
1915.15,-51.1696,-360.625
1920.57,38.9375,-38.7843
1926,-55.9529,60.0418
1931.42,-313.952,176.347
1936.85,-388.009,305.788
1942.27,-491.812,136.837
1947.7,-586.203,641.424
1953.12,-390.508,1864.47
1958.55,73.6271,1391.01
1963.98,446.713,178.213
1969.4,433.257,163.636
1974.83,-268.898,309.288
1980.25,-577.398,186
1985.68,-426.86,-20.4154
1991.1,351.281,-400.762
1996.53,-515.111,-443.236
2001.95,3347.28,602.739
2007.38,26826.6,1388.7
2012.8,33345.1,385.539
2018.23,9504.9,-61.4526
2023.65,-978.458,18.8878
2029.08,163.806,-609.796
2034.51,-233.176,-559.636
2039.93,486.898,75.8153
2045.36,526.5,308.215
2050.78,-709.903,-32.823
2056.21,-1189.35,-226.782
2061.63,-372.876,-97.6647
2067.06,-254.678,-105.13
2072.48,-53.8516,-238.083
2077.91,227.594,-286.551
2083.33,-47.7362,-293.154
2088.76,-206.648,-260.293
2094.18,69.3003,-83.7099
2099.61,171.244,49.431
2105.03,94.8041,-108.856
2110.46,-52.2129,-219.812
2115.89,-396.411,-27.9845
2121.31,-438.766,173.458
2126.74,-138.481,165.215
2132.16,-147.351,-76.4802
2137.59,-68.5259,-347.153
2143.01,333.034,-297.585
2148.44,248.037,-331.21
2153.86,-78.812,-607.993
2159.29,-1.89609,-465.38
2164.71,10.2963,-118.282
2170.14,-64.7573,101.866
2175.56,14.9854,187.474
2180.99,-10.0123,6.5274
2186.41,-123.602,-105.557
2191.84,-128.485,1.02848
2197.27,-39.9124,18.363
2202.69,-33.9646,39.8628
2208.12,-95.1188,51.3647
2213.54,-60.5683,-54.9852
2218.97,-154.003,-175.19
2224.39,-314.06,-210.128
2229.82,-176.394,-137.402
2235.24,-2.47355,-55.9923
2240.67,-66.4443,-21.1543
2246.09,15.444,-31.3915
2251.52,403.226,192.948
2256.94,415.351,328.955
2262.37,10.2163,171.883
2267.79,-96.5913,89.0715
2273.22,36.227,-20.128
2278.65,-34.9885,-16.5132
2284.07,-215.836,84.3936
2289.5,-162.977,31.7865
2294.92,-82.8395,-51.9213
2300.35,-95.388,-43.0423
2305.77,-125.095,64.236
2311.2,-161.329,44.7605
2316.62,-28.1591,-99.3578
2322.05,30.234,-59.8893
2327.47,-53.7706,40.713
2332.9,-1.90242,-7.83129
2338.32,47.2836,-36.1306
2343.75,-33.9958,-83.9641
2349.18,-307.575,-166.53
2354.6,-439.735,-155.959
2360.03,-164.975,-75.4889
2365.45,-16.0764,50.0617
2370.88,-43.2193,29.7819
2376.3,15.4413,-105.062
2381.73,87.1526,-151.624
2387.15,93.4624,-71.7388
2392.58,20.4341,0.966246
2398,-4.81631,-12.528
2403.43,62.4692,-56.6197
2408.85,84.1342,-101.979
2414.28,-26.7416,-93.9255
2419.7,-110.829,-48.9054
2425.13,-95.7899,-25.4589
2430.56,-61.2624,-38.2221
2435.98,27.7701,-44.6497
2441.41,55.285,-11.6012
2446.83,-67.3192,-68.5481
2452.26,-133.86,-260.031
2457.68,-18.3575,-217.223
2463.11,109.232,0.352146
2468.53,68.1603,24.516
2473.96,21.0662,-43.6232
2479.38,42.9998,-72.3009
2484.81,-17.9796,-63.0826
2490.23,-85.5364,2.34404
2495.66,-31.6244,56.592
2501.08,76.6939,32.3632
2506.51,58.7063,8.15807
2511.94,-18.5341,-13.7195
2517.36,-14.2015,-71.2758
2522.79,15.3688,-116.978
2528.21,36.9436,-120.365
2533.64,27.4357,-108.428
2539.06,11.5568,-80.334
2544.49,41.4434,-129.318
2549.91,114.96,-145.468
2555.34,152.986,16.0937
2560.76,48.3828,51.1911
2566.19,-83.873,-66.9542
2571.61,-92.7334,-90.4356
2577.04,-36.8181,-43.3877
2582.47,4.71921,-10.8761
2587.89,-42.3417,-7.19208
2593.32,-85.7232,-47.5484
2598.74,18.092,-26.0005
2604.17,159.678,68.6134
2609.59,116.728,77.9422
2615.02,-41.1781,64.2527
2620.44,-87.7351,66.2186
2625.87,-52.7124,55.3174
2631.29,-10.4173,57.98
2636.72,26.5818,17.1747
2642.14,41.0652,26.6441
2647.57,169.624,101.894
2652.99,451.694,107.951
2658.42,377.901,57.1171
2663.85,64.5884,37.0795
2669.27,56.8953,57.7603
2674.7,96.8135,31.3733
2680.12,65.1298,5.47183
2685.55,103.807,3.92915
2690.97,161.713,-39.7178
2696.4,147.667,-60.4215
2701.82,80.544,-38.553
2707.25,-6.50118,-17.1157
2712.67,-68.239,2.05053
2718.1,-12.0869,6.48853
2723.52,20.7592,-0.000203133
2728.95,-17.5757,13.6214
2734.37,21.4398,39.3167
2739.8,80.6182,44.2178
2745.23,93.7934,72.3757
2750.65,151.544,122.08
2756.08,180.19,77.1741
2761.5,83.3729,-26.6734
2766.93,-12.6592,-76.8653
2772.35,-13.5659,-81.3824
2777.78,39.9045,-53.3898
2783.2,60.0253,-39.7136
2788.63,35.4451,-48.5454
2794.05,42.2525,-17.8674
2799.48,63.098,18.3523
2804.9,26.0464,3.13305
2810.33,-25.0375,-29.3113
2815.75,-55.0309,-12.0309
2821.18,-72.1632,4.72568
2826.61,-59.2473,-27.8002
2832.03,-43.1954,-31.1255
2837.46,-15.1669,28.4447
2842.88,45.6132,39.9526
2848.31,1.85155,25.7972
2853.73,-126.258,76.5496
2859.16,-57.4627,62.1311
2864.58,76.0897,28.4691
2870.01,61.4125,41.1714
2875.43,59.8149,11.3514
2880.86,88.3737,-0.518856
2886.28,37.8465,22.4002
2891.71,-12.6359,81.771
2897.14,12.4507,112.497
2902.56,12.5681,14.0106
2907.99,-8.38703,-45.4311
2913.41,26.4642,20.2891
2918.84,61.1977,47.6705
2924.26,45.662,18.6693
2929.69,2.15086,31.9089
2935.11,-28.7953,68.5789
2940.54,-42.2122,86.5902
2945.96,-66.001,38.2508
2951.39,-165.651,-25.6916
2956.81,-207.608,-15.4954
2962.24,-64.9709,-22.0377
2967.66,53.6808,-28.0411
2973.09,59.368,14.3328
2978.52,34.2697,50.1495
2983.94,14.3196,56.5939
2989.37,0.0623417,24.807
2994.79,-29.5582,-23.7862
3000.22,-57.6403,-72.1978
3005.64,-4.80664,-44.652
3011.07,30.882,42.6687
3016.49,17.6313,35.2981
3021.92,61.143,-2.62814
3027.34,15.8217,34.4578
3032.77,-71.8593,54.9286
3038.19,-17.3317,17.7777
3043.62,59.8424,-50.8361
3049.04,-8.49446,-92.4137
3054.47,-107.24,-63.9308
3059.9,-49.4852,-48.805
3065.32,20.11,-45.6494
3070.75,28.7413,24.8712
3076.17,50.0042,89.518
3081.6,8.10125,57.3055
3087.02,21.1698,-34.951
3092.45,67.5529,-67.2925
3097.87,-1.55267,-18.6234
3103.3,-57.5529,24.6134
3108.72,-47.0754,46.0446
3114.15,-21.7231,18.3299
3119.57,4.62914,-24.1816
3125,31.7164,-34.9018
3130.43,-8.64418,-70.4633
3135.85,-36.22,-86.4081
3141.28,3.91914,-19.8488
3146.7,5.10291,34.7733
3152.13,47.971,0.0697727
3157.55,89.4328,5.99893
3162.98,-9.59649,54.8062
3168.4,-80.4124,62.0497
3173.83,-21.6299,59.8313
3179.25,24.5307,42.1677
3184.68,25.5533,36.2431
3190.1,-16.1081,35.9722
3195.53,-69.7624,43.9885
3200.95,-44.6144,78.3436
3206.38,-26.0861,60.9688
3211.81,-62.1972,-15.383
3217.23,-48.8119,-21.0098
3222.66,-11.6526,34.4979
3228.08,22.5656,17.8893
3233.51,43.1466,-48.583
3238.93,4.69982,-36.5496
3244.36,4.60005,33.9604
3249.78,27.0915,42.8813
3255.21,-9.11549,6.6774
3260.63,-69.9668,-5.91593
3266.06,-118.535,24.6656
3271.48,-57.6645,55.9376
3276.91,21.0233,46.6774
3282.33,-16.5408,9.14744
3287.76,-31.684,-8.10453
3293.19,33.2544,24.3093
3298.61,62.0514,35.482
3304.04,14.3275,14.2498
3309.46,-12.161,23.8424
3314.89,9.50634,39.3441
3320.31,4.66066,52.7109
3325.74,-12.2756,75.5227
3331.16,-10.291,49.8593
3336.59,4.59914,-2.46996
3342.01,26.8413,0.0968895
3347.44,40.3614,35.6572
3352.86,1.54141,61.8215
3358.29,-40.6145,58.2838
3363.71,-12.4556,14.0476
3369.14,-7.76427,2.23327
3374.57,10.5744,25.5505
3379.99,58.0271,-14.3989
3385.42,17.7497,-52.258
3390.84,-34.9641,6.34011
3396.27,-27.3208,73.2849
3401.69,8.44856,97.6182
3407.12,20.4047,113.443
3412.54,13.8149,85.6922
3417.97,45.4661,39.8552
3423.39,63.5467,22.3002
3428.82,9.2555,24.5114
3434.24,-48.0121,34.428
3439.67,-48.9565,3.79732
3445.1,-16.3726,-48.4778
3450.52,-35.82,-59.4587
3455.95,-123.869,-5.90938
3461.37,-96.2134,40.0669
3466.8,23.596,19.5561
3472.22,61.3301,-4.77562
3477.65,32.693,-1.37031
3483.07,0.283151,-21.138
3488.5,28.1181,-54.6003
3493.92,34.0463,-40.3762
3499.35,0.0985273,-1.71418
3504.77,42.6423,10.4822
3510.2,55.9898,9.20446
3515.62,18.167,-14.4852
3521.05,37.3756,-35.9486
3526.48,21.5304,-9.78951
3531.9,-31.5344,-1.37701
3537.33,-4.93591,-29.4121
3542.75,-2.74958,-43.7041
3548.18,-40.5989,-37.9457
3553.6,14.3742,-50.3751
3559.03,70.3486,-43.03
3564.45,54.7478,20.5444
3569.88,28.4605,48.1336
3575.3,0.686127,53.0186
3580.73,-11.4791,84.3289
3586.15,12.8365,42.0666
3591.58,42.5184,-17.8031
3597,58.0113,10.3292
3602.43,33.2145,45.7157
3607.86,-14.7422,53.8958
3613.28,-17.9556,29.5885
3618.71,-12.2153,-16.7349
3624.13,-29.0256,-25.9252
3629.56,-24.6037,-42.8001
3634.98,9.76263,-97.7136
3640.41,15.2524,-102.164
3645.83,-9.36969,-39.6328
3651.26,11.1264,14.7707
3656.68,41.7978,29.2686
3662.11,11.0959,53.0667
3667.53,-45.9658,75.1147
3672.96,-39.9951,42.1916
3678.39,-16.3589,6.886
3683.81,-57.5961,-0.883778
3689.24,-54.305,-12.4766
3694.66,-1.1127,-13.8526
3700.09,-5.7672,-1.14101
3705.51,-2.31849,21.7912
3710.94,30.4528,76.244
3716.36,26.9038,83.4802
3721.79,37.2187,23.2401
3727.21,34.224,-10.5289
3732.64,-26.1029,7.47871
3738.06,-58.4483,52.5176
3743.49,-25.8097,55.0834
3748.91,0.376886,19.3605
3754.34,-24.2966,0.476072
3759.77,-47.9272,-11.7458
3765.19,-56.5634,-7.97576
3770.62,-38.1504,8.93228
3776.04,16.4372,29.0733
3781.47,37.0594,64.6882
3786.89,-4.39045,48.6739
3792.32,-5.80541,-4.3894
3797.74,44.1726,5.49526
3803.17,55.3586,24.4983
3808.59,26.4619,23.3065
3814.02,-28.8878,33.4933
3819.44,-73.6426,43.0454
3824.87,-55.7601,32.0762
3830.29,-19.1907,3.92543
3835.72,3.27128,-24.729
3841.15,24.9507,-52.4002
3846.57,13.4088,-34.8907
3852,-41.0161,11.8339
3857.42,-78.0628,43.6589
3862.85,-48.4268,45.9546
3868.27,22.1497,27.3163
3873.7,76.6127,37.2262
3879.12,73.468,50.7569
3884.55,26.6061,8.48782
3889.97,-24.4866,-24.6843
3895.4,-12.8261,5.51153
3900.82,3.70887,30.0319
3906.25,-23.5548,9.07072
3911.68,-14.9358,-20.5073
3917.1,-2.0794,-3.16274
3922.53,17.9026,39.2242
3927.95,49.4541,53.0966
3933.38,86.5404,20.1363
3938.8,95.7648,-20.6222
3944.23,-10.902,-29.3491
3949.65,-111.823,-31.0635
3955.08,-78.822,-32.6801
3960.5,-16.9626,-19.958
3965.93,2.21036,3.82395
3971.35,19.8338,11.5683
3976.78,22.9456,-2.27271
3982.2,18.1609,3.86631
3987.63,14.3346,34.1429
3993.06,3.75651,43.8142
3998.48,18.4392,22.0297
4003.91,39.5984,-15.8355
4009.33,30.3818,-39.2332
4014.76,-8.30876,-6.17258
4020.18,-13.3816,41.4773
4025.61,-2.26892,13.5305
4031.03,-87.0177,-34.9341
4036.46,-136.478,-18.4951
4041.88,-56.6633,-10.614
4047.31,-10.6829,-54.0327
4052.73,18.9129,-66.4552
4058.16,68.9901,-52.4988
4063.58,50.7925,-36.8212
4069.01,26.9251,2.25263
4074.44,35.8164,0.00467873
4079.86,37.0305,-42.1446
4085.29,49.341,-36.9648
4090.71,64.8186,-13.2894
4096.14,54.9759,4.73235
4101.56,3.72616,60.1603
4106.99,-38.0499,69.4968
4112.41,-8.97899,14.5116
4117.84,15.5173,-11.45
4123.26,6.16759,-7.59864
4128.69,-2.05758,9.83757
4134.11,-23.032,-8.29566
4139.54,-38.6182,-42.4797
4144.96,-34.0674,-25.5197
4150.39,2.71053,2.87134
4155.82,-0.396841,48.48
4161.24,-43.0697,52.5784
4166.67,-19.3945,14.2065
4172.09,1.3909,1.66722
4177.52,-2.10424,-10.5826
4182.94,28.4207,13.9201
4188.37,17.0628,32.0796
4193.79,-61.0225,38.2053
4199.22,-83.6299,19.2571
4204.64,-45.5998,-31.6246
4210.07,-9.96876,-27.9503
4215.49,-10.8149,-28.1975
4220.92,-32.8749,-5.15251
4226.35,4.4872,48.303
4231.77,42.4853,25.4096
4237.2,39.1859,5.23449
4242.62,49.7521,41.9857
4248.05,46.9376,53.1201
4253.47,-2.42153,39.5027
4258.9,-31.3795,45.2355
4264.32,2.29042,41.3322
4269.75,18.5717,23.6044
4275.17,-7.06001,15.5191
4280.6,4.81392,2.61287
4286.02,22.5882,-2.3687
4291.45,-7.54564,1.54433
4296.87,-10.9403,10.0073
4302.3,-22.8873,13.9507
4307.73,-98.1095,16.752
4313.15,-85.8953,3.17242
4318.58,7.28216,-45.3533
4324,43.653,-31.5175
4329.43,33.3871,40.2743
4334.85,6.92483,57.841
4340.28,9.66422,17.8663
4345.7,29.6268,-18.486
4351.13,15.501,-0.0852947
4356.55,-4.18134,42.4298
4361.98,-25.9917,24.1662
4367.4,-38.046,-19.2424
4372.83,-4.17962,-12.0192
4378.25,26.1943,19.4228
4383.68,19.6348,27.0424
4389.11,21.6415,39.4212
4394.53,12.2933,46.7381
4399.96,-18.0387,9.93252
4405.38,-13.3629,-17.9049
4410.81,27.4591,-19.9895
4416.23,40.3106,-35.0126
4421.66,11.8028,-43.859
4427.08,23.8057,4.47371
4432.51,41.0491,40.6246
4437.93,26.1393,29.1343
4443.36,21.2062,24.4034
4448.78,-14.4525,2.49467
4454.21,-55.6861,-28.9307
4459.63,-59.8648,-67.3354
4465.06,-54.6012,-100.312
4470.49,-22.4683,-69.0255
4475.91,0.270765,-4.64055
4481.34,-31.0011,12.9705
4486.76,-59.4386,-28.1977
4492.19,-54.5678,-53.5899
4497.61,-28.6342,-47.9865
4503.04,-0.984448,-22.8051
4508.46,27.2278,-4.89602
4513.89,45.8294,-16.2299
4519.31,40.4031,24.5771
4524.74,32.9612,69.4765
4530.16,11.5171,46.3813
4535.59,-18.5488,27.9029
4541.02,-6.14604,13.079
4546.44,23.1142,16.4118
4551.87,-2.20331,40.0211
4557.29,-30.8677,23.2864
4562.72,-24.9078,19.2903
4568.14,-32.3712,3.26442
4573.57,-33.6092,-30.593
4578.99,-26.1068,-7.14696
4584.42,-9.83062,23.0408
4589.84,3.36029,10.7684
4595.27,-8.6234,-17.3092
4600.69,-14.58,-23.328
4606.12,-15.7942,-2.06535
4611.54,-32.1534,30.5925
4616.97,-39.0774,34.9216
4622.4,-43.9582,20.3008
4627.82,-52.2285,45.7239
4633.25,-9.02941,56.294
4638.67,28.1527,12.5279
4644.1,0.228123,-21.3952
4649.52,-21.3263,-21.2667
4654.95,8.74213,-4.72695
4660.37,53.0095,-14.6332
4665.8,66.2788,-29.24
4671.22,23.1039,-9.06406
4676.65,-27.0942,12.9512
4682.07,-25.3568,29.2985
4687.5,10.2465,40.3742
4692.92,16.5888,15.0734
4698.35,-4.80159,-44.0792
4703.78,-22.6065,-64.4462
4709.2,-48.8659,-18.6814
4714.63,-48.8342,1.04552
4720.05,-44.3347,-15.6634
4725.48,-9.50994,6.2955
4730.9,25.0738,11.9138
4736.33,-24.0121,-23.89
4741.75,-61.6963,-22.3082
4747.18,-15.1502,16.3441
4752.6,54.0102,36.8162
4758.03,41.7384,23.8492
4763.45,0.374673,9.62872
4768.88,28.5964,6.25611
4774.31,56.5812,-28.6242
4779.73,19.8511,-64.5652
4785.16,-4.04091,-61.2232
4790.58,9.84819,-38.2959
4796.01,-3.02125,22.7308
4801.43,-39.5074,72.9501
4806.86,-59.0716,60.5026
4812.28,-31.4715,43.6967
4817.71,9.91826,43.8084
4823.13,-2.07846,43.5989
4828.56,3.28912,14.8713
4833.98,57.6538,-48.0864
4839.41,44.9278,-46.4648
4844.83,12.9331,0.40483
4850.26,27.3899,0.822198
4855.69,12.0106,8.57962
4861.11,-23.162,15.2934
4866.54,-16.2137,-0.573208
4871.96,23.5415,4.95221
4877.39,33.7285,2.09128
4882.81,34.7888,7.88875
4888.24,56.8952,13.8348
4893.66,51.6089,-25.7715
4899.09,35.0987,-46.0531
4904.51,18.9081,-44.3035
4909.94,-3.45586,-23.7647
4915.36,29.5868,36.3265
4920.79,68.0201,69.1184
4926.21,23.2553,61.3657
4931.64,-15.4387,47.243
4937.07,-0.970018,38.8491
4942.49,15.8155,18.707
4947.92,15.977,0.756049
4953.34,30.1269,3.98989
4958.77,34.126,-11.2519
4964.19,-3.01392,-17.9488
4969.62,-24.0836,19.8619
4975.04,-11.7534,26.7475
4980.47,12.654,23.1987
4985.89,13.281,70.0093
4991.32,2.99678,46.4553
4996.74,8.0124,-41.8533
5002.17,37.7537,-56.7668
5007.6,40.4845,-39.8443
5013.02,-7.14079,-6.56507
5018.45,-30.8582,53.0184
5023.87,-14.8654,35.5566
5029.3,1.15201,-9.07069
5034.72,5.52467,-12.2671
5040.15,40.0533,2.84818
5045.57,62.7548,17.3947
5051,74.0008,16.3372
5056.42,75.6657,41.9742
5061.85,0.659391,45.7838
5067.27,-75.9233,-1.90848
5072.7,-69.5788,-36.7021
5078.12,-26.7541,-47.1851
5083.55,-29.0969,-37.8374
5088.98,-76.5117,-32.8428
5094.4,-146.336,-73.8708
5099.83,-138.53,-103.757
5105.25,-41.0195,-61.6006
5110.68,10.4417,-17.2756
5116.1,17.7245,-2.47081
5121.53,23.2273,1.92254
5126.95,52.9569,-20.1013
5132.38,59.7265,-45.3489
5137.8,28.548,-27.687
5143.23,21.2154,7.15
5148.65,22.1064,34.0792
5154.08,26.2587,51.0326
5159.5,26.9145,40.8192
5164.93,-0.844249,17.3842
5170.36,-22.9129,-10.3531
5175.78,4.35906,-1.7532
5181.21,16.7391,41.7732
5186.63,1.75265,44.2177
5192.06,14.2116,26.7441
5197.48,11.5522,17.8093
5202.91,-9.73236,5.75837
5208.33,1.33348,-4.94699
5213.76,40.0947,-29.6874
5219.18,59.8198,-39.8483
5224.61,40.0805,-35.7324
5230.03,8.20404,-38.687
5235.46,15.1532,-7.78898
5240.88,61.8537,30.4327
5246.31,73.866,43.6867
5251.74,35.4485,30.8728
5257.16,11.2401,19.4947
5262.59,15.8891,20.1878
5268.01,4.20034,-0.0948579
5273.44,-18.5328,-4.02947
5278.86,-26.1555,-19.6968
5284.29,-23.8839,-33.5634
5289.71,-14.1203,17.7318
5295.14,-0.478027,58.0957
5300.56,2.5451,37.9117
5305.99,-27.5858,25.8178
5311.41,-48.7714,49.1537
5316.84,-18.4921,30.0135
5322.27,18.8394,3.76879
5327.69,4.77262,42.3606
5333.12,-36.7518,58.6705
5338.54,-50.41,33.5352
5343.97,-47.1336,52.5144
5349.39,-29.6231,51.9707
5354.82,-20.448,6.38672
5360.24,-32.8055,10.7346
5365.67,-19.4028,49.8529
5371.09,0.668625,38.9261
5376.52,-17.6797,-17.5796
5381.94,-9.96272,0.200788
5387.37,42.3439,49.4349
5392.79,52.7713,45.2583
5398.22,22.9208,21.1351
5403.65,-11.8112,-27.2861
5409.07,-23.7084,-53.5582
5414.5,-3.87716,-43.6383
5419.92,-14.8007,-39.9734
5425.35,-41.287,-40.806
5430.77,-41.5652,-20.0486
5436.2,-42.7167,23.1947
5441.62,-25.3574,8.92134
5447.05,25.6526,-47.9715
5452.47,55.6856,-59.5101
5457.9,52.721,-31.9221
5463.32,59.9511,-4.80573
5468.75,38.2702,-0.980062
5474.17,-20.4381,8.28924
5479.6,-12.12,12.0288
5485.03,21.1469,-16.3439
5490.45,0.422565,-32.0475
5495.88,-8.25748,-30.6238
5501.3,6.43421,-39.7498
5506.73,-0.516357,-32.5341
5512.15,-15.4402,-11.9917
5517.58,8.38099,-19.1148
5523,41.395,-22.5065
5528.43,34.0546,-22.2495
5533.85,8.45018,-35.5598
5539.28,0.282816,-37.2893
5544.7,6.9305,-42.2583
5550.13,15.4996,-61.9558
