-5555.56,17.415,18.0338
-5550.13,-38.2172,75.7977
-5544.7,-23.4018,70.7884
-5539.28,34.2159,25.9546
-5533.85,46.0601,8.34052
-5528.43,1.65403,18.2761
-5523,-28.8167,37.4191
-5517.58,-23.8206,42.4223
-5512.15,27.2289,29.8197
-5506.73,43.4984,16.7385
-5501.3,-15.373,-2.93746
-5495.88,-39.9314,1.70708
-5490.45,-5.15767,27.2269
-5485.03,25.2311,50.6514
-5479.6,9.60993,38.3938
-5474.17,5.79911,-16.601
-5468.75,19.9367,-16.0888
-5463.32,18.0629,23.7046
-5457.9,24.3274,35.2128
-5452.47,21.0665,47.233
-5447.05,24.8018,33.0156
-5441.62,29.551,10.3542
-5436.2,-5.77286,30.2609
-5430.77,-2.96642,48.8546
-5425.35,23.8033,35.6125
-5419.92,-16.7211,18.6586
-5414.5,-51.9352,22.6749
-5409.07,-11.0113,29.6544
-5403.65,58.5527,5.03238
-5398.22,89.7587,-15.4329
-5392.79,32.8561,23.3651
-5387.37,-45.2736,68.8833
-5381.94,-47.5446,45.5512
-5376.52,-29.7114,-16.4759
-5371.09,-37.8337,-47.997
-5365.67,-39.9753,-35.0369
-5360.24,-19.5251,11.8419
-5354.82,-1.69546,31.2327
-5349.39,-19.6094,3.41468
-5343.97,-44.4918,13.4351
-5338.54,-29.9008,45.1111
-5333.12,-3.18477,21.6278
-5327.69,4.83454,-8.53577
-5322.27,39.0212,-18.0253
-5316.84,51.3808,-58.8839
-5311.41,-0.49316,-88.3584
-5305.99,-13.8647,-26.8058
-5300.56,7.42517,33.5561
-5295.14,1.52316,-8.88282
-5289.71,-12.524,-32.6333
-5284.29,4.14018,-2.69522
-5278.86,31.5138,13.3192
-5273.44,5.78342,5.98271
-5268.01,-31.9244,-28.7855
-5262.59,-16.8012,-37.5165
-5257.16,16.0064,-38.8573
-5251.74,2.89357,-82.7709
-5246.31,-34.4283,-76.9433
-5240.88,-21.8406,3.75722
-5235.46,39.2829,50.4515
-5230.03,82.2097,72.2242
-5224.61,37.5295,79.7491
-5219.18,-24.1255,29.8744
-5213.76,-26.2463,-18.3122
-5208.33,-16.1577,-17.8982
-5202.91,-16.1216,7.688
-5197.48,-33.3276,36.2156
-5192.06,-37.0834,28.055
-5186.63,-12.0398,-11.5162
-5181.21,19.4004,-8.43866
-5175.78,26.508,12.912
-5170.36,17.1103,2.42738
-5164.93,20.6526,-9.2914
-5159.5,9.91396,-5.55865
-5154.08,4.92781,13.4757
-5148.65,-3.73817,19.6378
-5143.23,-39.7449,13.7483
-5137.8,-28.955,-7.76925
-5132.38,21.4916,-60.3589
-5126.95,35.8493,-62.9674
-5121.53,40.3329,-9.74551
-5116.1,41.2169,-7.91677
-5110.68,53.7833,-14.6016
-5105.25,54.9982,85.5211
-5099.83,-7.69559,127.734
-5094.4,-22.1643,22.4045
-5088.98,2.70437,-12.7408
-5083.55,-23.8609,10.7978
-5078.12,-54.0969,-18.3713
-5072.7,-54.812,-21.2391
-5067.27,-33.0753,12.4703
-5061.85,20.705,23.0356
-5056.42,63.3738,8.51431
-5051,37.1357,6.1061
-5045.57,6.70246,13.2834
-5040.15,22.5849,3.9292
-5034.72,26.2189,-20.8424
-5029.3,13.1375,-27.2551
-5023.87,23.3883,-3.61334
-5018.45,57.4176,-0.657034
-5013.02,67.3685,-15.5326
-5007.6,65.4292,5.37547
-5002.17,69.4493,37.6646
-4996.74,23.3065,39.4495
-4991.32,-10.2882,26.5845
-4985.89,16.1811,16.3733
-4980.47,25.4162,23.3191
-4975.04,1.08891,24.0297
-4969.62,-7.01046,17.4675
-4964.19,-0.0954971,66.3757
-4958.77,19.0211,97.4377
-4953.34,18.9139,39.853
-4947.92,-19.2207,19.2583
-4942.49,-41.1795,41.6404
-4937.07,-39.32,40.3426
-4931.64,5.22269,48.507
-4926.21,48.5266,32.8684
-4920.79,19.1508,5.3186
-4915.36,-5.07903,30.0371
-4909.94,18.0826,62.4494
-4904.51,11.9615,30.9976
-4899.09,-16.4479,-20.2563
-4893.66,-32.7895,-23.8113
-4888.24,-35.1881,-27.5841
-4882.81,0.478636,-33.671
-4877.39,30.3259,-8.8115
-4871.96,47.1672,0.475636
-4866.54,42.9969,-34.748
-4861.11,-9.7125,-51.0507
-4855.69,-48.7805,-4.08265
-4850.26,-37.1368,14.6256
-4844.83,-6.23118,-0.0956993
-4839.41,8.21729,7.63897
-4833.98,9.76871,-9.02109
-4828.56,-0.703582,-12.921
-4823.13,-9.05772,24.9725
-4817.71,-23.9919,63.2637
-4812.28,-51.1965,49.338
-4806.86,-52.9393,9.23461
-4801.43,-27.4861,18.3992
-4796.01,-2.072,34.9181
-4790.58,-14.3259,57.7185
-4785.16,-46.3298,70.443
-4779.73,-38.4693,30.0829
-4774.31,-5.59093,-11.6744
-4768.88,-6.82999,15.1915
-4763.45,2.51471,30.7401
-4758.03,27.4796,-6.10549
-4752.6,25.1296,33.2712
-4747.18,26.5742,60.2958
-4741.75,-9.86784,-4.36048
-4736.33,-66.2995,-18.9719
-4730.9,-61.6711,14.6812
-4725.48,-30.8318,-4.96086
-4720.05,-17.3553,-38.2524
-4714.63,-7.14004,-28.6544
-4709.2,16.3554,-10.9073
-4703.78,51.103,3.06244
-4698.35,50.8012,-29.1969
-4692.92,12.1581,-75.9962
-4687.5,-5.53141,-37.0185
-4682.07,6.14036,-2.67325
-4676.65,22.7587,-19.6885
-4671.22,23.6215,-19.3403
-4665.8,8.40325,6.86974
-4660.37,-2.39352,24.4622
-4654.95,24.3536,23.8068
-4649.52,34.9565,25.3077
-4644.1,-11.0125,14.8235
-4638.67,-34.1994,1.25076
-4633.25,-34.9008,-11.781
-4627.82,-25.045,-5.60169
-4622.4,-24.139,7.88443
-4616.97,-61.2246,-8.8669
-4611.54,-56.1067,-16.8085
-4606.12,-23.1996,-22.7117
-4600.69,-33.4058,-11.1149
-4595.27,-31.8561,37.3311
-4589.84,-33.1485,40.1133
-4584.42,-73.6871,18.8223
-4578.99,-49.6205,27.8316
-4573.57,21.4523,20.9041
-4568.14,60.3624,-28.6406
-4562.72,73.5722,-83.9412
-4557.29,39.7981,-66.1438
-4551.87,-10.7296,-11.6121
-4546.44,-10.2095,8.44985
-4541.02,33.0001,5.82926
-4535.59,66.0597,-25.6798
-4530.16,55.9943,-20.103
-4524.74,-4.55718,26.9709
-4519.31,-51.5971,33.8709
-4513.89,-43.9247,31.665
-4508.46,-32.4944,34.123
-4503.04,-3.37046,17.9568
-4497.61,25.3384,-9.93846
-4492.19,-17.3201,-24.5148
-4486.76,-63.4908,-13.2917
-4481.34,-34.2552,23.6411
-4475.91,-5.09511,39.7739
-4470.49,-2.24118,10.9551
-4465.06,0.69479,-12.8703
-4459.63,-30.8437,-10.8744
-4454.21,-39.878,20.7452
-4448.78,-2.88944,28.0773
-4443.36,29.6248,47.6493
-4437.93,61.9108,78.651
-4432.51,59.0186,33.5543
-4427.08,11.5346,-7.69724
-4421.66,-11.2913,-20.2136
-4416.23,-28.5525,8.17138
-4410.81,-53.0667,36.8711
-4405.38,-28.943,-17.4437
-4399.96,7.92194,-57.498
-4394.53,17.7127,-34.7702
-4389.11,12.1695,18.4057
-4383.68,-10.8629,48.3497
-4378.25,-12.1749,-6.6376
-4372.83,9.98496,-63.3171
-4367.4,6.90515,-40.9021
-4361.98,9.1399,-3.82294
-4356.55,22.8079,32.5625
-4351.13,7.01139,28.7297
-4345.7,-8.55053,-42.5646
-4340.28,-8.95248,-57.2252
-4334.85,-24.7805,-16.8757
-4329.43,-18.2472,3.42651
-4324,22.8671,7.34968
-4318.58,46.9499,9.12714
-4313.15,15.6228,26.9273
-4307.73,-37.0069,22.1333
-4302.3,-23.0561,-23.4981
-4296.87,3.47336,-24.7886
-4291.45,-10.0434,23.3717
-4286.02,-2.29252,45.4404
-4280.6,3.90157,23.1097
-4275.17,-5.83577,-21.7876
-4269.75,-5.74538,-29.931
-4264.32,-8.24075,-3.56109
-4258.9,-21.5104,2.58872
-4253.47,-7.64239,12.3175
-4248.05,14.9484,9.35624
-4242.62,-20.9166,-56.1247
-4237.2,-35.4002,-77.014
-4231.77,-1.84951,-9.4502
-4226.35,-6.60621,25.5938
-4220.92,-35.2167,16.4801
-4215.49,-14.1834,-1.96054
-4210.07,22.7093,-2.68049
-4204.64,35.7035,39.7155
-4199.22,43.7849,55.3271
-4193.79,46.5174,21.6542
-4188.37,74.8853,-11.4296
-4182.94,60.5451,-9.42191
-4177.52,-2.73092,7.62846
-4172.09,23.2105,9.00595
-4166.67,50.7063,0.652042
-4161.24,14.2325,-17.5186
-4155.82,-9.4644,-21.2504
-4150.39,-39.6535,1.63488
-4144.96,-49.0017,14.7331
-4139.54,-30.8753,1.55544
-4134.11,-35.6161,-36.8772
-4128.69,-29.2556,-57.4434
-4123.26,-23.3489,-20.7967
-4117.84,-41.435,-10.1541
-4112.41,-3.70206,-22.3188
-4106.99,27.5217,-9.1504
-4101.56,4.46631,-10.6051
-4096.14,18.0244,17.5367
-4090.71,27.8415,73.4458
-4085.29,8.88603,69.1724
-4079.86,-0.449597,24.442
-4074.44,14.9041,4.23586
-4069.01,43.271,24.907
-4063.58,33.902,79.8679
-4058.16,15.5017,106.456
-4052.73,0.135208,53.6092
-4047.31,-16.0269,1.15689
-4041.88,-13.3095,-3.18852
-4036.46,-5.37379,9.32923
-4031.03,-13.1133,22.8972
-4025.61,-13.0109,1.07199
-4020.18,-0.359291,6.92379
-4014.76,-15.7955,75.5606
-4009.33,21.9303,91.5448
-4003.91,56.849,27.7086
-3998.48,9.39086,-11.7665
-3993.06,24.334,7.00301
-3987.63,59.7403,24.9273
-3982.2,42.1246,23.137
-3976.78,63.055,32.4048
-3971.35,78.308,30.4671
-3965.93,46.3222,-13.4837
-3960.5,28.2727,0.128246
-3955.08,10.1349,39.6404
-3949.65,-6.36159,14.8678
-3944.23,8.49409,-7.4182
-3938.8,-1.01913,-10.6858
-3933.38,-22.3739,-6.44134
-3927.95,-28.2523,6.78186
-3922.53,-24.062,41.2188
-3917.1,-9.7515,59.366
-3911.68,-1.88434,10.6407
-3906.25,4.8984,-34.9049
-3900.82,6.47776,-9.54592
-3895.4,23.7327,27.023
-3889.97,25.2194,18.2594
-3884.55,-10.4112,7.51933
-3879.12,-15.9469,31.7621
-3873.7,-26.7743,56.4345
-3868.27,-36.318,30.0322
-3862.85,12.4237,-0.134498
-3857.42,18.6428,-12.2709
-3852,-5.62611,-16.5031
-3846.57,0.715854,-12.1009
-3841.15,10.6508,-8.87208
-3835.72,12.5011,-7.93196
-3830.29,11.7256,-27.0593
-3824.87,7.35147,-21.4604
-3819.44,-9.49924,15.3129
-3814.02,14.1403,21.7219
-3808.59,45.3601,-6.48874
-3803.17,14.0106,5.6587
-3797.74,-46.2347,46.9224
-3792.32,-68.7842,40.2601
-3786.89,-28.3335,33.8905
-3781.47,15.8473,27.2057
-3776.04,22.0753,15.3777
-3770.62,8.70368,35.6802
-3765.19,17.8122,42.2715
-3759.77,18.4346,18.6722
-3754.34,-17.835,-40.7452
-3748.91,-20.9855,-84.305
-3743.49,12.8738,-30.8081
-3738.06,19.4416,43.5941
-3732.64,-2.49,44.7286
-3727.21,25.0606,10.5246
-3721.79,46.9203,16.9664
-3716.36,29.1995,55.6235
-3710.94,49.7206,59.4367
-3705.51,55.684,16.1571
-3700.09,55.2483,-31.4246
-3694.66,73.8902,-15.3855
-3689.24,57.4009,47.0087
-3683.81,17.2629,82.1312
-3678.39,-9.00023,61.7309
-3672.96,-12.4329,27.8943
-3667.53,-11.9454,39.6087
-3662.11,1.6077,2.44527
-3656.68,15.5941,-34.7953
-3651.26,7.20647,18.5607
-3645.83,8.88552,35.5605
-3640.41,41.3055,33.9548
-3634.98,55.127,44.4935
-3629.56,19.6636,24.0058
-3624.13,-12.3843,-9.96456
-3618.71,-11.237,-66.9622
-3613.28,25.8033,-81.5341
-3607.86,82.9926,-45.9979
-3602.43,91.9602,-8.77505
-3597,34.5732,17.9087
-3591.58,16.2848,-26.0919
-3586.15,46.0517,-22.8463
-3580.73,30.3154,25.2943
-3575.3,5.66387,-18.4093
-3569.88,19.0298,-68.828
-3564.45,9.91203,-61.2107
-3559.03,-44.5678,-47.125
-3553.6,-46.4322,-44.5369
-3548.18,-5.37315,-10.0317
-3542.75,10.3364,11.4572
-3537.33,50.0279,-20.7586
-3531.9,52.3633,-47.5686
-3526.48,-1.48511,-37.931
-3521.05,-19.413,-0.376068
-3515.62,-24.8766,33.9138
-3510.2,24.089,7.66207
-3504.77,92.9101,-19.4967
-3499.35,21.8872,-2.62723
-3493.92,-37.4752,-9.4852
-3488.5,14.3003,-30.1283
-3483.07,-1.68043,-37.257
-3477.65,-42.5431,-2.5865
-3472.22,1.3358,36.5281
-3466.8,38.5157,29.3749
-3461.37,41.3517,50.1278
-3455.95,37.65,75.7806
-3450.52,0.362242,14.3766
-3445.1,-38.6024,-22.2979
-3439.67,-49.1617,17.7722
-3434.24,-15.0583,4.91971
-3428.82,52.767,-32.5639
-3423.39,65.6739,-17.7121
-3417.97,18.6903,17.3403
-3412.54,4.84462,10.9903
-3407.12,-6.53494,-3.92267
-3401.69,-78.2182,30.492
-3396.27,-107.203,35.5553
-3390.84,-38.0325,26.749
-3385.42,8.29273,27.2291
-3379.99,-4.77013,8.01208
-3374.57,8.01404,32.7602
-3369.14,35.6996,66.9383
-3363.71,27.319,52.8715
-3358.29,8.70665,43.9161
-3352.86,8.88248,54.0227
-3347.44,9.97907,46.4323
-3342.01,32.5739,39.7478
-3336.59,54.4404,31.7122
-3331.16,42.7304,6.80622
-3325.74,27.1967,2.89201
-3320.31,7.66825,22.1736
-3314.89,8.75019,17.6241
-3309.46,25.7284,-5.10507
-3304.04,3.02048,-12.6412
-3298.61,-20.3135,2.25123
-3293.19,-5.68357,46.1601
-3287.76,-4.8586,44.0745
-3282.33,-12.3337,-57.6776
-3276.91,0.683067,-77.9226
-3271.48,21.2869,-4.91315
-3266.06,40.0361,10.1588
-3260.63,68.7947,12.9498
-3255.21,97.62,27.837
-3249.78,80.0121,26.8491
-3244.36,20.5507,-0.129907
-3238.93,-24.6985,-22.4971
-3233.51,-9.63738,-62.5286
-3228.08,19.328,-83.8425
-3222.66,2.45868,-48.795
-3217.23,-9.20936,-46.2045
-3211.81,-9.53932,-57.5208
-3206.38,-32.3738,-54.7849
-3200.95,-23.6074,-30.2309
-3195.53,3.78614,-8.3588
-3190.1,-6.99358,-22.2902
-3184.68,-31.2118,-13.2485
-3179.25,-30.9811,5.79817
-3173.83,-0.399689,-10.5367
-3168.4,27.0485,21.8577
-3162.98,-10.5052,83.0372
-3157.55,-106.735,35.4831
-3152.13,-103.256,-29.027
-3146.7,-25.4325,-44.14
-3141.28,-14.7382,-65.5414
-3135.85,-32.6179,-53.363
-3130.43,-33.4977,-28.2746
-3125,-8.044,-26.0058
-3119.57,6.12777,-30.0345
-3114.15,-10.9856,-35.2828
-3108.72,-8.63375,-32.7886
-3103.3,-7.60366,-1.42459
-3097.87,-24.0363,11.5122
-3092.45,-21.0333,21.2311
-3087.02,2.87238,64.9253
-3081.6,35.3018,31.2899
-3076.17,34.4624,-32.8494
-3070.75,6.23474,-25.8684
-3065.32,9.21482,24.5009
-3059.9,44.4687,31.9769
-3054.47,31.7199,-15.0676
-3049.04,23.3341,-0.704209
-3043.62,69.831,26.6982
-3038.19,37.8782,31.6392
-3032.77,-27.9199,68.0761
-3027.34,-62.7789,92.6206
-3021.92,-92.4013,64.513
-3016.49,-87.4272,25.2117
-3011.07,-47.9636,37.8185
-3005.64,6.7242,46.7457
-3000.22,7.04123,-5.99768
-2994.79,15.7418,-37.0518
-2989.37,82.1361,-15.0937
-2983.94,76.836,-19.8597
-2978.52,9.90993,-33.1084
-2973.09,1.91955,-39.929
-2967.66,26.1576,-56.7342
-2962.24,91.7521,-25.2027
-2956.81,234.056,-0.446579
-2951.39,195.465,-12.2974
-2945.96,28.3865,4.71095
-2940.54,-9.24477,31.5832
-2935.11,10.7567,23.5459
-2929.69,17.0695,6.84067
-2924.26,-8.90053,-4.94864
-2918.84,-11.9161,-50.2361
-2913.41,-2.85073,-104.646
-2907.99,-59.187,-92.4456
-2902.56,-76.7689,23.1467
-2897.14,-15.8206,88.0058
-2891.71,9.19118,42.3238
-2886.28,-26.9223,41.4449
-2880.86,-42.9746,79.4038
-2875.43,-27.9833,61.1928
-2870.01,-53.8505,17.6696
-2864.58,-60.9042,6.20496
-2859.16,21.5483,-10.1929
-2853.73,79.1042,-35.654
-2848.31,54.2521,-26.6501
-2842.88,37.8612,5.57826
-2837.46,37.9751,-2.23843
-2832.03,26.729,-61.9297
-2826.61,43.5259,-71.4513
-2821.18,29.2978,-23.0591
-2815.75,18.5547,-30.396
-2810.33,84.2596,-41.4539
-2804.9,69.3721,17.0631
-2799.48,25.4853,31.4604
-2794.05,66.3512,5.97668
-2788.63,54.6553,-17.5559
-2783.2,-31.7699,-30.0841
-2777.78,-84.6978,-11.2186
-2772.35,-78.4241,-29.4883
-2766.93,-19.2184,-77.6526
-2761.5,58.9566,15.8623
-2756.08,79.4824,219.884
-2750.65,62.0858,220.592
-2745.23,34.4952,87.4173
-2739.8,19.4618,-2.5141
-2734.37,17.9068,-35.4688
-2728.95,-17.07,3.2461
-2723.52,-19.7014,26.5249
-2718.1,-8.18265,-12.4731
-2712.67,-47.1399,-54.1223
-2707.25,-47.2643,-22.9306
-2701.82,7.02016,-7.34589
-2696.4,53.1704,1.84641
-2690.97,76.0048,23.9452
-2685.55,65.0052,-2.70179
-2680.12,65.6296,-18.8341
-2674.7,116.72,25.2938
-2669.27,123.527,99.6536
-2663.85,30.2383,131.376
-2658.42,-48.1319,270.158
-2652.99,-95.6438,312.077
-2647.57,-137.886,56.6039
-2642.14,-138.105,-25.4941
-2636.72,-105.802,89.2842
-2631.29,-12.9679,132.908
-2625.87,46.5591,114.971
-2620.44,41.8399,53.3491
-2615.02,105.328,-1.01177
-2609.59,171.266,-38.1074
-2604.17,96.1637,-61.5958
-2598.74,-20.3761,20.6305
-2593.32,-22.997,112.998
-2587.89,45.4336,78.2851
-2582.47,97.8024,-17.1833
-2577.04,66.8857,-92.2918
-2571.61,6.93094,-69.5025
-2566.19,41.8662,-7.84544
-2560.76,-18.8343,-64.121
-2555.34,-144.291,-180.279
-2549.91,-73.8984,-137.355
-2544.49,-66.7822,-49.7304
-2539.06,-130.645,-28.4124
-2533.64,-75.65,49.4733
-2528.21,-8.18815,82.7632
-2522.79,66.1273,45.0462
-2517.36,55.1619,49.4673
-2511.94,-39.0154,61.0065
-2506.51,-89.3562,-4.62172
-2501.08,-53.0339,-46.065
-2495.66,53.8955,-27.4375
-2490.23,64.5862,-82.732
-2484.81,-59.3675,-81.889
-2479.38,-89.3118,36.6611
-2473.96,-80.617,126.325
-2468.53,-79.4216,163.686
-2463.11,40.2458,104.678
-2457.68,-1.92172,-3.23724
-2452.26,-72.4528,-37.9362
-2446.83,79.3857,-24.5484
-2441.41,108.76,-19.4443
-2435.98,-13.7689,-15.836
-2430.56,-85.7994,16.113
-2425.13,-132.896,35.8822
-2419.7,-116.998,-52.1023
-2414.28,-139.271,-118.786
-2408.85,-170.133,-98.922
-2403.43,4.67546,-123.308
-2398,82.3334,-108.437
-2392.58,-37.3788,-26.4382
-2387.15,-137.231,33.961
-2381.73,-105.233,14.4426
-2376.3,48.1519,3.18044
-2370.88,90.0262,45.8019
-2365.45,-12.4198,-36.5293
-2360.03,-164.466,-243.558
-2354.6,-139.606,-299.773
-2349.18,80.7094,-136.317
-2343.75,130.885,-2.72895
-2338.32,72.8987,34.8017
-2332.9,21.3378,16.7228
-2327.47,-6.23317,-33.4881
-2322.05,19.0123,-61.4496
-2316.62,-99.9337,-72.1092
-2311.2,-266.865,-74.0168
-2305.77,-280.496,7.8521
-2300.35,-132.529,69.7139
-2294.92,-60.0056,47.5068
-2289.5,-142.269,69.0158
-2284.07,-57.3362,49.0785
-2278.65,52.8501,12.6953
-2273.22,-61.2859,21.283
-2267.79,-122.759,17.3278
-2262.37,20.4602,100.496
-2256.94,307.302,151.522
-2251.52,356.195,-11.1135
-2246.09,37.5448,-76.6157
-2240.67,-93.6404,70.1031
-2235.24,-65.3078,14.4514
-2229.82,8.29211,-163.56
-2224.39,40.1256,-99.6452
-2218.97,-71.0686,-37.5037
-2213.54,-82.3776,59.9237
-2208.12,-102.655,292.599
-2202.69,-99.5111,160.222
-2197.27,-49.5089,-240.288
-2191.84,38.2674,-320.121
-2186.41,18.8046,-172.102
-2180.99,-125.44,-63.6628
-2175.56,15.1811,117.483
-2170.14,260.149,122.297
-2164.71,272.292,-64.3949
-2159.29,-43.4947,150.277
-2153.86,-399.457,337.463
-2148.44,-383.458,93.5296
-2143.01,-186.549,117.436
-2137.59,7.07444,161.458
-2132.16,185.15,-77.8747
-2126.74,195.724,-177.573
-2121.31,212.577,-34.3595
-2115.89,134.806,179.248
-2110.46,-165.329,84.0501
-2105.03,-162.155,45.4383
-2099.61,-73.9496,239.656
-2094.18,-265.677,133.669
-2088.76,-180.376,-26.3375
-2083.33,-13.3345,78.3996
-2077.91,-57.2506,61.4051
-2072.48,20.0225,17.5106
-2067.06,-114.594,57.679
-2061.63,-377.024,165.578
-2056.21,-520.381,721.84
-2050.78,-318.275,894.811
-2045.36,219.861,310.318
-2039.93,587.674,-201.711
-2034.51,422.849,-306.14
-2029.08,-122.915,57.8767
-2023.65,-701.297,0.0194702
-2018.23,-1079.31,16185.1
-2012.8,-383.482,33428.7
-2007.38,82.2021,17343.5
-2001.95,-200.254,219.829
-1996.53,-129.059,92.4414
-1991.1,-94.5078,470.925
-1985.68,-195.423,511.048
-1980.25,-500.474,131.83
-1974.83,-359.633,-225.436
-1969.4,-14.7075,-345.227
-1963.98,-155.954,-492.123
-1958.55,-688.162,-1564.48
-1953.12,-1242.69,-2386.14
-1947.7,-1009.61,-1444.85
-1942.27,-364.427,-472.408
-1936.85,109.522,-155.972
-1931.42,235.48,110.957
-1926,319.377,246.221
-1920.57,300.27,123.226
-1915.15,83.4027,-35.497
-1909.72,311.202,-7.46587
-1904.3,630.989,-55.4861
-1898.87,242.273,-38.2236
-1893.45,-367.582,121.624
-1888.02,-402.713,183.696
-1882.6,-143.032,226.981
-1877.17,56.0531,338.699
-1871.74,-47.2416,289.764
-1866.32,-341.062,-18.388
-1860.89,-165.857,-103.615
-1855.47,470.845,247.815
-1850.04,612.718,412.156
-1844.62,146.754,205.768
-1839.19,-212.942,-3.93581
-1833.77,-247.155,-43.6308
-1828.34,-33.1392,-60.3476
-1822.92,24.8128,-162.378
-1817.49,-153.727,-99.6849
-1812.07,-213.075,14.3522
-1806.64,-51.3998,-16.2522
-1801.22,157.719,-61.474
-1795.79,144.454,8.7411
-1790.36,-84.4298,197.924
-1784.94,-241.506,186.313
-1779.51,-205.786,-4.20104
-1774.09,-99.8761,-81.7467
-1768.66,-48.8184,-109.697
-1763.24,0.775375,-135.653
-1757.81,329.625,15.7486
-1752.39,486.425,181.928
-1746.96,78.8637,98.3236
-1741.54,-116.609,11.6544
-1736.11,-14.2909,33.8864
-1730.69,-31.0972,83.8039
-1725.26,-48.2317,101.935
-1719.83,55.3342,47.596
-1714.41,122.345,-6.72894
-1708.98,-7.23878,-22.555
-1703.56,-104.642,-18.2263
-1698.13,-55.1723,14.7114
-1692.71,-89.5543,45.9368
-1687.28,-124.526,-1.01011
-1681.86,-8.37073,-79.9185
-1676.43,32.6883,-108.721
-1671.01,7.31875,-119.716
-1665.58,19.1131,-138.579
-1660.16,44.4416,-107.723
-1654.73,103.743,-84.4312
-1649.31,82.8477,-76.0292
-1643.88,17.2491,-1.7332
-1638.45,-17.8924,39.6506
-1633.03,-60.5301,-27.0896
-1627.6,-30.7648,-144.935
-1622.18,-31.625,-143.465
-1616.75,-100.358,2.15187
-1611.33,11.4127,68.5773
-1605.9,163.06,-30.5896
-1600.48,102.699,-109.894
-1595.05,26.8977,-29.4808
-1589.63,-16.6808,34.2452
-1584.2,-73.6631,6.65471
-1578.78,-23.4164,-27.5508
-1573.35,-5.47798,-59.4504
-1567.93,-72.7149,-109.691
-1562.5,-32.7073,-141.467
-1557.07,30.5697,-186.663
-1551.65,-45.7075,-204.627
-1546.22,-208.712,-82.8867
-1540.8,-262.302,-43.8501
-1535.37,-109.581,-89.9073
-1529.95,34.6292,-113.269
-1524.52,64.7105,-140.188
-1519.1,81.9112,-105.511
-1513.67,84.433,-40.7569
-1508.25,72.706,30.7946
-1502.82,76.2417,42.2487
-1497.4,66.1275,3.31002
-1491.97,68.0386,-40.7051
-1486.55,98.8497,-98.8513
-1481.12,100.798,-42.693
-1475.69,62.3633,43.1182
-1470.27,52.4173,-41.1901
-1464.84,0.975815,-100.756
-1459.42,51.6695,-79.9558
-1453.99,311.673,-94.7891
-1448.57,277.141,28.78
-1443.14,85.6418,92.5869
-1437.72,114.564,-33.6049
-1432.29,100.753,-75.5893
-1426.87,33.9372,-16.8982
-1421.44,1.05937,52.3286
-1416.02,-40.8163,52.9054
-1410.59,-45.8154,34.441
-1405.16,-2.19838,32.2464
-1399.74,23.7703,7.69015
-1394.31,-6.68227,0.137529
-1388.89,-28.8541,-21.1864
-1383.46,11.2459,-37.9701
-1378.04,67.7245,16.8029
-1372.61,79.1226,50.7525
-1367.19,61.35,47.8964
-1361.76,53.3481,43.9117
-1356.34,148.526,6.09293
-1350.91,191.847,-17.6096
-1345.49,104.612,-23.9187
-1340.06,103.795,-25.5853
-1334.64,57.0919,-14.1641
-1329.21,-38.0961,-13.6864
-1323.78,-50.0998,-30.9723
-1318.36,-63.7502,-65.7797
-1312.93,-50.5434,-81.0172
-1307.51,-64.0077,-32.5374
-1302.08,-86.3337,40.5915
-1296.66,-29.3088,53.1557
-1291.23,8.29991,14.7979
-1285.81,7.78334,6.61853
-1280.38,-16.966,28.419
-1274.96,-5.86746,37.1342
-1269.53,53.5443,20.2784
-1264.11,42.2805,20.1756
-1258.68,112.135,131.838
-1253.26,324.667,265.229
-1247.83,240.904,157.476
-1242.4,1.94782,-8.0764
-1236.98,23.3734,-42.5196
-1231.55,73.1965,-75.7616
-1226.13,40.307,-44.4562
-1220.7,25.8482,0.118169
-1215.28,38.1429,-24.6121
-1209.85,30.3136,-10.7678
-1204.43,4.51611,56.9948
-1199,-16.7469,26.8552
-1193.58,-4.53384,-72.8948
-1188.15,66.8924,-73.3762
-1182.73,75.4566,-44.6759
-1177.3,6.54654,-44.4145
-1171.87,-55.7973,2.62833
-1166.45,-29.7184,52.0475
-1161.02,62.721,50.588
-1155.6,63.541,97.2935
-1150.17,27.809,92.1655
-1144.75,34.1508,-0.0257816
-1139.32,26.0677,-4.60347
-1133.9,-3.34294,21.3867
-1128.47,-7.77438,63.7524
-1123.05,4.24851,99.4801
-1117.62,-61.0459,60.1013
-1112.2,-95.9241,19.666
-1106.77,-7.16811,-8.17731
-1101.35,68.1883,-33.2024
-1095.92,60.5182,0.0185509
-1090.49,-2.59063,82.6991
-1085.07,7.14597,118.102
-1079.64,72.2527,91.6962
-1074.22,77.987,-0.594887
-1068.79,40.6524,-31.4751
-1063.37,-15.1243,-17.9051
-1057.94,86.0926,415.098
-1052.52,206.48,1053.03
-1047.09,42.7571,645.842
-1041.67,-93.2034,-5.43024
-1036.24,-60.5708,-69.0013
-1030.82,-20.6035,-38.5399
-1025.39,40.4006,35.9575
-1019.97,49.9345,18.6241
-1014.54,7.28396,-41.9191
-1009.11,-31.8646,-23.4143
-1003.69,-49.2647,-21.0476
-998.264,-11.4196,-51.565
-992.838,21.7248,-18.4163
-987.413,15.0811,43.7927
-981.988,8.27044,11.5432
-976.562,17.5419,-51.3811
-971.137,53.1311,-37.3844
-965.712,46.2936,15.4678
-960.286,-9.47187,106.212
-954.861,-10.7715,344.292
-949.436,-61.7429,371.624
-944.01,-114.603,114.125
-938.585,-10.0184,3.90469
-933.16,91.4182,8.98312
-927.734,122.102,-10.9213
-922.309,139.067,-26.3898
-916.884,120.288,-1.90778
-911.458,77.8447,17.335
-906.033,0.524755,12.2323
-900.608,-79.1616,20.6921
-895.182,-56.0546,3.88937
-889.757,9.55592,-15.8334
-884.331,12.2897,2.51411
-878.906,14.6156,-0.897465
-873.481,56.8275,-14.0853
-868.055,71.0052,-22.8579
-862.63,-0.287048,-83.0411
-857.205,410.249,81.1536
-851.779,967.467,359.861
-846.354,520.028,185.885
-840.929,-26.9423,-65.174
-835.503,-31.6826,-85.8108
-830.078,-39.4698,-54.2513
-824.653,-44.8791,53.061
-819.227,-57.1132,105.645
-813.802,-51.2495,37.1369
-808.377,13.9981,-33.1671
-802.951,26.4744,-35.6357
-797.526,-11.5755,-19.569
-792.101,-25.6065,-13.8401
-786.675,-2.26674,-9.90978
-781.25,-10.3213,10.4627
-775.825,-46.1624,36.4929
-770.399,-59.6926,22.2208
-764.974,-43.7192,6.11594
-759.549,-95.1005,-43.1383
-754.123,-395.009,-178.792
-748.698,-450.773,-157.765
-743.273,-154.732,9.69467
-737.847,-44.9492,51.5734
-732.422,-16.241,11.9753
-726.996,36.5927,11.766
-721.571,37.6504,29.7934
-716.146,-5.5662,14.2592
-710.72,0.166011,5.85881
-705.295,66.7419,-25.6457
-699.87,47.6972,-37.1211
-694.444,0.227053,43.4224
-689.019,-21.5647,37.4205
-683.594,-54.4798,-37.8219
-678.168,-72.1411,3.46515
-672.743,-99.8252,71.6454
-667.318,-112.794,36.5422
-661.892,-56.5659,-13.9163
-656.467,-281.093,-176.15
-651.042,-558.209,-330.417
-645.616,-274.548,-145.327
-640.191,15.3087,43.2771
-634.766,-15.819,19.1578
-629.34,8.8297,-6.90979
-623.915,72.2664,6.32745
-618.49,41.0534,-1.13404
-613.064,20.2731,-50.7233
-607.639,66.626,-70.8824
-602.214,48.8101,-24.6768
-596.788,-9.90967,-4.49672
-591.363,-12.8197,18.039
-585.937,7.5327,52.3979
-580.512,-12.3263,26.0326
-575.087,8.69168,-1.76454
-569.661,-0.480454,-2.17414
-564.236,18.4286,-14.2974
-558.811,-200.255,65.8208
-553.385,-1018.12,294.487
-547.96,-1043.53,248.609
-542.535,-254.024,14.9299
-537.109,-12.1796,14.0551
-531.684,-15.7613,45.4849
-526.259,21.2454,38.4114
-520.833,27.1636,53.0396
-515.408,18.1968,55.4576
-509.983,-2.91338,32.3994
-504.557,13.8709,-14.13
-499.132,58.972,-48.286
-493.707,79.6008,-75.2516
-488.281,39.8068,-36.1258
-482.856,-35.8046,42.5734
-477.431,-77.0214,60.143
-472.005,-52.1893,12.5125
-466.58,-30.9344,-16.7813
-461.154,-41.9683,-22.5819
-455.729,-309.369,-1048.02
-450.304,-509.062,-1932.26
-444.878,-189.315,-869.092
-439.453,60.2173,3.1621
-434.028,43.783,-41.5852
-428.602,22.3528,-29.5031
-423.177,-20.815,-28.0693
-417.752,-44.8313,7.29786
-412.326,-23.3079,41.8112
-406.901,-23.2975,14.7622
-401.476,-37.8203,-4.60531
-396.05,-18.4486,34.1563
-390.625,7.42208,35.9301
-385.2,10.2627,-14.133
-379.774,-23.009,-53.1048
-374.349,-81.2831,-28.7831
-368.924,-39.4239,16.7034
-363.498,-18.2977,6.42874
-358.073,301.012,95.1967
-352.648,1168.54,290.245
-347.222,1059.16,223.845
-341.797,178.542,26.9554
-336.371,-32.6153,-23.738
-330.946,-4.95446,-31.0925
-325.521,-37.7355,-11.7448
-320.095,-22.5239,5.02074
-314.67,9.97112,-6.50051
-309.245,40.2186,-45.1076
-303.819,53.6395,-61.2242
-298.394,57.4813,-5.16204
-292.969,17.6768,15.8672
-287.543,-14.2611,-4.71797
-282.118,6.79439,-14.421
-276.693,39.4247,9.29973
-271.267,50.4547,10.0529
-265.842,23.1122,14.4952
-260.417,-15.4969,-84.3446
-254.991,-312.441,-1449.05
-249.566,-533.994,-2328.36
-244.141,-236.377,-915.171
-238.715,-35.1287,49.7505
-233.29,-52.6773,-4.98478
-227.865,-20.4823,7.08497
-222.439,-2.57258,-12.169
-217.014,-1.59536,-2.68478
-211.589,-13.1301,25.8264
-206.163,-40.2715,-10.1239
-200.738,-63.8662,-104.749
-195.312,-64.0096,-94.809
-189.887,-36.3488,-10.0304
-184.462,21.1749,33.0466
-179.036,58.2309,40.236
-173.611,17.2901,22.1701
-168.186,-41.0279,34.4941
-162.76,-84.4454,-25.1225
-157.335,67.5315,350.74
-151.91,394.763,1252.43
-146.484,351.354,1000.68
-141.059,98.5918,97.5464
-135.634,54.4965,-85.0469
-130.208,42.3777,-60.6898
-124.783,-1.03689,-45.5216
-119.358,-37.0017,-4.00085
-113.932,-30.6526,4.56553
-108.507,2.97015,28.9024
-103.082,-61.2076,138.191
-97.6562,-84.3356,147.474
-92.2309,-10.6991,22.8746
-86.8055,20.162,-28.4107
-81.3802,49.0623,-10.7007
-75.9549,54.0298,-6.68428
-70.5295,9.65076,-32.2769
-65.1042,-12.4044,-45.8658
-59.6788,-14.9132,73.5589
-54.2535,-66.6729,749.003
-48.8281,-96.7924,1073.44
-43.4028,-38.5528,391.82
-37.9774,-17.0697,-15.4431
-32.5521,-20.6764,0.068964
-27.1267,1.43153,-31.2335
-21.7014,-12.1105,-48.7797
-16.276,-27.2409,-53.4093
-10.8507,-16.9738,-22.3171
-5.42535,-187.516,-183.189
0,-355.945,-368.591
5.42535,-176.534,-193.795
10.8507,-21.7112,-17.7423
16.276,-52.4264,-29.0883
21.7014,-48.3273,-13.8054
27.1267,-31.2644,0.340716
32.5521,0.790494,-20.6613
37.9774,-14.8379,-17.5982
43.4028,392.927,-24.8553
48.8281,1076.17,-59.2714
54.2535,750.873,-40.4928
59.6788,74.0345,-12.337
65.1042,-45.4052,-13.9976
70.5295,-32.5936,8.51907
75.9549,-8.56587,53.7641
81.3802,-12.4064,48.659
86.8055,-29.097,19.1582
92.2309,23.2341,-9.89429
97.6562,150.327,-79.1375
103.082,140.242,-56.3476
108.507,28.7811,3.977
113.932,5.63257,-30.4745
119.358,-2.70709,-37.1187
124.783,-45.4577,-2.6249
130.208,-62.1317,40.2338
135.634,-86.8969,51.4953
141.059,94.0462,101.936
146.484,987.805,386.063
151.91,1237.89,438.231
157.335,348.17,79.7308
162.76,-22.16,-85.2707
168.186,35.9049,-39.7991
173.611,21.5532,18.0532
179.036,38.1793,59.5996
184.462,32.2875,22.3152
189.887,-8.75565,-36.6765
195.312,-92.5174,-67.2792
200.738,-102.456,-67.483
206.163,-8.71239,-40.6003
211.589,26.2691,-12.2207
217.014,-2.62745,-1.68807
222.439,-12.0718,-2.9957
227.865,7.79552,-20.2225
233.29,-3.14334,-52.8192
238.715,50.9461,-33.371
244.141,-906.365,-268.171
249.566,-2308.3,-614.926
254.991,-1437.27,-362.821
260.417,-83.7524,-18.431
265.842,13.6798,23.6039
271.267,8.28582,50.7749
276.693,7.91818,39.7255
282.118,-14.6493,6.287
287.543,-4.21741,-14.417
292.969,15.2406,18.2198
298.394,-7.16502,57.2661
303.819,-63.0588,51.4702
309.245,-46.4837,38.6198
314.67,-6.84454,9.7382
320.095,5.80385,-22.3349
325.521,-10.4206,-38.1224
330.946,-30.9005,-6.03645
336.371,-22.5855,-33.4237
341.797,20.708,179.374
347.222,186.745,1066.33
352.648,249.287,1177.95
358.073,84.6337,304.151
363.498,7.06344,-18.0624
368.924,18.069,-38.8169
374.349,-25.9289,-82.2381
379.774,-52.2695,-24.8482
385.2,-14.4826,9.7633
390.625,35.6493,8.67145
396.05,34.7793,-17.2453
401.476,-3.28258,-37.958
406.901,15.5663,-22.7681
412.326,42.5992,-21.8345
417.752,8.85795,-44.549
423.177,-27.3256,-21.7817
428.602,-30.2652,21.3096
434.028,-43.0878,42.3051
439.453,1.05868,60.291
444.878,-861.956,-219.53
450.304,-1913.31,-576.186
455.729,-1036.59,-345.756
461.154,-21.1035,-42.7308
466.58,-15.6915,-31.5012
472.005,14.3262,-51.7208
477.431,62.7943,-74.8756
482.856,43.797,-34.297
488.281,-37.493,38.5218
493.707,-77.9838,76.926
499.132,-50.3146,57.2509
504.557,-14.6057,13.3695
509.983,32.4813,-1.78096
515.408,54.7888,20.1211
520.833,52.0593,28.9981
526.259,37.6466,22.573
531.684,46.0072,-14.1644
537.109,14.4715,-11.6818
542.535,23.786,-253.348
547.96,284.876,-1034.22
553.385,329.84,-1007.23
558.811,72.7694,-197.836
564.236,-14.9318,17.9186
569.661,-2.15598,-0.55601
575.087,-2.06678,8.62486
580.512,26.4468,-11.4103
585.937,52.1031,9.35679
591.363,18.4757,-12.1821
596.788,-4.14825,-10.0605
602.214,-26.3653,47.9191
607.639,-73.1644,64.1117
613.064,-51.3999,18.4905
618.49,-2.56631,40.9887
623.915,3.80087,72.4419
629.34,-7.21409,8.58282
634.766,19.6982,-15.1409
640.191,42.7165,16.8097
645.616,-135.657,-279.452
651.042,-310.735,-569.4
656.467,-166.233,-287.07
661.892,-11.9338,-57.0171
667.318,40.4563,-111.45
672.743,75.0855,-97.2641
678.168,5.98072,-71.9762
683.594,-35.8976,-55.7665
689.019,38.1503,-20.2456
694.444,43.388,1.7423
699.87,-38.7631,46.3727
705.295,-27.9594,65.8062
710.72,5.84919,0.370307
716.146,14.4447,-5.06516
721.571,28.4612,38.6674
726.996,10.4818,36.9811
732.422,12.5348,-15.8133
737.847,53.1107,-43.1219
743.273,15.0888,-154.3
748.698,-141.937,-456.004
754.123,-164.897,-401.008
759.549,-39.7934,-96.548
764.974,7.63648,-43.4782
770.399,24.29,-58.881
775.825,38.0817,-44.8607
781.25,10.8166,-9.94986
786.675,-9.82464,-2.61125
792.101,-12.9382,-26.074
797.526,-19.1533,-12.2512
802.951,-36.538,25.2146
808.377,-33.6355,12.832
813.802,38.9027,-49.9223
819.227,107.573,-53.3916
824.653,54.595,-43.0001
830.078,-52.8408,-41.3391
835.503,-84.6528,-34.658
840.929,-64.194,-29.2005
846.354,167.624,526.198
851.779,325.879,979.437
857.205,66.7869,412.832
862.63,-82.9805,-3.18494
868.055,-25.322,70.1642
873.481,-16.0599,56.3013
878.906,-1.40698,14.5752
884.331,2.08365,12.37
889.757,-16.1573,8.99755
895.182,5.84316,-55.8847
900.608,23.4422,-78.3913
906.033,12.2065,0.951359
911.458,14.6077,78.4023
916.884,-6.10458,120.149
922.309,-31.227,138.061
927.734,-15.1759,121.646
933.16,5.78729,91.676
938.585,4.25195,-9.87647
944.01,118.055,-110.55
949.436,373.552,-48.7359
954.861,344.458,1.25043
960.286,106.478,-5.75941
965.712,13.8428,46.8052
971.137,-39.217,51.7933
976.562,-51.9621,15.738
981.988,11.2476,8.66821
987.413,43.2397,16.6003
992.838,-19.1632,21.0688
998.264,-51.1351,-13.2123
1003.69,-19.3155,-49.9692
1009.11,-22.288,-32.6623
1014.54,-42.1478,5.81654
1019.97,16.8701,50.5541
1025.39,34.5255,41.631
1030.82,-37.7973,-21.9359
1036.24,-66.8454,-62.9419
1041.67,-2.17425,-93.3361
1047.09,643.957,65.2704
1052.52,1045.18,243.104
1057.94,411.841,100.527
1063.37,-17.3664,-15.74
1068.79,-32.8746,39.5293
1074.22,-3.31617,77.9188
1079.64,89.1188,75.4087
1085.07,117.781,11.2633
1090.49,82.7392,0.297089
1095.92,-2.09348,60.4819
1101.35,-35.5619,66.988
1106.77,-7.92213,-7.44908
1112.2,23.0018,-95.1792
1117.62,62.1953,-58.9112
1123.05,99.2713,7.71767
1128.47,63.9849,-5.54477
1133.9,21.4903,-2.59461
1139.32,-5.51045,25.891
1144.75,-1.21779,34.1291
1150.17,91.1386,31.0086
1155.6,95.0167,66.8979
1161.02,48.3683,64.4482
1166.45,53.053,-27.8838
1171.87,4.57398,-55.6716
1177.3,-44.6159,4.99249
1182.73,-47.2821,73.8515
1188.15,-75.666,64.2909
1193.58,-72.6921,-7.07501
1199,27.4234,-15.7994
1204.43,56.8024,6.5024
1209.85,-11.8192,29.9192
1215.28,-25.9282,37.2607
1220.7,-0.783954,25.8366
1226.13,-45.8359,38.7308
1231.55,-78.2701,70.508
1236.98,-43.3095,21.8753
1242.4,-8.13935,1.66477
1247.83,148.973,246.253
1253.26,253.737,333.726
1258.68,127.844,116.668
1264.11,18.6879,42.9589
1269.53,18.3974,54.2194
1274.96,37.3163,-4.568
1280.38,28.9939,-15.9638
1285.81,6.34278,8.00965
1291.23,14.4993,8.8114
1296.66,54.1461,-27.4359
1302.08,43.5797,-84.8645
1307.51,-30.2837,-65.1043
1312.93,-79.2044,-53.3402
1318.36,-63.5166,-66.0075
1323.78,-29.2049,-51.15
1329.21,-12.3485,-38.5505
1334.64,-16.1479,56.5628
1340.06,-29.192,102.839
1345.49,-27.555,103.714
1350.91,-24.2942,191.115
1356.34,0.905754,148.648
1361.76,42.0231,54.8481
1367.19,45.7262,62.9842
1372.61,47.9605,80.8457
1378.04,14.4292,68.2697
1383.46,-38.3394,9.91392
1388.89,-20.1665,-29.5759
1394.31,0.370692,-6.67336
1399.74,6.85582,24.0242
1405.16,32.3034,-1.07192
1410.59,36.0189,-44.5855
1416.02,54.2977,-38.9452
1421.44,52.2598,2.88491
1426.87,-18.0722,33.3268
1432.29,-79.0594,98.0534
1437.72,-37.5826,113.322
1443.14,89.5417,88.8209
1448.57,19.0904,277.977
1453.99,-105.609,308.174
1459.42,-81.7101,48.8475
1464.84,-100.729,-2.54108
1470.27,-42.9943,50.9479
1475.69,40.9155,63.8301
1481.12,-46.1848,99.2471
1486.55,-102.241,95.3394
1491.97,-43.0553,66.5764
1497.4,1.00008,66.2028
1502.82,39.5622,77.6697
1508.25,28.2385,73.7365
1513.67,-43.6787,82.9591
1519.1,-108.305,78.1791
1524.52,-142.361,59.7787
1529.95,-114.409,30.6552
1535.37,-86.0283,-112.651
1540.8,-34.6693,-263.673
1546.22,-75.5526,-211.478
1551.65,-202.908,-52.8209
1557.07,-187.616,24.0368
1562.5,-140.239,-37.6244
1567.93,-107.086,-76.4987
1573.35,-59.2232,-7.54946
1578.78,-26.717,-24.3637
1584.2,9.22144,-73.3861
1589.63,34.8065,-15.4755
1595.05,-30.4015,25.8525
1600.48,-113.411,98.8016
1605.9,-36.2615,161.893
1611.33,68.1372,13.799
1616.75,5.65297,-100.222
1622.18,-142.274,-36.6125
1627.6,-143.773,-35.8041
1633.03,-24.9608,-61.4384
1638.45,40.2509,-16.4975
1643.88,-2.33417,17.1781
1649.31,-78.8742,80.144
1654.73,-88.0003,100.734
1660.16,-109.209,40.6549
1665.58,-139.164,14.2651
1671.01,-119.899,3.13628
1676.43,-109.796,28.874
1681.86,-79.5777,-11.1547
1687.28,3.33633,-124.485
1692.71,49.0341,-87.8967
1698.13,16.6279,-54.6253
1703.56,-14.5633,-105.214
1708.98,-22.2888,-8.02159
1714.41,-10.9945,122.036
1719.83,45.6362,56.9614
1725.26,103.556,-44.6449
1730.69,84.8382,-28.1535
1736.11,34.3645,-13.0996
1741.54,15.7169,-116.131
1746.96,95.5111,82.2469
1752.39,164.842,492.478
1757.81,4.23547,329.973
1763.24,-135.598,-3.95927
1768.66,-107.927,-52.617
1774.09,-78.2113,-102.668
1779.51,2.98321,-205.807
1784.94,194.627,-234.857
1790.36,200.75,-77.471
1795.79,3.69431,144.671
1801.22,-66.9407,155.478
1806.64,-14.4482,-51.935
1812.07,21.7799,-212.444
1817.49,-94.2592,-157.113
1822.92,-163.145,19.1309
1828.34,-59.1542,-35.225
1833.77,-34.9793,-248.527
1839.19,3.49667,-212.95
1844.62,200.521,153.846
1850.04,390.522,626.729
1855.47,231.232,479.207
1860.89,-97.764,-169.372
1866.32,-6.47415,-341.496
1871.74,291.236,-37.1004
1877.17,336.537,67.8392
1882.6,231.834,-135.023
1888.02,197.638,-396.056
1893.45,134.378,-363.113
1898.87,-46.6554,240.791
1904.3,-77.4731,628.668
1909.72,-18.3219,310.752
1915.15,-38.3859,82.1132
1920.57,112.67,304.388
1926,234.925,327.775
1931.42,102.671,239.209
1936.85,-159.7,104.012
1942.27,-459.402,-380.692
1947.7,-1408.74,-1059.42
1953.12,-2341.32,-1325.21
1958.55,-1539.51,-742.341
1963.98,-486.38,-173.034
1969.4,-344.505,-26.7471
1974.83,-212.748,-367.281
1980.25,149.215,-495.568
1985.68,517.557,-177.469
1991.1,473.937,-78.0156
1996.53,96.8892,-125.755
2001.95,226.684,-192.461
2007.38,17330,687.42
2012.8,33421.7,783.379
2018.23,16212.9,-513.81
2023.65,24.4941,-700.869
2029.08,62.1311,-120.82
2034.51,-320.711,411.908
2039.93,-222.097,580.277
2045.36,302.456,230.557
2050.78,905.373,-286.853
2056.21,739.562,-494.872
2061.63,178.634,-371.016
2067.06,61.6429,-112.511
2072.48,16.8012,20.6215
2077.91,63.3656,-55.0728
2083.33,78.8172,-10.5903
2088.76,-20.0265,-181.185
2094.18,142.86,-260.85
2099.61,242.091,-65.5408
2105.03,51.0697,-160.47
2110.46,89.7688,-162.295
2115.89,174.434,140.98
2121.31,-41.7573,211.248
2126.74,-184.296,189.407
2132.16,-84.2888,182.319
2137.59,161.113,12.7048
2143.01,123.875,-182.337
2148.44,106.855,-379.961
2153.86,351.198,-387.437
2159.29,151.704,-38.2236
2164.71,-73.8584,269.879
2170.14,113.143,264.258
2175.56,116.882,19.2719
2180.99,-59.2458,-127.585
2186.41,-172.652,12.7872
2191.84,-321.262,27.072
2197.27,-238.414,-57.8647
2202.69,163.598,-93.8588
2208.12,296.003,-92.3812
2213.54,62.7621,-80.2362
2218.97,-35.0007,-72.3342
2224.39,-100.985,36.6236
2229.82,-163.749,2.57897
2235.24,16.7218,-64.7637
2240.67,73.3283,-91.1368
2246.09,-77.8793,34.8481
2251.52,-23.5376,355.59
2256.94,140.705,312.403
2262.37,99.7204,23.9549
2267.79,21.6018,-122.079
2273.22,23.409,-60.5056
2278.65,10.8431,53.261
2284.07,51.0496,-55.5886
2289.5,73.9388,-139.773
2294.92,49.572,-58.3111
2300.35,74.2965,-130.016
2305.77,17.6364,-280.051
2311.2,-64.6584,-269.285
2316.62,-68.5776,-102.389
2322.05,-62.0757,16.8561
2327.47,-33.2503,-7.39817
2332.9,15.968,21.9082
2338.32,32.2365,74.0688
2343.75,-7.29501,130.71
2349.18,-139.051,75.9029
2354.6,-294.718,-149.982
2360.03,-237.667,-172.866
2365.45,-36.0732,-13.687
2370.88,42.6321,91.5697
2376.3,1.49808,48.2336
2381.73,18.1063,-104.664
2387.15,38.7295,-135.962
2392.58,-25.1176,-38.2787
2398,-111.244,78.4989
2403.43,-123.396,0.369255
2408.85,-92.9243,-173.482
2414.28,-113.853,-143.332
2419.7,-47.9874,-118.745
2425.13,40.4982,-131.563
2430.56,19.0975,-85.1849
2435.98,-15.3458,-14.3132
2441.41,-23.2278,108.015
2446.83,-27.3037,78.4806
2452.26,-35.3845,-73.7326
2457.68,-3.16819,-2.03354
2463.11,103.209,43.8744
2468.53,166.358,-73.6607
2473.96,129.062,-76.1593
2479.38,39.7556,-87.978
2484.81,-79.7672,-62.1892
2490.23,-84.9356,61.6596
2495.66,-29.3019,52.9053
2501.08,-44.1853,-54.6091
2506.51,-1.5004,-89.4628
2511.94,62.331,-36.8625
2517.36,47.5121,56.8547
2522.79,42.711,67.6591
2528.21,82.9986,-5.29497
2533.64,52.0835,-73.8772
2539.06,-23.8356,-131.557
2544.49,-47.3695,-68.4771
2549.91,-134.693,-78.6469
2555.34,-175.134,-150.495
2560.76,-63.4246,-21.0606
2566.19,-9.30175,41.5668
2571.61,-69.7021,4.50114
2577.04,-94.5698,63.624
2582.47,-20.586,97.1431
2587.89,76.6517,48.138
2593.32,113.732,-19.0395
2598.74,21.3291,-19.6437
2604.17,-64.9143,93.9555
2609.59,-44.0611,169.832
2615.02,-4.68678,105.229
2620.44,51.8566,43.6763
2625.87,113.276,50.5432
2631.29,133.28,-8.32164
2636.72,92.9221,-102.621
2642.14,-20.6588,-138.911
2647.57,61.3814,-135.826
2652.99,315.225,-84.6944
2658.42,271.673,-38.6743
2663.85,130.241,34.8047
2669.27,95.282,126.929
2674.7,21.2051,117.531
2680.12,-21.113,64.9324
2685.55,-4.96875,64.8713
2690.97,21.2781,76.7941
2696.4,-0.0102711,53.2024
2701.82,-7.58629,6.75935
2707.25,-21.2652,-48.0366
2712.67,-52.4447,-49.0002
2718.1,-12.1799,-8.61301
2723.52,27.1963,-18.7637
2728.95,3.83985,-16.9463
2734.37,-36.0721,16.6581
2739.8,-3.19176,19.3622
2745.23,86.1603,37.525
2750.65,218.29,69.7464
2756.08,216.976,87.1077
2761.5,13.7951,59.4742
2766.93,-76.9346,-21.9167
2772.35,-26.7334,-79.4055
2777.78,-8.25595,-85.0377
2783.2,-28.9571,-32.8005
2788.63,-19.4524,54.0093
2794.05,3.6576,66.5192
2799.48,30.5518,26.5677
2804.9,14.6317,69.9254
2810.33,-44.3691,82.7616
2815.75,-31.025,17.4826
2821.18,-24.0675,28.4752
2826.61,-72.9267,41.0057
2832.03,-62.8248,24.5514
2837.46,-3.56232,37.8739
2842.88,4.25366,38.0327
2848.31,-28.5268,53.2892
2853.73,-38.393,77.8113
2859.16,-10.9387,21.1794
2864.58,8.32667,-60.6506
2870.01,19.5382,-53.2011
2875.43,62.132,-25.8306
2880.86,80.8558,-40.1776
2886.28,42.3592,-25.4596
2891.71,41.9774,10.6626
2897.14,88.5043,-12.7396
2902.56,25.8117,-75.9143
2907.99,-90.3237,-62.3772
2913.41,-104.482,-6.50097
2918.84,-49.7896,-13.662
2924.26,-4.63492,-9.06789
2929.69,6.24085,17.2977
2935.11,23.156,11.572
2940.54,31.8866,-8.13688
2945.96,3.71742,28.5336
2951.39,-19.1114,194.916
2956.81,-8.61462,233.897
2962.24,-28.3893,90.8167
2967.66,-57.6125,24.1618
2973.09,-39.9717,0.524923
2978.52,-33.4341,8.7484
2983.94,-22.5291,76.0961
2989.37,-17.951,81.5593
2994.79,-37.5787,14.4392
3000.22,-6.23976,6.82762
3005.64,46.4826,8.35146
3011.07,39.4694,-46.6146
3016.49,28.2474,-86.494
3021.92,67.6987,-90.0932
3027.34,94.755,-59.5083
3032.77,69.009,-25.5271
3038.19,30.298,38.9593
3043.62,24.2449,70.7202
3049.04,-1.51783,23.2955
3054.47,-16.1652,31.175
3059.9,30.4058,45.5576
3065.32,24.1644,10.0642
3070.75,-26.0702,5.32817
3076.17,-34.0321,33.295
3081.6,30.0388,36.3723
3087.02,64.7855,5.13647
3092.45,21.9522,-20.2795
3097.87,12.3441,-23.6199
3103.3,-1.15835,-7.64875
3108.72,-32.4674,-9.77282
3114.15,-34.8778,-12.2102
3119.57,-30.23,5.07586
3125,-25.7092,-8.94658
3130.43,-27.0882,-34.4639
3135.85,-52.192,-34.4603
3141.28,-64.987,-17.0165
3146.7,-43.2255,-26.9574
3152.13,-25.4057,-104.206
3157.55,39.1864,-105.432
3162.98,83.3532,-7.60089
3168.4,20.9005,27.7948
3173.83,-10.5163,-0.767189
3179.25,6.87587,-30.7599
3184.68,-12.1511,-31.6551
3190.1,-22.0325,-7.76738
3195.53,-8.48566,3.49159
3200.95,-29.3886,-24.6481
3206.38,-53.6218,-34.266
3211.81,-57.1528,-11.5409
3217.23,-45.855,-10.8162
3222.66,-48.851,0.754543
3228.08,-84.4658,16.39
3233.51,-62.1541,-11.8138
3238.93,-21.6214,-25.4686
3244.36,-0.847053,20.5336
3249.78,24.0404,80.9004
3255.21,24.4132,98.532
3260.63,10.541,69.2047
3266.06,8.75546,40.3663
3271.48,-5.65298,21.1025
3276.91,-77.899,-2.03679
3282.33,-57.2121,-14.3389
3287.76,44.2173,-3.31746
3293.19,46.3304,-4.06914
3298.61,2.9588,-20.2226
3304.04,-12.7389,2.57751
3309.46,-5.99971,25.5346
3314.89,17.308,9.35994
3320.31,21.8925,8.43741
3325.74,1.94102,27.281
3331.16,5.31081,42.9418
3336.59,29.7929,55.5139
3342.01,38.5868,33.9412
3347.44,46.0558,11.5935
3352.86,53.6798,10.7624
3358.29,43.5855,10.2339
3363.71,51.8859,29.1475
3369.14,65.6513,38.0136
3374.57,32.4604,9.15242
3379.99,8.17368,-4.48761
3385.42,26.9231,9.23792
3390.84,28.06,-37.0758
3396.27,39.2755,-105.897
3401.69,33.2038,-77.1059
3407.12,-3.6919,-6.66831
3412.54,10.8146,5.2253
3417.97,16.6775,19.2841
3423.39,-19.9932,65.0157
3428.82,-34.3856,51.5984
3434.24,5.44224,-14.8774
3439.67,19.4771,-48.5115
3445.1,-20.9371,-39.3572
3450.52,14.3552,0.863733
3455.95,74.4203,40.2718
3461.37,48.6542,43.076
3466.8,28.0129,39.5174
3472.22,36.4592,2.60977
3477.65,-1.10019,-42.6075
3483.07,-37.1756,-2.9797
3488.5,-30.6089,13.2403
3493.92,-8.17157,-37.7834
3499.35,-3.38946,21.7821
3504.77,-22.7273,92.1732
3510.2,6.81669,24.3418
3515.62,34.7614,-23.6779
3521.05,0.301626,-19.4143
3526.48,-37.856,-2.80801
3531.9,-49.367,50.6713
3537.33,-22.4923,49.274
3542.75,11.0881,10.7299
3548.18,-9.8388,-5.71998
3553.6,-42.8893,-47.9583
3559.03,-45.5409,-46.1852
3564.45,-61.5193,7.76979
3569.88,-69.45,16.6158
3575.3,-18.5956,5.01796
3580.73,24.221,31.1797
3586.15,-24.4395,45.2264
3591.58,-26.6443,15.3643
3597,16.6911,35.1771
3602.43,-11.979,91.5979
3607.86,-48.8662,81.3368
3613.28,-82.385,22.9421
3618.71,-66.5292,-13.5672
3624.13,-9.52627,-12.7245
3629.56,23.3049,20.4894
3634.98,42.5426,56.6462
3640.41,32.4926,42.4654
3645.83,35.2288,10.1211
3651.26,18.2979,7.84978
3656.68,-35.3183,14.3702
3662.11,2.38771,1.69208
3667.53,40.0015,-10.5558
3672.96,28.3113,-11.4518
3678.39,62.0074,-6.84045
3683.81,81.4787,20.1187
3689.24,44.9768,59.0064
3694.66,-17.9548,73.3082
3700.09,-33.3335,54.1179
3705.51,14.204,56.2138
3710.94,57.6654,51.7646
3716.36,54.5707,31.1232
3721.79,15.3187,47.4838
3727.21,9.64366,25.4126
3732.64,44.7883,-0.927519
3738.06,42.889,20.9511
3743.49,-31.2386,11.7905
3748.91,-83.5206,-23.9151
3754.34,-40.0979,-19.2461
3759.77,18.0175,19.075
3765.19,41.6241,19.2766
3770.62,35.3547,9.94363
3776.04,14.5979,22.5986
3781.47,26.6361,16.7872
3786.89,34.8587,-27.1335
3792.32,42.6362,-67.3372
3797.74,48.5074,-44.5691
3803.17,5.1662,14.1996
3808.59,-8.06787,45.106
3814.02,21.2152,14.8898
3819.44,15.635,-8.95905
3824.87,-21.7038,6.59805
3830.29,-27.4519,10.7741
3835.72,-8.3634,12.2166
3841.15,-9.23839,10.3347
3846.57,-12.1185,0.29317
3852,-16.2967,-6.19861
3857.42,-12.914,18.2032
3862.85,-0.567975,12.4114
3868.27,31.2814,-35.2477
3873.7,57.3345,-24.7885
3879.12,32.2994,-14.8287
3884.55,7.87813,-10.1423
3889.97,17.3685,25.8411
3895.4,26.1784,24.6615
3900.82,-9.76617,6.14067
3906.25,-35.0546,3.67727
3911.68,10.7001,-1.51191
3917.1,59.6701,-7.67387
3922.53,42.0334,-22.6088
3927.95,7.76372,-27.9985
3933.38,-5.65654,-22.585
3938.8,-10.6438,-1.39141
3944.23,-7.71013,8.23001
3949.65,15.0807,-5.83884
3955.08,39.2625,11.5121
3960.5,-0.858541,28.26
3965.93,-15.092,45.8234
3971.35,27.7156,79.3236
3976.78,30.1845,64.1476
3982.2,21.6528,42.9064
3987.63,22.8273,60.5739
3993.06,6.14951,24.5636
3998.48,-12.087,8.9745
4003.91,25.7078,57.7813
4009.33,90.7237,25.1119
4014.76,76.0658,-13.1489
4020.18,6.93227,-0.117486
4025.61,1.5254,-12.9656
4031.03,23.3409,-12.3062
4036.46,9.51105,-5.04493
4041.88,-2.7221,-13.4127
4047.31,1.71554,-15.9768
4052.73,53.5718,2.00599
4058.16,105.85,19.2075
4063.58,78.636,36.669
4069.01,23.3818,44.114
4074.44,3.71315,15.0428
4079.86,24.4428,0.403662
4085.29,68.8201,11.2947
4090.71,72.4287,30.3876
4096.14,16.8971,18.6251
4101.56,-10.7546,4.09331
4106.99,-10.1053,27.1856
4112.41,-22.176,-4.47871
4117.84,-8.70191,-41.7641
4123.26,-19.9692,-24.0605
4128.69,-56.3874,-31.2425
4134.11,-35.6118,-36.8814
4139.54,2.63207,-30.8022
4144.96,16.4343,-48.4577
4150.39,3.01769,-39.5722
4155.82,-20.907,-10.2002
4161.24,-18.0047,13.6125
4166.67,-1.11794,50.6982
4172.09,8.19043,23.5107
4177.52,7.71912,-2.46302
4182.94,-11.5292,60.1794
4188.37,-14.036,74.4408
4193.79,20.0177,47.2448
4199.22,53.7654,45.6891
4204.64,38.4453,37.0677
4210.07,-3.47138,22.6019
4215.49,-1.46438,-14.2432
4220.92,17.6991,-34.6201
4226.35,25.8089,-5.70904
4231.77,-9.37976,-2.17835
4237.2,-75.7314,-38.0663
4242.62,-55.3606,-22.8628
4248.05,8.82888,15.2659
4253.47,12.5767,-7.20787
4258.9,3.33781,-21.407
4264.32,-3.27117,-8.35994
4269.75,-29.7121,-6.78649
4275.17,-21.5706,-6.59258
4280.6,22.9596,4.70568
4286.02,45.4928,-0.70529
4291.45,23.7079,-9.22167
4296.87,-24.8948,2.60616
4302.3,-22.6791,-23.8621
4307.73,23.4113,-36.2119
4313.15,26.3657,16.553
4318.58,7.48304,47.2398
4324,6.54702,23.1094
4329.43,4.06133,-18.1165
4334.85,-16.0006,-25.3544
4340.28,-56.8779,-10.9441
4345.7,-42.2403,-10.0308
4351.13,28.4675,8.00973
4356.55,31.7466,23.9303
4361.98,-4.13957,9.00091
4367.4,-41.1182,5.47343
4372.83,-63.627,7.76917
4378.25,-6.20867,-12.3991
4383.68,48.6993,-9.16891
4389.11,17.9698,12.8044
4394.53,-35.3672,16.4884
4399.96,-57.7394,5.91045
4405.38,-16.423,-29.5342
4410.81,38.7008,-51.7475
4416.23,9.16303,-28.2499
4421.66,-19.8073,-11.9898
4427.08,-8.09509,11.259
4432.51,31.4742,60.1537
4437.93,76.4426,64.6182
4443.36,46.5868,31.2695
4448.78,28.1612,-1.90808
4454.21,22.1243,-39.1297
4459.63,-9.7914,-31.2044
4465.06,-12.8867,0.245214
4470.49,11.0266,-1.85748
4475.91,39.9275,-3.70395
4481.34,24.8221,-33.4092
4486.76,-11.0678,-63.916
4492.19,-23.8954,-18.1651
4497.61,-10.8166,24.9763
4503.04,18.0636,-2.74189
4508.46,35.2362,-31.2837
4513.89,33.1786,-42.7929
4519.31,35.651,-50.3836
4524.74,27.1135,-3.61319
4530.16,-22.0451,55.2586
4535.59,-27.9695,65.1233
4541.02,4.6741,33.1836
4546.44,8.80101,-9.90837
4551.87,-11.2306,-11.1284
4557.29,-67.4924,37.4655
4562.72,-86.4576,70.5978
4568.14,-30.7298,59.3261
4573.57,20.1427,22.1688
4578.99,29.5464,-48.6191
4584.42,21.382,-72.9856
4589.84,41.2459,-31.728
4595.27,38.4201,-30.5339
4600.69,-9.94237,-33.7733
4606.12,-21.8883,-23.9781
4611.54,-14.84,-56.6593
4616.97,-6.72509,-61.4964
4622.4,8.72196,-23.8492
4627.82,-4.72423,-25.2252
4633.25,-10.5558,-35.2907
4638.67,2.44354,-34.1349
4644.1,15.1988,-10.4885
4649.52,24.0723,35.8183
4654.95,22.9424,25.1696
4660.37,24.5308,-1.53839
4665.8,6.57228,8.63786
4671.22,-20.1527,22.9322
4676.65,-20.4707,22.0577
4682.07,-2.8859,6.04334
4687.5,-36.8029,-6.81992
4692.92,-76.3742,9.49852
4698.35,-30.9521,49.7513
4703.78,1.27717,51.1787
4709.2,-11.4714,15.9647
4714.63,-28.3878,-8.13565
4720.05,-37.6235,-18.6797
4725.48,-3.88187,-30.9862
4730.9,16.8244,-61.1211
4736.33,-16.6467,-66.9211
4741.75,-4.01347,-10.014
4747.18,59.3317,28.6623
4752.6,32.3739,26.2754
4758.03,-7.06077,27.2497
4763.45,30.6338,3.58596
4768.88,15.4206,-6.29564
4774.31,-11.4722,-5.99496
4779.73,31.4071,-37.396
4785.16,72.0173,-43.8437
4790.58,58.1829,-12.3044
4796.01,34.9695,-0.852764
4801.43,19.3472,-26.8272
4806.86,11.0765,-52.5848
4812.28,51.0947,-49.4434
4817.71,64.0625,-21.7694
4823.13,25.2733,-8.18071
4828.56,-12.8885,-1.15413
4833.98,-9.3566,9.44783
4839.41,7.34752,8.47884
4844.83,0.121875,-6.23065
4850.26,15.9128,-36.6038
4855.69,-2.37777,-48.8932
4861.11,-50.6807,-11.4882
4866.54,-36.2273,41.758
4871.96,-1.17073,47.1551
4877.39,-9.86463,30.0001
4882.81,-33.6672,-0.696743
4888.24,-26.3392,-36.1293
4893.66,-22.6525,-33.6005
4899.09,-19.67,-17.1449
4904.51,30.5612,13.0359
4909.94,61.7803,20.251
4915.36,30.1961,-4.02769
4920.79,4.64702,19.3247
4926.21,31.1548,49.6442
4931.64,48.2951,6.9118
4937.07,41.6906,-37.8882
4942.49,43.0521,-39.7012
4947.92,19.9173,-18.5369
4953.34,39.1686,20.2932
4958.77,96.7146,22.4101
4964.19,66.3388,2.22083
4969.62,17.7015,-6.39663
4975.04,23.977,1.92685
4980.47,22.4179,26.2145
4985.89,15.7986,16.7427
4991.32,26.9273,-9.35419
4996.74,38.6121,24.6691
5002.17,35.2179,70.7216
5007.6,3.08874,65.577
5013.02,-17.8742,66.7854
5018.45,-2.6606,57.3598
5023.87,-4.42735,23.2479
5029.3,-27.697,12.1783
5034.72,-21.7447,25.4756
5040.15,3.13859,22.7083
5045.57,13.0414,7.16196
5051,4.80641,37.3262
5056.42,6.29743,63.6323
5061.85,22.299,21.4962
5067.27,13.6169,-32.6199
5072.7,-19.3133,-55.5198
5078.12,-16.4722,-54.7051
5083.55,11.6239,-23.4695
5088.98,-12.8274,2.25807
5094.4,23.1643,-21.369
5099.83,127.925,-3.23309
5105.25,83.5498,57.9494
5110.68,-16.4698,53.241
5116.1,-9.35037,40.9155
5121.53,-11.1471,39.9682
5126.95,-64.1802,33.6299
5132.38,-61.0721,19.3722
5137.8,-6.75402,-29.2085
5143.23,15.1267,-39.241
5148.65,19.7563,-3.05055
5154.08,13.2955,5.39509
5159.5,-5.90126,9.71393
5164.93,-10.0065,20.3158
5170.36,1.82873,17.1846
5175.78,11.979,26.9424
5181.21,-9.11052,19.0942
5186.63,-11.089,-12.4344
5192.06,29.3321,-36.0817
5197.48,37.3568,-32.0435
5202.91,8.24595,-15.8434
5208.33,-17.3234,-16.7725
5213.76,-17.385,-26.8694
5219.18,30.6982,-23.0682
5224.61,78.3907,40.2897
5230.03,69.3112,84.6802
5235.46,49.0498,41.0196
5240.88,4.51713,-21.6961
5246.31,-75.695,-37.0926
5251.74,-82.8215,0.00317764
5257.16,-39.3923,14.6405
5262.59,-36.9073,-18.1002
5268.01,-27.6537,-32.9095
5273.44,5.77728,5.98871
5278.86,12.2115,31.9595
5284.29,-2.83828,4.04322
5289.71,-32.1763,-13.6552
5295.14,-8.93058,1.21223
5300.56,33.2764,8.59177
5305.99,-26.3059,-14.7916
5311.41,-88.2874,-3.57639
5316.84,-60.6412,49.2946
5322.27,-19.3762,38.3683
5327.69,-8.6993,4.53371
5333.12,21.7258,-2.42805
5338.54,46.1271,-28.3083
5343.97,14.9796,-43.9958
5349.39,4.09695,-19.4783
5354.82,31.2728,-0.604437
5360.24,12.5161,-19.1
5365.67,-33.6204,-41.1739
5371.09,-46.6474,-39.4856
5376.52,-15.429,-30.2683
5381.94,47.1827,-45.926
5387.37,70.4214,-42.8421
5392.79,22.2042,33.6514
5398.22,-18.556,89.1652
5403.65,2.986,58.6926
5409.07,30.0206,-9.96974
5414.5,24.4735,-51.1122
5419.92,19.2307,-16.0597
5425.35,34.76,25.0317
5430.77,48.9284,-1.25972
5436.2,30.444,-4.71328
5441.62,9.31664,29.8944
5447.05,32.1299,25.9389
5452.47,46.4691,22.7022
5457.9,34.3424,25.5414
5463.32,23.0598,18.8791
5468.75,-16.7747,19.3631
5474.17,-16.7933,5.21621
5479.6,38.0352,10.9441
5485.03,49.7402,26.9835
5490.45,27.3901,-4.20433
5495.88,3.0997,-39.8475
5501.3,-2.39914,-15.4662
5506.73,15.2102,44.056
5512.15,28.8512,28.253
5517.58,43.2278,-22.3256
5523,38.402,-27.4933
5528.43,18.2073,2.29091
5533.85,6.72798,46.3231
5539.28,24.7448,35.1006
5544.7,71.562,-20.9171
5550.13,77.0853,-35.5486
