0,4287.75
4.88281e-005,371.668
9.76563e-005,-3777.49
0.000146484,-6762.97
0.000195313,-7801.26
0.000244141,-6759.95
0.000292969,-4021.63
0.000341797,-363.058
0.000390625,3242.53
0.000439453,5861.42
0.000488281,6866.39
0.000537109,6064.18
0.000585938,3759.5
0.000634766,637.164
0.000683594,-2490.82
0.000732422,-4795.22
0.00078125,-5750.84
0.000830078,-5166.23
0.000878906,-3265.67
0.000927734,-622.404
0.000976563,2076.34
0.00102539,4107.36
0.00107422,4990.86
0.00112305,4555.2
0.00117188,2982.73
0.0012207,734.172
0.00126953,-1576.89
0.00131836,-3397.58
0.00136719,-4223.33
0.00141602,-3907.58
0.00146484,-2615.52
0.00151367,-705.959
0.0015625,1305.96
0.00161133,2874.13
0.00166016,3643.73
0.00170898,3436.46
0.00175781,2368.12
0.00180664,760.755
0.00185547,-959.503
0.0019043,-2356.82
0.00195313,-3050.84
0.00200195,-2941.96
0.00205078,-2055.64
0.00209961,-695.016
0.00214844,777.513
0.00219727,1978.64
0.00224609,2631.43
0.00229492,2563.27
0.00234375,1850.73
0.00239258,694.583
0.00244141,-567.026
0.00249023,-1642.63
0.00253906,-2229.81
0.00258789,-2195.41
0.00263672,-1613.25
0.00268555,-642.783
0.00273437,437.015
0.0027832,1361.61
0.00283203,1890.76
0.00288086,1898.45
0.00292969,1430.8
0.00297852,607.96
0.00302734,-327.614
0.00307617,-1132.29
0.003125,-1595.77
0.00317383,-1628.8
0.00322266,-1255.93
0.00327148,-564.67
0.00332031,227.897
0.00336914,927.352
0.00341797,1361.55
0.0034668,1408.96
0.00351563,1107.5
0.00356445,527.814
0.00361328,-161.042
0.00366211,-759.61
0.00371094,-1156.12
0.00375977,-1207.79
0.00380859,-965.263
0.00385742,-478.427
0.00390625,97.1632
0.00395508,636.012
0.00400391,977.843
0.00405273,1047.2
0.00410156,860.911
0.00415039,444.658
0.00419922,-49.716
0.00424805,-522.234
0.00429688,-820.657
0.0043457,-902.33
0.00439453,-743.078
0.00444336,-403.332
0.00449219,17.6598
0.00454102,422.182
0.00458984,696.513
0.00463867,767.977
0.0046875,643.281
0.00473633,359.352
0.00478516,4.31267
0.00483398,-343.668
0.00488281,-590.517
0.00493164,-677.725
0.00498047,-577.43
0.0050293,-338.34
0.00507813,-25.2766
0.00512695,260.173
0.00517578,484.878
0.00522461,562.098
0.00527344,485.252
0.00532227,289.19
0.00537109,28.8062
0.00541992,-221.353
0.00546875,-408.315
0.00551758,-488.068
0.00556641,-433.497
0.00561523,-270.384
0.00566406,-40.1985
0.00571289,176.184
0.00576172,347.005
0.00581055,421.14
0.00585938,387.838
0.0059082,244.41
0.00595703,54.9742
0.00600586,-136.9
0.00605469,-296.109
0.00610352,-357.05
0.00615234,-324.731
0.00620117,-207.942
0.00625,-46.0292
0.00629883,118.445
0.00634766,254.996
0.00639648,303.286
0.00644531,294.551
0.00649414,195.602
0.00654297,59.9506
0.0065918,-78.3784
0.00664063,-204.476
0.00668945,-255.525
0.00673828,-243.462
0.00678711,-165.35
0.00683594,-40.2613
0.00688477,65.6252
0.00693359,174.318
0.00698242,220.666
0.00703125,212.599
0.00708008,150.751
0.00712891,53.6299
0.00717773,-49.8594
0.00722656,-145.448
0.00727539,-187.285
0.00732422,-179.515
0.00737305,-133.235
0.00742187,-48.8951
0.0074707,41.7467
0.00751953,121.286
0.00756836,158.784
0.00761719,158.165
0.00766602,113.023
0.00771484,47.7624
0.00776367,-27.1864
0.0078125,-104.937
0.00786133,-134.874
0.00791016,-134.348
0.00795898,-100.368
0.00800781,-36.6583
0.00805664,19.9175
0.00810547,82.6659
0.0081543,121.869
0.00820313,111.551
0.00825195,94.7753
0.00830078,39.0645
0.00834961,-9.72804
0.00839844,-64.6008
0.00844727,-106.176
0.00849609,-108.967
0.00854492,-83.0026
0.00859375,-44.5195
0.00864258,3.16756
0.00869141,50.4834
0.00874023,75.43
0.00878906,81.3972
0.00883789,68.606
0.00888672,31.063
0.00893555,-6.18838
0.00898437,-52.3961
0.0090332,-70.6125
0.00908203,-76.4535
0.00913086,-70.063
0.00917969,-27.3091
0.00922852,-3.02251
0.00927734,27.0965
0.00932617,65.9778
0.009375,62.7333
0.00942383,56.5374
0.00947266,32.6046
0.00952148,-2.95249
0.00957031,-29.4098
0.00961914,-52.7313
0.00966797,-64.1981
0.0097168,-49.4143
0.00976563,-28.9539
0.00981445,-5.7682
0.00986328,11.4914
0.00991211,34.3399
0.00996094,39.907
0.0100098,36.912
0.0100586,28.2832
0.0101074,2.81729
0.0101563,-14.0315
0.0102051,-33.5444
0.0102539,-33.4136
0.0103027,-36.057
0.0103516,-22.1024
0.0104004,-5.50406
0.0104492,8.2239
0.010498,35.498
0.0105469,38.0795
0.0105957,32.5123
0.0106445,24.2892
0.0106934,2.68828
0.0107422,-5.35559
0.010791,-29.3409
0.0108398,-29.2265
0.0108887,-21.1728
0.0109375,-21.0903
0.0109863,-2.626
0.0110352,5.23153
0.011084,20.8445
0.0111328,23.3587
0.0111816,25.8529
0.0112305,12.8761
0.0112793,10.2607
0.0113281,0
0.011377,-12.726
0.0114258,-22.8176
0.0114746,-17.6778
0.0115234,-17.6089
0.0115723,-7.51725
0.0116211,-2.49598
0.0116699,4.9725
0.0117188,14.8593
0.0117676,9.86761
0.0118164,9.82914
0.0118652,-2.4477
0.0119141,-12.1908
0.0119629,-19.4292
0.0120117,-19.3535
0.0120605,-19.278
0.0121094,-12.0018
0.0121582,-4.78201
0.012207,-2.38168
0.0122559,4.74479
0.0123047,14.1789
0.0123535,11.7697
0.0124023,14.0685
0.0124512,4.67123
0.0125,-2.32651
0.0125488,-9.26976
0.0125977,-16.1588
0.0126465,-13.7964
0.0126953,-6.87132
0.0127441,-4.56302
0.012793,2.27262
0.0128418,11.3188
0.0128906,15.7845
0.0129395,15.723
0.0129883,11.1869
0.0130371,4.45732
0.0130859,0
0.0131348,-4.42263
0.0131836,-13.2162
0.0132324,-8.77643
0.0132813,-6.55666
0.0133301,-4.35407
0.0133789,0
0.0134277,8.64037
0.0134766,10.7584
0.0135254,10.7164
0.0135742,10.6746
0.013623,4.2532
0.0136719,-2.11831
0.0137207,-10.5503
0.0137695,-8.40731
0.0138184,-8.37453
0.0138672,-6.25641
0.013916,-6.23202
0.0139648,-2.06924
0.0140137,-2.06117
0.0140625,-2.05314
0.0141113,0
0.0141602,6.11148
0.014209,4.05844
0.0142578,4.04261
0.0143066,0
0.0143555,-2.00558
0.0144043,-5.99327
0.0144531,-1.98997
0.014502,-5.94663
0.0145508,-1.97448
0.0145996,0
0.0146484,7.83647
0.0146973,7.80592
0.0147461,9.71936
0.0147949,3.87259
0.0148437,1.92874
0.0148926,3.84245
0.0149414,1.91374
0.0149902,1.90627
0.0150391,3.79768
0.0150879,5.67432
0.0151367,5.6522
0.0151855,5.63016
0.0152344,9.34702
0.0152832,7.44846
0.015332,3.70971
0.0153809,3.69525
0.0154297,1.84042
0.0154785,0
0.0155273,3.6522
0.0155762,-1.81898
0.015625,-5.43566
0.0156738,-7.2193
0.0157227,-1.79779
0.0157715,-1.79078
0.0158203,0
0.0158691,5.33053
0.015918,1.76992
0.0159668,-1.76302
0.0160156,-5.26843
0.0160645,-3.49859
0.0161133,-5.22743
0.0161621,-8.67841
0.0162109,-5.18675
0.0162598,-8.61088
0.0163086,-1.71546
0.0163574,-1.70877
0.0164063,-1.70211
0.0164551,-1.69548
0.0165039,-3.37773
0.0165527,-1.68228
0.0166016,-1.67572
0.0166504,-5.00757
0.0166992,-4.98805
0.016748,-4.9686
0.0167969,-4.94923
0.0168457,-3.28662
0.0168945,-1.6369
0.0169434,-1.63052
0.0169922,-3.24833
0.017041,-1.61783
0.0170898,-1.61153
0.0171387,-1.60524
0.0171875,-3.19797
0.0172363,-1.59275
0.0172852,-1.58654
0.017334,-1.58036
0.0173828,-1.5742
0.0174316,-4.70417
0.0174805,-1.56194
0.0175293,0
0.0175781,4.64937
0.017627,3.0875
0.0176758,4.61319
0.0177246,1.53173
0.0177734,3.05153
0.0178223,0
0.0178711,-1.51389
0.0179199,-3.01597
0.0179687,-1.50211
0.0180176,-1.49625
0.0180664,-1.49042
0.0181152,-1.48461
0.0181641,-1.47882
0.0182129,-1.47305
0.0182617,4.40193
0.0183105,2.92318
0.0183594,5.82357
0.0184082,4.35065
0.018457,2.88913
0.0185059,1.43893
0.0185547,1.43332
0.0186035,1.42773
0.0186523,1.42217
0.0187012,4.24987
0.01875,5.6444
0.0187988,2.8112
0.0188477,5.60047
0.0188965,2.78932
0.0189453,4.16767
0.0189941,2.76761
0.019043,-1.37841
0.0190918,-4.11911
0.0191406,-1.36768
0.0191895,-1.36235
0.0192383,-4.07112
0.0192871,-1.35175
0.0193359,1.34648
0.0193848,4.02369
0.0194336,1.336
0.0194824,0
0.0195313,0
0.0195801,-1.32044
0.0196289,-1.31529
0.0196777,-1.31016
0.0197266,0
0.0197754,2.59993
0.0198242,3.88469
0.019873,1.28985
0.0199219,1.28482
0.0199707,2.55962
0.0200195,-1.27482
0.0200684,-1.26985
0.0201172,-1.2649
0.020166,-1.25997
0.0202148,-1.25506
0.0202637,0
0.0203125,1.24529
0.0203613,-1.24044
0.0204102,-1.2356
0.020459,-1.23078
0.0205078,-1.22598
0.0205566,-1.2212
0.0206055,-1.21644
0.0206543,-1.2117
0.0207031,-1.20698
0.020752,-1.20227
0.0208008,-3.59275
0.0208496,-2.38583
0.0208984,-1.18827
0.0209473,-1.18363
0.0209961,-3.53705
0.0210449,-1.17442
0.0210938,-1.16984
0.0211426,-3.49585
0.0211914,-1.16074
0.0212402,-1.15621
0.0212891,-1.15171
0.0213379,-2.29443
0.0213867,-2.28549
0.0214355,-2.27658
0.0214844,-1.13385
0.0215332,-1.12943
0.021582,0
0.0216309,3.36192
0.0216797,5.58136
0.0217285,5.5596
0.0217773,5.53792
0.0218262,4.41307
0.021875,5.49483
0.0219238,3.28404
0.0219727,4.36165
0.0220215,1.08616
0.0220703,0
0.0221191,0
0.022168,0
0.0222168,0
0.0222656,-1.06515
0.0223145,0
0.0223633,2.11373
0.0224121,3.15823
0.0224609,0
0.0225098,-1.04455
0.0225586,-2.08096
0.0226074,-1.03642
0.0226563,-4.12953
0.0227051,-2.05672
0.0227539,-1.02435
0.0228027,-3.06106
0.0228516,-3.04913
0.0229004,-1.01241
0.0229492,-3.0254
0.022998,-3.01361
0.0230469,-1.00062
0.0230957,-0.996718
0.0231445,-0.992833
0.0231934,-0.988962
0.0232422,-0.985106
0.023291,-0.981266
0.0233398,-0.97744
0.0233887,-0.973629
0.0234375,-1.93967
0.0234863,-0.966053
0.0235352,-0.962286
0.023584,-1.91707
0.0236328,-0.954798
0.0236816,-0.951075
0.0237305,-0.947368
0.0237793,-0.943674
0.0238281,-0.939995
0.023877,-0.93633
0.0239258,-0.93268
0.0239746,-1.85809
0.0240234,-0.925422
0.0240723,-0.921814
0.0241211,0
0.0241699,-0.91464
0.0242188,-0.911074
0.0242676,-0.907522
0.0243164,-2.71195
0.0243652,-1.80092
0.0244141,-0.89695
0.0244629,-0.893453
0.0245117,-0.889969
0.0245605,-1.773
0.0246094,-1.76609
0.0246582,-2.6388
0.024707,-0.876172
0.0247559,-1.74551
0.0248047,-2.60806
0.0248535,-2.59789
0.0249023,-1.72518
0.0249512,-2.57768
0.025,-3.4235
0.0250488,-4.26269
0.0250977,-2.54764
0.0251465,-1.69181
0.0251953,-3.37042
0.0252441,-0.839321
0.025293,-1.6721
0.0253418,-0.832789
0.0253906,-1.65909
0.0254395,-1.65262
0.0254883,-0.823087
0.0255371,-0.819878
0.0255859,-0.816682
0.0256348,-1.627
0.0256836,0
0.0257324,0
0.0257812,0.80402
0.0258301,1.60177
0.0258789,2.39329
0.0259277,0.794653
0.0259766,1.58311
0.0260254,1.57694
0.0260742,0
0.026123,0.782333
0.0261719,0.779283
0.0262207,0.776245
0.0262695,3.09288
0.0263184,0.770204
0.0263672,2.3016
0.026416,0.764211
0.0264648,2.28369
0.0265137,1.51653
0.0265625,0.755307
0.0266113,0.752363
0.0266602,1.49886
0.026709,0.746508
0.0267578,1.48719
0.0268066,2.96279
0.0268555,0.737811
0.0269043,2.2048
0.0269531,0.732069
0.027002,0.729215
0.0270508,0
0.0270996,1.44708
0.0271484,0
0.0271973,0.717909
0.0272461,0.71511
0.0272949,0.712323
0.0273438,1.41909
0.0273926,1.41356
0.0274414,0
0.0274902,0
0.0275391,0.698545
0.0275879,-0.695822
0.0276367,-1.38622
0.0276855,-0.690407
0.0277344,-2.06315
0.0277832,-0.685034
0.027832,-0.682363
0.0278809,-0.679703
0.0279297,-0.677053
0.0279785,-0.674413
0.0280273,-0.671784
0.0280762,-1.33833
0.028125,-0.666556
0.0281738,-0.663958
0.0282227,-1.32274
0.0282715,-0.658791
0.0283203,-0.656222
0.0283691,-0.653664
0.028418,-1.30223
0.0284668,-1.29715
0.0285156,-1.2921
0.0285645,-1.28706
0.0286133,-1.28204
0.0286621,-1.27704
0.0287109,-1.9081
0.0287598,-2.53421
0.0288086,-1.89325
0.0288574,-1.88587
0.0289063,-1.25234
0.0289551,-1.87119
0.0290039,-1.2426
0.0290527,-0.618877
0.0291016,-0.616464
0.0291504,-0.61406
0.0291992,-0.611666
0.029248,-0.609282
0.0292969,-0.606906
0.0293457,-0.60454
0.0293945,-0.602183
0.0294434,-1.19967
0.0294922,0.597497
0.029541,0.595168
0.0295898,0
0.0296387,0.590536
0.0296875,-0.588234
0.0297363,-0.585941
0.0297852,-0.583656
0.029834,-1.74414
0.0298828,-1.15823
0.0299316,-1.15371
0.0299805,-1.72382
0.0300293,-0.572367
0.0300781,-0.570136
0.030127,-0.567913
0.0301758,-0.565699
0.0302246,0
0.0302734,1.12259
0.0303223,1.67733
0.0303711,0.556929
0.0304199,0.554757
0.0304688,1.10519
0.0305176,0
0.0305664,0.548294
0.0306152,0.546157
0.0306641,0.544027
0.0307129,0.541906
0.0307617,0
0.0308105,1.07538
0.0308594,1.07119
0.0309082,1.06701
0.030957,0.531425
0.0310059,0.529353
0.0310547,0
0.0311035,0.525234
0.0311523,0.523186
0.0312012,0.521146
0.03125,0.519115
0.0312988,0.517091
0.0313477,1.03015
0.0313965,0.513067
0.0314453,1.02213
0.0314941,0
0.031543,2.02836
0.0315918,-0.505112
0.0316406,-1.50943
0.0316895,-2.00473
0.0317383,-0.998455
0.0317871,-1.98913
0.0318359,-1.48603
0.0318848,-1.97365
0.0319336,-2.45744
0.0319824,-1.46872
0.0320312,-0.487663
0.0320801,-0.485762
0.0321289,-1.4516
0.0321777,-0.963963
0.0322266,-0.480103
0.0322754,-0.956461
0.0323242,-0.476366
0.032373,-0.474509
0.0324219,-0.472659
0.0324707,0
0.0325195,0.468981
0.0325684,0.934305
0.0326172,0.930663
0.032666,0.927034
0.0327148,0.92342
0.0327637,0.45991
0.0328125,0.458117
0.0328613,0.912662
0.0329102,1.36366
0.032959,0.45278
0.0330078,0.451015
0.0330566,0
0.0331055,0.447505
0.0331543,0.89152
0.0332031,0
0.033252,0
0.0333008,0.440567
0.0333496,0.877698
0.0333984,-0.437138
0.0334473,0
0.0334961,0.867473
0.0335449,0
0.0335938,-0.430361
0.0336426,-0.428683
0.0336914,-0.427012
0.0337402,-0.850694
0.0337891,-0.423689
0.0338379,-0.422037
0.0338867,-0.420392
0.0339355,-0.418753
0.0339844,-0.41712
0.0340332,-0.415494
0.034082,-0.413874
0.0341309,-0.412261
0.0341797,-0.410653
0.0342285,-0.409052
0.0342773,-0.407458
0.0343262,-0.405869
0.034375,-1.21286
0.0344238,-0.402711
0.0344727,0.401141
0.0345215,0.399577
0.0345703,0.398019
0.0346191,1.1894
0.034668,0.394922
0.0347168,1.18015
0.0347656,0.391848
0.0348145,0.780641
0.0348633,0.777598
0.0349121,0.774566
0.0349609,0.771546
0.0350098,0.768538
0.0350586,1.14831
0.0351074,1.14384
0.0351563,1.51917
0.0352051,1.13494
0.0352539,1.13051
0.0353027,0.750735
0.0353516,0.373904
0.0354004,0
0.0354492,-0.370994
0.035498,-0.369548
0.0355469,-0.368107
0.0355957,-0.733344
0.0356445,-0.365243
0.0356934,-0.363819
0.0357422,-0.3624
0.035791,-1.08296
0.0358398,-0.35958
0.0358887,-0.358178
0.0359375,-0.713564
0.0359863,-0.355391
0.0360352,-0.354005
0.036084,-0.352625
0.0361328,-0.702501
0.0361816,-1.04964
0.0362305,-1.04555
0.0362793,-0.694317
0.0363281,-0.345805
0.036377,-1.37783
0.0364258,-0.343114
0.0364746,-0.683552
0.0365234,-0.680887
0.0365723,-1.01735
0.0366211,-1.01338
0.0366699,-1.00943
0.0367188,-1.34066
0.0367676,-0.333859
0.0368164,-1.33023
0.0368652,-0.662522
0.0369141,-0.329969
0.0369629,-0.986049
0.0370117,-0.327401
0.0370605,-0.326125
0.0371094,-0.324854
0.0371582,-0.323587
0.037207,-0.322326
0.0372559,-0.321069
0.0373047,0
0.0373535,0
0.0374023,0
0.0374512,0.632182
0.0375,0.314859
0.0375488,0.313631
0.0375977,-0.312409
0.0376465,-0.311191
0.0376953,-0.309977
0.0377441,-0.308769
0.037793,-0.61513
0.0378418,-0.306366
0.0378906,0
0.0379395,0.303982
0.0379883,0
0.0380371,0
0.0380859,0
0.0381348,0.897807
0.0381836,0.596205
0.0382324,0.59388
0.0382813,0.591565
0.0383301,0.589259
0.0383789,0.586962
0.0384277,0.584673
0.0384766,0.582394
0.0385254,0.870185
0.0385742,0.577862
0.038623,0.863413
0.0386719,0.860047
0.0387207,0.285565
0.0387695,0.853354
0.0388184,0.283342
0.0388672,1.12895
0.038916,0.281137
0.0389648,0.280041
0.0390137,0.27895
0.0390625,0.277862
0.0391113,0
0.0391602,0.2757
0.039209,0.274625
0.0392578,0.273554
0.0393066,0.272488
0.0393555,0.271425
0.0394043,0.270367
0.0394531,0.269313
0.039502,0.268263
0.0395508,0.267217
0.0395996,0.266175
0.0396484,0
0.0396973,0
0.0397461,0
0.0397949,0
0.0398437,0.522054
0.0398926,0.520019
0.0399414,0.517992
0.0399902,0.257986
0.0400391,0.25698
0.0400879,0
0.0401367,0.254981
0.0401855,-0.253986
0.0402344,-0.252996
0.0402832,-0.25201
0.040332,-0.502055
0.0403809,-0.750146
0.0404297,0
0.0404785,-0.248103
0.0405273,-0.494271
0.0405762,-0.246172
0.040625,-0.490425
0.0406738,-0.244256
0.0407227,-0.486608
0.0407715,-0.484711
0.0408203,0
0.0408691,0
0.040918,0.479064
0.0409668,-0.238598
0.0410156,-0.237668
0.0410645,-0.236741
0.0411133,-0.235818
0.0411621,0
0.0412109,0.467967
0.0412598,0.466142
0.0413086,-0.232162
0.0413574,-0.693772
0.0414063,-0.691067
0.0414551,-0.229458
0.0415039,0
0.0415527,0
0.0416016,0.680353
0.0416504,0.903601
0.0416992,0.450039
0.041748,0.672427
0.0417969,0.893074
0.0418457,1.11199
0.0418945,0.886124
0.0419434,0.441334
0.0419922,0.219807
0.042041,0.4379
0.0420898,0
0.0421387,-0.217246
0.0421875,-0.216399
0.0422363,-0.215555
0.0422852,-0.42943
0.042334,-0.213878
0.0423828,-0.213044
0.0424316,-0.212214
0.0424805,-0.211386
0.0425293,-0.421124
0.0425781,-0.209741
0.042627,-0.208924
0.0426758,-0.416218
0.0427246,-0.207298
0.0427734,-0.412979
0.0428223,-0.411369
0.0428711,-0.204883
0.0429199,-0.408168
0.0429688,-0.609865
0.0430176,-0.202496
0.0430664,-0.201706
0.0431152,-0.20092
0.0431641,-0.200136
0.0432129,0
0.0432617,-0.198579
0.0433105,-0.197805
0.0433594,-0.591101
0.0434082,-0.392531
0.043457,-0.1955
0.0435059,-0.389476
0.0435547,-0.193979
0.0436035,-0.193223
0.0436523,-0.192469
0.0437012,-0.191719
0.04375,-0.190972
0.0437988,-0.190227
0.0438477,-0.189485
0.0438965,-0.188747
0.0439453,-0.188011
0.0439941,-0.187278
0.044043,-0.373095
0.0440918,-0.371641
0.0441406,-0.370192
0.0441895,-0.184374
0.0442383,-0.183656
0.0442871,-0.18294
0.0443359,-0.182226
0.0443848,0
0.0444336,0.180808
0.0444824,0.180103
0.0445313,-0.179401
0.0445801,-0.357404
0.0446289,-0.534015
0.0446777,-0.531933
0.0447266,-0.35324
0.0447754,-0.351863
0.0448242,-0.175245
0.044873,-0.523686
0.0449219,-0.695526
0.0449707,-0.519611
0.0450195,-0.517585
0.0450684,-0.343712
0.0451172,-0.684743
0.045166,-0.682074
0.0452148,-0.339707
0.0452637,-0.169191
0.0453125,-0.505595
0.0453613,-0.503624
0.0454102,-0.334441
0.045459,-0.166568
0.0455078,-0.165919
0.0455566,-0.165272
0.0456055,-0.164628
0.0456543,-0.163986
0.0457031,-0.163347
0.045752,-0.16271
0.0458008,-0.162075
0.0458496,-0.161444
0.0458984,-0.160814
0.0459473,-0.160187
0.0459961,-0.159563
0.0460449,0
0.0460938,0.633284
0.0461426,0.315408
0.0461914,0.157089
0.0462402,0.156476
0.0462891,0.155866
0.0463379,0.310518
0.0463867,0.154653
0.0464355,0
0.0464844,0.3069
0.0465332,0.305703
0.046582,0.304512
0.0466309,0.151662
0.0466797,0.302142
0.0467285,0
0.0467773,0.299791
0.0468262,0.298622
0.046875,0.148729
0.0469238,0.296298
0.0469727,0.147571
0.0470215,0.146996
0.0470703,0.146423
0.0471191,0
0.047168,0.290567
0.0472168,0
0.0472656,0.144153
0.0473145,0.143591
0.0473633,0.286062
0.0474121,-0.142473
0.0474609,-0.283836
0.0475098,-0.141365
0.0475586,-0.140814
0.0476074,-0.280529
0.0476562,-0.139718
0.0477051,-0.139173
0.0477539,-0.277261
0.0478027,-0.13809
0.0478516,-0.137552
0.0479004,-0.137015
0.0479492,-0.136481
0.047998,-0.135949
0.0480469,-0.135419
0.0480957,-0.134891
0.0481445,-0.134365
0.0481934,0
0.0482422,-0.13332
0.048291,-0.3984
0.0483398,-0.132282
0.0483887,-0.131766
0.0484375,-0.393758
0.0484863,-0.261482
0.0485352,-0.130231
0.048584,-0.259447
0.0486328,-0.387653
0.0486816,-0.64357
0.0487305,-0.256425
0.0487793,-0.383137
0.0488281,-0.127214
0.048877,-0.380156
0.0489258,-0.126225
0.0489746,-0.125732
0.0490234,-0.125242
0.0490723,-0.124754
0.0491211,-0.124268
0.0491699,-0.123783
0.0492188,-0.123301
0.0492676,-0.24564
0.0493164,-0.122341
0.0493652,-0.121864
0.0494141,0
0.0494629,0
0.0495117,0.120444
0.0495605,0
0.0496094,-0.119507
0.0496582,-0.119041
0.049707,-0.355731
0.0497559,-0.118115
0.0498047,-0.235308
0.0498535,-0.117195
0.0499023,-0.116739
0.0499512,-0.232567
0.05,-0.11583
0.0500488,-0.115379
0.0500977,-0.114929
0.0501465,-0.114481
0.0501953,-0.114034
0.0502441,0
0.050293,0.113147
0.0503418,-0.112706
0.0503906,-0.112266
0.0504395,-0.111829
0.0504883,-0.111393
0.0505371,0
0.0505859,0.221052
0.0506348,0
0.0506836,0.109666
0.0507324,0.109238
0.0507813,0.108812
0.0508301,0.216776
0.0508789,0
0.0509277,0
0.0509766,0.321376
0.0510254,0
0.0510742,0.106292
0.051123,0
0.0511719,0
0.0512207,0
0.0512695,0
0.0513184,0.104236
0.0513672,0.207659
0.051416,0.103425
0.0514648,-0.103021
0.0515137,-0.10262
0.0515625,-0.204439
0.0516113,-0.407285
0.0516602,-0.202848
0.051709,-0.202058
0.0517578,-0.301905
0.0518066,-0.501213
0.0518555,-0.299555
0.0519043,-0.0994625
0.0519531,-0.297224
0.052002,-0.296065
0.0520508,-0.294911
0.0520996,-0.195841
0.0521484,-0.292616
0.0521973,-0.0971585
0.0522461,-0.193559
0.0522949,0
0.0523438,0.0960265
0.0523926,0.0956522
0.0524414,0
0.0524902,0.189816
0.0525391,0.189076
0.0525879,0
0.0526367,0
0.0526855,0
0.0527344,0
0.0527832,0.185419
0.052832,0.184696
0.0528809,0.183976
0.0529297,0.183258
0.0529785,0.182544
0.0530273,0.181832
0.0530762,0.0905617
0.053125,0.180417
0.0531738,0.0898569
0.0532227,0
0.0532715,0.0891576
0.0533203,-0.08881
0.0533691,-0.0884638
0.053418,-0.0881189
0.0534668,0
0.0535156,0.174866
0.0535645,0.174185
0.0536133,0
0.0536621,0.0864145
0.0537109,0.0860776
0.0537598,0.171484
0.0538086,0.0854078
0.0538574,-0.0850748
0.0539063,-0.0847431
0.0539551,-0.168825
0.0540039,0
0.0540527,0.335023
0.0541016,0.0834293
0.0541504,0.083104
0.0541992,0.0827801
0.054248,0
0.0542969,0.164272
0.0543457,0
0.0543945,0
0.0544434,0
0.0544922,0.0808624
0.054541,0.0805472
0.0545898,0.160466
0.0546387,0.0799204
0.0546875,0.238826
0.0547363,0.237895
0.0547852,0.394946
0.054834,0.0786813
0.0548828,0.156749
0.0549316,0.234207
0.0549805,0.233294
0.0550293,0.232384
0.0550781,0.308638
0.055127,0.153717
0.0551758,0.229677
0.0552246,0.0762606
0.0552734,0.22789
0.0553223,0.0756671
0.0553711,0
0.0554199,0.150156
0.0554687,0
0.0555176,0.074494
0.0555664,-0.0742036
0.0556152,-0.147829
0.0556641,-0.0736261
0.0557129,-0.146678
0.0557617,-0.0730531
0.0558105,-0.0727683
0.0558594,-0.0724846
0.0559082,-0.072202
0.055957,-0.0719206
0.0560059,-0.0716402
0.0560547,-0.142722
0.0561035,-0.213248
0.0561523,-0.0708055
0.0562012,-0.0705295
0.05625,-0.0702545
0.0562988,-0.139961
0.0563477,-0.139416
0.0563965,-0.208308
0.0564453,-0.0691653
0.0564941,-0.206687
0.056543,-0.137254
0.0565918,-0.0683595
0.0566406,-0.272372
0.0566895,-0.0678275
0.0567383,-0.135126
0.0567871,-0.201899
0.0568359,-0.134075
0.0568848,-0.066776
0.0569336,-0.0665156
0.0569824,-0.198769
0.0570313,-0.197994
0.0570801,-0.0657407
0.0571289,-0.0654844
0.0571777,-0.0652291
0.0572266,-0.0649748
0.0572754,-0.0647215
0.0573242,-0.0644692
0.057373,-0.128436
0.0574219,-0.0639675
0.0574707,-0.0637181
0.0575195,-0.0634697
0.0575684,0.0632222
0.0576172,0.188927
0.057666,0
0.0577148,0
0.0577637,0.062242
0.0578125,0
0.0578613,0.0617577
0.0579102,0
0.057959,0.122554
0.0580078,0.122076
0.0580566,0.182401
0.0581055,0
0.0581543,0.120654
0.0582031,0
0.058252,0.0598576
0.0583008,0.119248
0.0583496,0.118784
0.0583984,0.11832
0.0584473,0
0.0584961,0.1174
0.0585449,0.116942
0.0585938,0.116486
0.0586426,0.232064
0.0586914,0.11558
0.0587402,0.230258
0.0587891,0.17202
0.0588379,0.17135
0.0588867,0.170682
0.0589355,0.056672
0.0589844,0.112902
0.0590332,-0.056231
0.059082,-0.0560118
0.0591309,-0.0557934
0.0591797,-0.0555759
0.0592285,-0.110718
0.0592773,-0.0551434
0.0593262,-0.0549284
0.059375,-0.0547143
0.0594238,-0.054501
0.0594727,-0.0542885
0.0595215,-0.0540768
0.0595703,0
0.0596191,0.053656
0.059668,0.16034
0.0597168,0.106477
0.0597656,0.0530309
0.0598145,0.0528241
0.0598633,0.105236
0.0599121,0.104826
0.0599609,0.0522087
0.0600098,0.10401
0.0600586,0.0518024
0.0601074,-0.0516005
0.0601563,-0.102799
0.0602051,-0.0511989
0.0602539,-0.0509993
0.0603027,-0.0508005
0.0603516,-0.0506024
0.0604004,-0.0504052
0.0604492,-0.100417
0.060498,-0.0500129
0.0605469,-0.0498179
0.0605957,-0.0496237
0.0606445,-0.0988605
0.0606934,-0.0492375
0.0607422,-0.0490456
0.060791,-0.0488543
0.0608398,-0.0973278
0.0608887,-0.0969483
0.0609375,-0.0482852
0.0609863,-0.0480969
0.0610352,-0.0479094
0.061084,0
0.0611328,0.0475366
0.0611816,0.0473513
0.0612305,-0.0471666
0.0612793,-0.0939655
0.0613281,-0.0467996
0.061377,-0.139851
0.0614258,-0.0928708
0.0614746,-0.0462544
0.0615234,-0.046074
0.0615723,-0.0458944
0.0616211,-0.0457155
0.0616699,0
0.0617188,0.181439
0.0617676,0.225914
0.0618164,0.180027
0.0618652,0.179325
0.0619141,0.133969
0.0619629,0.0889648
0.0620117,0.0886179
0.0620605,0.0441362
0.0621094,0.0439642
0.0621582,0.0437928
0.062207,0.043622
0.0622559,0
0.0623047,0.0865651
0.0623535,0.0431138
0.0624023,0
0.0624512,-0.0427783
0.0625,-0.127835
0.0625488,-0.0424454
0.0625977,-0.0845598
0.0626465,-0.0421151
0.0626953,-0.0419509
0.0627441,-0.0417873
0.062793,-0.0832488
0.0628418,-0.124386
0.0628906,-0.123901
0.0629395,-0.0411395
0.0629883,-0.0819582
0.0630371,-0.0816387
0.0630859,-0.0813204
0.0631348,-0.0405017
0.0631836,-0.0403438
0.0632324,-0.0401865
0.0632813,-0.0400298
0.0633301,-0.0797475
0.0633789,-0.0794366
0.0634277,-0.0395635
0.0634766,-0.0788184
0.0635254,-0.0392556
0.0635742,-0.0782051
0.063623,-0.0779002
0.0636719,-0.0387982
0.0637207,-0.038647
0.0637695,-0.0769926
0.0638184,-0.0383462
0.0638672,-0.0381967
0.063916,-0.0380478
0.0639648,-0.0378995
0.0640137,-0.0755034
0.0640625,-0.0376045
0.0641113,-0.0749158
0.0641602,-0.0746238
0.064209,-0.0371664
0.0642578,-0.0370215
0.0643066,-0.0368772
0.0643555,-0.0367334
0.0644043,-0.0365902
0.0644531,-0.0364476
0.064502,-0.0363055
0.0645508,-0.0723279
0.0645996,-0.0720459
0.0646484,-0.071765
0.0646973,-0.14297
0.0647461,-0.10681
0.0647949,-0.106393
0.0648438,-0.0353262
0.0648926,-0.0703769
0.0649414,-0.175256
0.0649902,-0.0698293
0.0650391,-0.104336
0.0650879,-0.138572
0.0651367,-0.103524
0.0651855,-0.137493
0.0652344,-0.102718
0.0652832,-0.0341058
0.065332,-0.101919
0.0653809,0
0.0654297,-0.0337085
0.0654785,-0.0335771
0.0655273,-0.0334462
0.0655762,-0.0333158
0.065625,-0.0331859
0.0656738,-0.0330565
0.0657227,0.0329276
0.0657715,0.0327993
0.0658203,0.0326714
0.0658691,0.065088
0.065918,0.0324171
0.0659668,0.0968723
0.0660156,-0.0321649
0.0660645,-0.0320395
0.0661133,0.0319146
0.0661621,0.0317901
0.0662109,0.0316662
0.0662598,0.0315427
0.0663086,0.0628395
0.0663574,0.0625945
0.0664063,0.0935258
0.0664551,0.0931611
0.0665039,0.0618653
0.0665527,0
0.0666016,0
0.0666504,0.0305723
0.0666992,0.0304531
0.066748,0.0303344
0.0667969,0.0302161
0.0668457,0
0.0668945,0.0299809
0.0669434,0
0.0669922,0.0594953
0.067041,0
0.0670898,0.0295161
0.0671387,0
0.0671875,0.0585729
0.0672363,-0.0291723
0.0672852,0
0.067334,0
0.0673828,0.0576648
0.0674316,0.02872
0.0674805,0.028608
0.0675293,-0.0284965
0.0675781,-0.0283854
0.067627,-0.0282747
0.0676758,-0.0281645
0.0677246,-0.0280547
0.0677734,-0.0279453
0.0678223,-0.0278364
0.0678711,-0.0277278
0.0679199,-0.0276197
0.0679687,-0.0275121
0.0680176,-0.0548096
0.0680664,-0.027298
0.0681152,-0.0815746
0.0681641,-0.0270855
0.0682129,-0.0269799
0.0682617,-0.0537495
0.0683106,-0.02677
0.0683594,-0.0799968
0.0684082,-0.0531233
0.068457,-0.0264581
0.0685059,-0.0527099
0.0685547,-0.0262522
0.0686035,-0.104599
0.0686523,-0.0520958
0.0687012,-0.103785
0.06875,-0.0516904
0.0687988,-0.102978
0.0688477,-0.0512881
0.0688965,-0.0255441
0.0689453,-0.0763335
0.0689941,-0.0253453
0.069043,-0.0252465
0.0690918,-0.0251481
0.0691406,-0.02505
0.0691895,0
0.0692383,0
0.0692871,0
0.0693359,0.0246617
0.0693848,0
0.0694336,-0.0244697
0.0694824,-0.0487487
0.0695313,-0.0242793
0.0695801,-0.0241847
0.0696289,0
0.0696777,0.0239965
0.0697266,-0.0239029
0.0697754,-0.0238097
0.0698242,-0.0237169
0.069873,-0.0944977
0.0699219,-0.0470646
0.0699707,-0.0468811
0.0700195,-0.0233492
0.0700684,-0.0465163
0.0701172,0
0.070166,0
0.0702148,0
0.0702637,0.0228976
0.0703125,0.0456166
0.0703613,0.0454388
0.0704102,0
0.070459,0.0450852
0.0705078,0.0224547
0.0705566,0.0223671
0.0706055,0.0222799
0.0706543,0.0221931
0.0707031,0.0442131
0.070752,0
0.0708008,0
0.0708496,0.021849
0.0708984,0.0435277
0.0709473,0
0.0709961,0.0215945
0.0710449,-0.0215103
0.0710938,-0.0214264
0.0711426,-0.0426858
0.0711914,-0.0212597
0.0712402,-0.0211768
0.0712891,-0.0210942
0.0713379,-0.021012
0.0713867,-0.0209301
0.0714355,-0.0208485
0.0714844,-0.0415344
0.0715332,-0.0413725
0.071582,-0.0824223
0.0716309,-0.0205253
0.0716797,-0.0613357
0.0717285,-0.0610966
0.0717773,-0.0608584
0.0718262,-0.0808281
0.071875,-0.080513
0.0719238,-0.0801991
0.0719727,-0.0199716
0.0720215,-0.0596813
0.0720703,-0.0594486
0.0721191,-0.0197389
0.072168,-0.019662
0.0722168,-0.0195853
0.0722656,-0.019509
0.0723145,-0.0194329
0.0723633,-0.0387143
0.0724121,-0.0192817
0.0724609,-0.038413
0.0725098,-0.0191316
0.0725586,-0.0190571
0.0726074,0
0.0726563,0
0.0727051,0
0.0727539,0.0187616
0.0728027,0.0560654
0.0728516,0.0372312
0.0729004,0.0556291
0.0729492,0.0554122
0.072998,0.0367974
0.0730469,0.036654
0.0730957,0
0.0731445,0
0.0731934,-0.0181135
0.0732422,-0.0180429
0.073291,-0.0179725
0.0733398,-0.0179024
0.0733887,-0.0178326
0.0734375,-0.0177631
0.0734863,-0.0176939
0.0735352,-0.0176249
0.073584,-0.0175562
0.0736328,-0.0174877
0.0736816,-0.0522587
0.0737305,-0.0173516
0.0737793,-0.017284
0.0738281,-0.0172166
0.073877,0
0.0739258,0
0.0739746,0.017016
0.0740234,0
0.0740723,0
0.0741211,0.0168178
0.0741699,0.0167522
0.0742188,0.0333738
0.0742676,0
0.0743164,0
0.0743652,0.0164925
0.0744141,0.0164282
0.0744629,0
0.0745117,0.0163004
0.0745605,0.0324736
0.0746094,0.0161735
0.0746582,0.0322209
0.074707,0.0320953
0.0747559,0.0319702
0.0748047,0.0477683
0.0748535,0.0158607
0.0749023,0.0315977
0.0749512,0
0.075,0.0156759
0.0750488,0.0624591
0.0750977,0.0622156
0.0751465,0.0619731
0.0751953,0.0617315
0.0752441,0.0153727
0.075293,0
0.0753418,0.0457592
0.0753906,0.0151936
0.0754395,0.0151344
0.0754883,0
0.0755371,0.0150166
0.0755859,0
0.0756348,0.0148997
0.0756836,0
0.0757324,-0.0147838
0.0757812,-0.0294523
0.0758301,-0.0146687
0.0758789,-0.0292231
0.0759277,-0.0145546
0.0759766,-0.0289957
0.0760254,-0.0144413
0.0760742,-0.02877
0.0761231,-0.0286579
0.0761719,-0.0142731
0.0762207,-0.0426523
0.0762695,-0.014162
0.0763184,-0.0282136
0.0763672,-0.0281036
0.076416,-0.013997
0.0764648,-0.0278849
0.0765137,-0.0138881
0.0765625,-0.0138339
0.0766113,-0.04134
0.0766602,-0.0411788
0.076709,-0.0546911
0.0767578,-0.0272389
0.0768066,-0.0135664
0.0768555,-0.0135135
0.0769043,0
0.0769531,-0.0134083
0.077002,-0.0267121
0.0770508,-0.013304
0.0770996,-0.0397563
0.0771484,-0.0264009
0.0771973,-0.013149
0.0772461,-0.0261954
0.0772949,-0.0130466
0.0773438,-0.0129958
0.0773926,-0.0129451
0.0774414,-0.0257893
0.0774902,0
0.0775391,0.0127943
0.0775879,0
0.0776367,0.0253895
0.0776855,0.0126452
0.0777344,0.0125959
0.0777832,0.0376405
0.077832,0.0249958
0.0778809,0.0248984
0.0779297,0.0124007
0.0779785,0
0.0780273,0.0123042
0.0780762,0
0.078125,0.0366252
0.0781738,0.0243216
0.0782227,0.0121134
0.0782715,0.0241323
0.0783203,0.0240383
0.0783691,0.0239445
0.078418,0
0.0784668,0.0118791
0.0785156,0.0354984
0.0785645,0.03536
0.0786133,0.0234814
0.0786621,0.0467797
0.0787109,0.034948
0.0787598,0.0348118
0.0788086,0.0231174
0.0788574,0.0345409
0.0789063,0.0344062
0.0789551,0.011424
0.0790039,0.0113795
0.0790527,0.0113351
0.0791016,0.0225819
0.0791504,0
0.0791992,0
0.079248,0.0223188
0.0792969,0
0.0793457,0.0110725
0.0793945,-0.0110294
0.0794434,-0.0109864
0.0794922,-0.0109435
0.079541,-0.0109009
0.0795898,-0.0217168
0.0796387,-0.010816
0.0796875,0.0107739
0.0797363,0.0214638
0.0797852,0.01069
0.079834,0.0106484
0.0798828,0
0.0799316,0
0.0799805,0
0.0800293,0.0104833
0.0800781,0.0208848
0.080127,0
0.0801758,-0.0103611
0.0802246,-0.0103207
0.0802734,-0.0102805
0.0803223,-0.0102404
0.0803711,-0.0102005
0.0804199,-0.0101607
0.0804688,-0.0202422
0.0805176,-0.0100817
0.0805664,-0.0100424
0.0806152,-0.0100032
0.0806641,-0.0199284
0.0807129,-0.00992536
0.0807617,-0.00988667
0.0808105,-0.00984812
0.0808594,-0.00980973
0.0809082,-0.00977148
0.080957,-0.00973339
0.0810059,-0.00969544
0.0810547,-0.00965764
0.0811035,0
0.0811523,0.00958249
0.0812012,0
0.08125,0.00950792
0.0812988,-0.00947085
0.0813477,-0.0188678
0.0813965,-0.00939714
0.0814453,-0.018721
0.0814941,-0.018648
0.081543,0.00928766
0.0815918,0.0277544
0.0816406,0.0368616
0.0816895,0.0458973
0.0817383,0.027431
0.0817871,0.0364321
0.0818359,0.018145
0.0818848,0.0180743
0.0819336,0.00900191
0.0819824,0.0179336
0.0820313,0.00893186
0.0820801,0.00889704
0.0821289,0.00886235
0.0821777,-0.0088278
0.0822266,-0.00879338
0.0822754,-0.0087591
0.0823242,-0.00872495
0.082373,-0.00869094
0.0824219,0.00865705
0.0824707,0
0.0825195,0
0.0825684,-0.0085562
0.0826172,-0.00852284
0.082666,-0.00848961
0.0827148,-0.00845652
0.0827637,-0.0168471
0.0828125,-0.0167814
0.0828613,-0.016716
0.0829102,-0.00832541
0.082959,-0.0165859
0.0830078,-0.00826062
0.0830566,-0.0164568
0.0831055,-0.00819634
0.0831543,-0.00816438
0.0832031,-0.0162651
0.083252,-0.00810084
0.0833008,-0.00806926
0.0833496,-0.0080378
0.0833984,-0.00800647
0.0834473,-0.00797525
0.0834961,-0.00794416
0.0835449,-0.00791319
0.0835937,-0.00788234
0.0836426,-0.00785161
0.0836914,-0.007821
0.0837402,-0.00779051
0.0837891,0
0.0838379,0.00772988
0.0838867,-0.00769974
0.0839356,-0.00766973
0.0839844,-0.0152796
0.0840332,-0.0228301
0.084082,-0.00758037
0.0841309,-0.00755082
0.0841797,-0.00752138
0.0842285,-0.0224762
0.0842773,-0.00746285
0.0843262,-0.00743375
0.084375,-0.00740477
0.0844238,-0.0073759
0.0844727,-0.0146943
0.0845215,-0.0219555
0.0845703,-0.0145799
0.0846191,-0.00726155
0.084668,-0.028933
0.0847168,-0.0216151
0.0847656,-0.0287078
0.0848145,-0.00714897
0.0848633,-0.0213633
0.0849121,-0.0141867
0.0849609,-0.021197
0.0850098,-0.0281525
0.0850586,-0.0210321
0.0851074,-0.0279335
0.0851563,-0.0139123
0.0852051,-0.013858
0.0852539,-0.013804
0.0853027,-0.0068751
0.0853516,-0.0205449
0.0854004,-0.0204648
0.0854492,-0.006795
0.085498,-0.00676851
0.0855469,-0.00674212
0.0855957,0
0.0856445,0.00668965
0.0856934,0.0133271
0.0857422,0.0199128
0.085791,0.0132234
0.0858398,0.00658594
0.0858887,0.0131205
0.0859375,0.0130694
0.0859863,0.00650921
0.0860352,0.00648383
0.086084,0.00645856
0.0861328,0.0128668
0.0861816,0.0064083
0.0862305,0.00638331
0.0862793,0.00635843
0.0863281,-0.00633364
0.086377,-0.00630894
0.0864258,0
0.0864746,0.0125197
0.0865234,0.0124709
0.0865723,0.0248445
0.0866211,0.0123738
0.0866699,0.0123256
0.0867188,0.00613877
0.0867676,0.00611484
0.0868164,0
0.0868652,0.0121345
0.0869141,0.0060436
0.0869629,0
0.0870117,0.0179897
0.0870605,-0.00597319
0.0871094,0
0.0871582,0
0.087207,0.0118072
0.0872559,0.00588058
0.0873047,0.0234306
0.0873535,0.00583482
0.0874023,0.0116241
0.0874512,0.00578941
0.0875,0.00576684
0.0875488,-0.00574436
0.0875977,-0.00572196
0.0876465,-0.00569966
0.0876953,-0.00567744
0.0877441,0
0.087793,0.00563325
0.0878418,-0.00561129
0.0878906,-0.00558941
0.0879395,-0.0111352
0.0879883,-0.00554592
0.0880371,-0.0110486
0.0880859,-0.00550276
0.0881348,-0.0109626
0.0881836,-0.0109199
0.0882324,-0.00543865
0.0882813,-0.00541745
0.0883301,-0.0107927
0.0883789,-0.0107506
0.0884277,-0.00535433
0.0884766,-0.00533346
0.0885254,-0.015938
0.0885742,-0.0158759
0.088623,-0.0263566
0.0886719,-0.0262538
0.0887207,-0.0156909
0.0887695,-0.0156297
0.0888184,-0.0051896
0.0888672,-0.0258468
0.088916,0
0.0889648,0
0.0890137,0
0.0890625,0.00508922
0.0891113,0.00506938
0.0891602,-0.00504962
0.089209,-0.00502993
0.0892578,-0.00501032
0.0893066,-0.00499079
0.0893555,-0.00994266
0.0894043,-0.00495195
0.0894531,-0.00493264
0.089502,-0.00491341
0.0895508,-0.00978851
0.0895996,-0.00487517
0.0896484,-0.00485617
0.0896973,-0.00967447
0.0897461,-0.0144551
0.0897949,-0.00959918
0.0898438,-0.00478088
0.0898926,-0.00952448
0.0899414,-0.00474367
0.0899902,-0.00472518
0.0900391,-0.00470676
0.0900879,-0.00937682
0.0901367,-0.00467013
0.0901855,-0.00465192
0.0902344,-0.00463379
0.0902832,-0.00461572
0.090332,-0.00459773
0.0903809,0
0.0904297,0.00456195
0.0904785,0.00454416
0.0905273,0.00452645
0.0905762,0.0045088
0.090625,0.00449122
0.0906738,0.00447371
0.0907227,0
0.0907715,0.00887779
0.0908203,0.00442159
0.0908691,-0.00440435
0.090918,-0.00438718
0.0909668,-0.00437008
0.0910156,-0.00435304
0.0910645,-0.00867214
0.0911133,0.00431917
0.0911621,0.00430233
0.0912109,0.00857111
0.0912598,0.00426885
0.0913086,0.00850441
0.0913574,0.0127069
0.0914062,0.00421911
0.0914551,0.00420266
0.0915039,-0.00418628
0.0915527,-0.0208498
0.0916016,-0.0124611
0.0916504,-0.01655
0.0916992,-0.0123641
0.0917481,-0.0123159
0.0917969,-0.0163572
0.0918457,-0.0162934
0.0918945,-0.0162299
0.0919434,-0.00808332
0.0919922,-0.0120777
0.092041,-0.0120306
0.0920898,-0.00798915
0.0921387,-0.003979
0.0921875,-0.00792698
0.0922363,-0.00394804
0.0922852,-0.00786529
0.092334,-0.00783462
0.0923828,-0.00390204
0.0924316,0
0.0924805,0.00387167
0.0925293,0.00385658
0.0925781,0.00768309
0.092627,0.00382657
0.0926758,0.00381165
0.0927246,0.00759358
0.0927734,0.00378199
0.0928223,0
0.0928711,0.00375256
0.0929199,0.0112138
0.0929688,0.00372335
0.0930176,0.00370884
0.0930664,0.00369438
0.0931152,0.00367997
0.0931641,0
0.0932129,0.00365134
0.0932617,-0.0036371
0.0933105,-0.00362292
0.0933594,-0.0036088
0.0934082,-0.00359473
0.093457,-0.00358071
0.0935059,-0.00356675
0.0935547,-0.00355285
0.0936035,-0.003539
0.0936523,-0.0035252
0.0937012,-0.00351146
0.09375,-0.00349777
0.0937988,-0.00348413
0.0938477,0
0.0938965,0.010371
0.0939453,0.00344354
0.0939941,0.00343011
0.094043,0.00683348
0.0940918,0.00680684
0.0941406,0.0067803
0.0941895,0
0.0942383,0.00336377
0.0942871,0
0.0943359,0
0.0943848,-0.00332458
0.0944336,-0.00331162
0.0944824,-0.00329871
0.0945313,-0.00328585
0.0945801,0
0.0946289,0.00652055
0.0946777,0
0.0947266,0.0129396
0.0947754,0.00644459
0.0948242,0.00320973
0.094873,0.0127889
0.0949219,0.00955426
0.0949707,0.00951701
0.0950195,0.0157998
0.0950684,0.0125906
0.0951172,0.00627075
0.095166,0.0124926
0.0952148,0.00933293
0.0952637,0.00929655
0.0953125,0.00308677
0.0953613,0.00614947
0.0954102,0
0.095459,0.00305081
0.0955078,0.00303891
0.0955566,0
0.0956055,0
0.0956543,0.00300351
0.0957031,-0.0029918
0.095752,-0.00596027
0.0958008,-0.00296852
0.0958496,-0.00591389
0.0958984,-0.00294541
0.0959473,-0.00880179
0.0959961,-0.00876748
0.0960449,-0.0058222
0.0960938,-0.00289975
0.0961426,-0.00288845
0.0961914,-0.00863155
0.0962402,-0.00573193
0.0962891,-0.00570959
0.0963379,-0.00568733
0.0963867,-0.00283258
0.0964355,-0.0112861
0.0964844,-0.00562107
0.0965332,-0.0111983
0.096582,-0.00557733
0.0966309,-0.00277779
0.0966797,-0.00553392
0.0967285,-0.00275617
0.0967773,-0.00823628
0.0968262,-0.00546945
0.096875,-0.00272406
0.0969238,-0.00271344
0.0969727,-0.00270286
0.0970215,0
0.0970703,-0.00268183
0.0971191,-0.00267137
0.097168,-0.00532192
0.0972168,-0.00265059
0.0972656,-0.00264025
0.0973145,-0.00262996
0.0973633,-0.00261971
0.0974121,-0.00260949
0.0974609,-0.00259932
0.0975098,-0.00258919
0.0975586,-0.00257909
0.0976074,-0.00256904
0.0976563,-0.00255902
0.0977051,0
0.0977539,0.00253911
0.0978027,0.00252921
0.0978516,0
0.0979004,0.00501905
0.0979492,0.00749922
0.097998,0.00497999
0.0980469,0.00496058
0.0980957,0
0.0981445,0
0.0981934,0.00490278
0.0982422,0.00244183
0.098291,0.00729694
0.0983398,0.00242283
0.0983887,0
0.0984375,0
0.0984863,0.00478921
0.0985352,0.00238527
0.098584,0.00712791
0.0986328,0.00473341
0.0986816,0.00707244
0.0987305,0.00704487
0.0987793,0.00467827
0.0988281,0.00932006
0.098877,0.00232093
0.0989258,0.00462376
0.0989746,0.00460574
0.0990234,0.00458778
0.0990723,0.00228495
0.0991211,-0.00227604
0.0991699,-0.00226717
0.0992187,-0.00225833
0.0992676,-0.00224952
0.0993164,-0.00224075
0.0993652,-0.00223202
0.0994141,-0.00222332
0.0994629,-0.0044293
0.0995117,0
0.0995606,0.00219741
0.0996094,0.00218885
0.0996582,0
0.099707,0.00217181
0.0997559,0.00432669
0.0998047,0.00215491
0.0998535,0
0.0999023,0.00213814
0.0999512,0
