-10240,0.613379
-10230,0.606735
-10220,0.597882
-10210,0.592339
-10200,0.593966
-10190,0.59794
-10180,0.599802
-10170,0.592739
-10160,0.582627
-10150,0.574764
-10140,0.573351
-10130,0.575462
-10120,0.582731
-10110,0.58693
-10100,0.586877
-10090,0.591811
-10080,0.593408
-10070,0.589568
-10060,0.585271
-10050,0.584195
-10040,0.583778
-10030,0.579569
-10020,0.578138
-10010,0.572218
-10000,0.565772
-9990,0.564052
-9980,0.565109
-9970,0.573612
-9960,0.578146
-9950,0.572462
-9940,0.571103
-9930,0.574264
-9920,0.57558
-9910,0.577392
-9900,0.576375
-9890,0.572363
-9880,0.57135
-9870,0.577957
-9860,0.587098
-9850,0.591512
-9840,0.593369
-9830,0.602426
-9820,0.60275
-9810,0.594306
-9800,0.588608
-9790,0.587459
-9780,0.587349
-9770,0.590076
-9760,0.592574
-9750,0.598012
-9740,0.596444
-9730,0.587081
-9720,0.573649
-9710,0.573397
-9700,0.580091
-9690,0.586109
-9680,0.594126
-9670,0.598465
-9660,0.592837
-9650,0.589017
-9640,0.585588
-9630,0.58275
-9620,0.580806
-9610,0.582621
-9600,0.590348
-9590,0.594759
-9580,0.595481
-9570,0.59701
-9560,0.599437
-9550,0.596945
-9540,0.588002
-9530,0.580443
-9520,0.584504
-9510,0.589733
-9500,0.589133
-9490,0.589892
-9480,0.592412
-9470,0.591133
-9460,0.588566
-9450,0.588601
-9440,0.58567
-9430,0.578006
-9420,0.581852
-9410,0.584853
-9400,0.587296
-9390,0.594525
-9380,0.594694
-9370,0.594179
-9360,0.596202
-9350,0.599334
-9340,0.60343
-9330,0.608428
-9320,0.608295
-9310,0.605021
-9300,0.606335
-9290,0.60859
-9280,0.606429
-9270,0.603517
-9260,0.600443
-9250,0.595754
-9240,0.595725
-9230,0.600784
-9220,0.603301
-9210,0.599784
-9200,0.594163
-9190,0.588986
-9180,0.579581
-9170,0.577978
-9160,0.585522
-9150,0.590637
-9140,0.592001
-9130,0.586931
-9120,0.585668
-9110,0.587953
-9100,0.58743
-9090,0.588547
-9080,0.597539
-9070,0.607355
-9060,0.607276
-9050,0.600075
-9040,0.601295
-9030,0.605738
-9020,0.600803
-9010,0.59488
-9000,0.594051
-8990,0.592075
-8980,0.590871
-8970,0.594341
-8960,0.596344
-8950,0.595388
-8940,0.59024
-8930,0.589083
-8920,0.585768
-8910,0.577525
-8900,0.575293
-8890,0.583071
-8880,0.597322
-8870,0.60811
-8860,0.606598
-8850,0.609945
-8840,0.614309
-8830,0.615368
-8820,0.616945
-8810,0.612216
-8800,0.603038
-8790,0.60254
-8780,0.606552
-8770,0.606931
-8760,0.605261
-8750,0.597626
-8740,0.587637
-8730,0.587572
-8720,0.588928
-8710,0.590019
-8700,0.593324
-8690,0.589561
-8680,0.59377
-8670,0.598616
-8660,0.604846
-8650,0.611876
-8640,0.612207
-8630,0.605431
-8620,0.598834
-8610,0.597565
-8600,0.600376
-8590,0.602185
-8580,0.604786
-8570,0.611199
-8560,0.61337
-8550,0.613846
-8540,0.61943
-8530,0.621397
-8520,0.625177
-8510,0.631546
-8500,0.637139
-8490,0.636814
-8480,0.634543
-8470,0.626304
-8460,0.617008
-8450,0.597817
-8440,0.577883
-8430,0.564718
-8420,0.566584
-8410,0.583168
-8400,0.603553
-8390,0.621803
-8380,0.63374
-8370,0.632152
-8360,0.624306
-8350,0.612565
-8340,0.60819
-8330,0.604548
-8320,0.601863
-8310,0.604396
-8300,0.609686
-8290,0.621196
-8280,0.632523
-8270,0.638365
-8260,0.634664
-8250,0.628013
-8240,0.627462
-8230,0.628743
-8220,0.632425
-8210,0.639756
-8200,0.640105
-8190,0.636082
-8180,0.633383
-8170,0.630459
-8160,0.627859
-8150,0.624077
-8140,0.624489
-8130,0.627333
-8120,0.628104
-8110,0.626749
-8100,0.629074
-8090,0.631572
-8080,0.635299
-8070,0.636495
-8060,0.632984
-8050,0.632125
-8040,0.629462
-8030,0.627635
-8020,0.624996
-8010,0.626502
-8000,0.627416
-7990,0.623672
-7980,0.620427
-7970,0.626442
-7960,0.634351
-7950,0.635995
-7940,0.637647
-7930,0.64368
-7920,0.653338
-7910,0.651243
-7900,0.65044
-7890,0.653596
-7880,0.651344
-7870,0.646996
-7860,0.646242
-7850,0.64805
-7840,0.647484
-7830,0.64551
-7820,0.639425
-7810,0.634604
-7800,0.632722
-7790,0.636388
-7780,0.640981
-7770,0.645312
-7760,0.650129
-7750,0.657068
-7740,0.667918
-7730,0.671903
-7720,0.665648
-7710,0.652246
-7700,0.645924
-7690,0.641396
-7680,0.634471
-7670,0.637915
-7660,0.647496
-7650,0.655584
-7640,0.662655
-7630,0.666822
-7620,0.668067
-7610,0.664168
-7600,0.654702
-7590,0.643266
-7580,0.631503
-7570,0.623728
-7560,0.623178
-7550,0.630539
-7540,0.639556
-7530,0.649527
-7520,0.6542
-7510,0.654761
-7500,0.652624
-7490,0.65036
-7480,0.645589
-7470,0.639152
-7460,0.636047
-7450,0.632862
-7440,0.636359
-7430,0.65045
-7420,0.660492
-7410,0.660988
-7400,0.664402
-7390,0.662197
-7380,0.660985
-7370,0.661442
-7360,0.664714
-7350,0.66766
-7340,0.666645
-7330,0.668595
-7320,0.671261
-7310,0.666718
-7300,0.668077
-7290,0.672848
-7280,0.67794
-7270,0.680765
-7260,0.681505
-7250,0.676007
-7240,0.669518
-7230,0.667384
-7220,0.664181
-7210,0.665755
-7200,0.673922
-7190,0.681567
-7180,0.692562
-7170,0.70112
-7160,0.703239
-7150,0.689906
-7140,0.6844
-7130,0.687164
-7120,0.691161
-7110,0.692156
-7100,0.696616
-7090,0.703893
-7080,0.705139
-7070,0.700555
-7060,0.696201
-7050,0.693366
-7040,0.68639
-7030,0.690375
-7020,0.698422
-7010,0.702732
-7000,0.706232
-6990,0.704213
-6980,0.699249
-6970,0.696592
-6960,0.689016
-6950,0.687489
-6940,0.686893
-6930,0.683459
-6920,0.682282
-6910,0.685316
-6900,0.689353
-6890,0.691712
-6880,0.69677
-6870,0.702244
-6860,0.707732
-6850,0.707125
-6840,0.700736
-6830,0.693118
-6820,0.690393
-6810,0.694693
-6800,0.700156
-6790,0.704785
-6780,0.709221
-6770,0.710798
-6760,0.713061
-6750,0.715464
-6740,0.713488
-6730,0.713955
-6720,0.712789
-6710,0.707265
-6700,0.711906
-6690,0.719994
-6680,0.719853
-6670,0.715928
-6660,0.720003
-6650,0.728979
-6640,0.730104
-6630,0.727178
-6620,0.724816
-6610,0.723931
-6600,0.720666
-6590,0.725867
-6580,0.737307
-6570,0.748651
-6560,0.75509
-6550,0.751537
-6540,0.745341
-6530,0.742175
-6520,0.740957
-6510,0.74438
-6500,0.739844
-6490,0.730362
-6480,0.73557
-6470,0.746178
-6460,0.750192
-6450,0.746276
-6440,0.745211
-6430,0.750442
-6420,0.749329
-6410,0.739448
-6400,0.735743
-6390,0.74105
-6380,0.751486
-6370,0.764124
-6360,0.770592
-6350,0.768895
-6340,0.768308
-6330,0.767854
-6320,0.76814
-6310,0.770219
-6300,0.764293
-6290,0.755861
-6280,0.75666
-6270,0.75866
-6260,0.759591
-6250,0.764212
-6240,0.765369
-6230,0.764753
-6220,0.767069
-6210,0.773069
-6200,0.773383
-6190,0.779992
-6180,0.789625
-6170,0.792584
-6160,0.790063
-6150,0.782243
-6140,0.771493
-6130,0.773789
-6120,0.784945
-6110,0.791134
-6100,0.791112
-6090,0.788936
-6080,0.786092
-6070,0.784687
-6060,0.785844
-6050,0.78541
-6040,0.791415
-6030,0.795551
-6020,0.793405
-6010,0.79268
-6000,0.796433
-5990,0.797953
-5980,0.79656
-5970,0.791718
-5960,0.784602
-5950,0.781349
-5940,0.785569
-5930,0.78868
-5920,0.793821
-5910,0.801258
-5900,0.809612
-5890,0.811641
-5880,0.814533
-5870,0.822991
-5860,0.830345
-5850,0.829836
-5840,0.823196
-5830,0.822244
-5820,0.826291
-5810,0.83431
-5800,0.838911
-5790,0.842254
-5780,0.843188
-5770,0.845964
-5760,0.84663
-5750,0.853874
-5740,0.858857
-5730,0.856853
-5720,0.853248
-5710,0.848658
-5700,0.843438
-5690,0.84811
-5680,0.85418
-5670,0.856799
-5660,0.8591
-5650,0.85802
-5640,0.854016
-5630,0.848617
-5620,0.851702
-5610,0.854157
-5600,0.857173
-5590,0.863527
-5580,0.86374
-5570,0.859088
-5560,0.858994
-5550,0.865191
-5540,0.867739
-5530,0.872871
-5520,0.877157
-5510,0.878243
-5500,0.878294
-5490,0.875712
-5480,0.871275
-5470,0.874445
-5460,0.886547
-5450,0.890359
-5440,0.890423
-5430,0.894427
-5420,0.89733
-5410,0.896312
-5400,0.888354
-5390,0.887297
-5380,0.900404
-5370,0.909211
-5360,0.911601
-5350,0.909932
-5340,0.911558
-5330,0.916962
-5320,0.919665
-5310,0.917305
-5300,0.912672
-5290,0.913053
-5280,0.912337
-5270,0.908712
-5260,0.905165
-5250,0.900124
-5240,0.906011
-5230,0.92077
-5220,0.928452
-5210,0.924233
-5200,0.922995
-5190,0.928635
-5180,0.93386
-5170,0.940848
-5160,0.946276
-5150,0.947912
-5140,0.950108
-5130,0.948246
-5120,0.944775
-5110,0.939637
-5100,0.935025
-5090,0.936769
-5080,0.947779
-5070,0.968855
-5060,0.982571
-5050,0.995791
-5040,1.00236
-5030,1.00616
-5020,1.01113
-5010,1.00009
-5000,0.992551
-4990,0.999519
-4980,1.00566
-4970,1.01273
-4960,1.01538
-4950,1.01485
-4940,1.01066
-4930,1.01148
-4920,1.0139
-4910,1.01742
-4900,1.01737
-4890,1.01081
-4880,1.01147
-4870,1.01572
-4860,1.02728
-4850,1.03419
-4840,1.03712
-4830,1.04075
-4820,1.04747
-4810,1.05383
-4800,1.06475
-4790,1.06855
-4780,1.0672
-4770,1.05908
-4760,1.05272
-4750,1.04944
-4740,1.04396
-4730,1.04277
-4720,1.04748
-4710,1.05509
-4700,1.06074
-4690,1.0643
-4680,1.06131
-4670,1.06618
-4660,1.07833
-4650,1.08247
-4640,1.07892
-4630,1.07767
-4620,1.08627
-4610,1.09715
-4600,1.10811
-4590,1.11397
-4580,1.11447
-4570,1.11553
-4560,1.11494
-4550,1.11364
-4540,1.11563
-4530,1.11761
-4520,1.11816
-4510,1.12929
-4500,1.13356
-4490,1.12813
-4480,1.12386
-4470,1.13046
-4460,1.13654
-4450,1.14726
-4440,1.16298
-4430,1.17298
-4420,1.1759
-4410,1.18052
-4400,1.18305
-4390,1.1857
-4380,1.18726
-4370,1.17725
-4360,1.17282
-4350,1.182
-4340,1.18995
-4330,1.19202
-4320,1.19154
-4310,1.19658
-4300,1.20966
-4290,1.21911
-4280,1.2229
-4270,1.22155
-4260,1.2212
-4250,1.22742
-4240,1.23576
-4230,1.24419
-4220,1.25296
-4210,1.25798
-4200,1.26371
-4190,1.2671
-4180,1.27183
-4170,1.27848
-4160,1.28442
-4150,1.28169
-4140,1.27713
-4130,1.27873
-4120,1.28671
-4110,1.29614
-4100,1.3022
-4090,1.30396
-4080,1.30113
-4070,1.30519
-4060,1.31279
-4050,1.3112
-4040,1.31295
-4030,1.31907
-4020,1.32479
-4010,1.32958
-4000,1.3423
-3990,1.35262
-3980,1.35978
-3970,1.36418
-3960,1.3663
-3950,1.36395
-3940,1.37122
-3930,1.38208
-3920,1.38519
-3910,1.38817
-3900,1.39434
-3890,1.40735
-3880,1.41438
-3870,1.41857
-3860,1.41872
-3850,1.42129
-3840,1.42718
-3830,1.43522
-3820,1.4485
-3810,1.46031
-3800,1.46201
-3790,1.45513
-3780,1.45565
-3770,1.45785
-3760,1.46668
-3750,1.47834
-3740,1.49151
-3730,1.49553
-3720,1.4975
-3710,1.49955
-3700,1.5023
-3690,1.50743
-3680,1.50697
-3670,1.50847
-3660,1.51259
-3650,1.51429
-3640,1.51824
-3630,1.52796
-3620,1.54387
-3610,1.55399
-3600,1.56033
-3590,1.56316
-3580,1.56405
-3570,1.57829
-3560,1.59942
-3550,1.61252
-3540,1.62411
-3530,1.63291
-3520,1.63727
-3510,1.64606
-3500,1.66401
-3490,1.6784
-3480,1.68426
-3470,1.68675
-3460,1.68177
-3450,1.68267
-3440,1.69493
-3430,1.71178
-3420,1.73026
-3410,1.75005
-3400,1.76841
-3390,1.77154
-3380,1.77227
-3370,1.77701
-3360,1.77959
-3350,1.78597
-3340,1.79351
-3330,1.80257
-3320,1.81136
-3310,1.82244
-3300,1.83148
-3290,1.83874
-3280,1.84935
-3270,1.85964
-3260,1.87348
-3250,1.89086
-3240,1.90593
-3230,1.91678
-3220,1.9278
-3210,1.93505
-3200,1.94185
-3190,1.9525
-3180,1.96911
-3170,1.98549
-3160,2.00032
-3150,2.01089
-3140,2.02085
-3130,2.03275
-3120,2.04646
-3110,2.06658
-3100,2.07928
-3090,2.08905
-3080,2.09988
-3070,2.10991
-3060,2.1226
-3050,2.13317
-3040,2.14569
-3030,2.1561
-3020,2.17229
-3010,2.19142
-3000,2.20274
-2990,2.22462
-2980,2.24399
-2970,2.26429
-2960,2.28934
-2950,2.30836
-2940,2.31889
-2930,2.32705
-2920,2.34889
-2910,2.38113
-2900,2.40514
-2890,2.41812
-2880,2.42509
-2870,2.43765
-2860,2.45265
-2850,2.46497
-2840,2.48708
-2830,2.51095
-2820,2.52969
-2810,2.5491
-2800,2.57083
-2790,2.60162
-2780,2.6345
-2770,2.65979
-2760,2.67758
-2750,2.7058
-2740,2.74001
-2730,2.76838
-2720,2.78093
-2710,2.78676
-2700,2.8061
-2690,2.8417
-2680,2.88409
-2670,2.92973
-2660,2.95612
-2650,2.97834
-2640,2.99895
-2630,3.01958
-2620,3.04826
-2610,3.08219
-2600,3.12416
-2590,3.16974
-2580,3.21045
-2570,3.24282
-2560,3.27073
-2550,3.3081
-2540,3.34462
-2530,3.37977
-2520,3.41521
-2510,3.44894
-2500,3.48385
-2490,3.51843
-2480,3.56606
-2470,3.61741
-2460,3.66605
-2450,3.71005
-2440,3.74519
-2430,3.78511
-2420,3.83006
-2410,3.89232
-2400,3.95634
-2390,4.01994
-2380,4.07738
-2370,4.12327
-2360,4.16045
-2350,4.20945
-2340,4.27841
-2330,4.35578
-2320,4.42095
-2310,4.48237
-2300,4.54633
-2290,4.62278
-2280,4.71533
-2270,4.80177
-2260,4.88323
-2250,4.96768
-2240,5.05224
-2230,5.13873
-2220,5.22808
-2210,5.32298
-2200,5.42427
-2190,5.53013
-2180,5.64121
-2170,5.75426
-2160,5.86096
-2150,5.96221
-2140,6.08322
-2130,6.21867
-2120,6.35838
-2110,6.5001
-2100,6.64765
-2090,6.80945
-2080,6.98075
-2070,7.15363
-2060,7.33281
-2050,7.51508
-2040,7.71796
-2030,7.94758
-2020,8.18194
-2010,8.40727
-2000,8.63369
-1990,8.88493
-1980,9.1771
-1970,9.49033
-1960,9.80691
-1950,10.1404
-1940,10.5086
-1930,10.9011
-1920,11.3195
-1910,11.7719
-1900,12.2576
-1890,12.7775
-1880,13.3464
-1870,13.9664
-1860,14.628
-1850,15.3369
-1840,16.0987
-1830,16.9393
-1820,17.8674
-1810,18.8746
-1800,19.976
-1790,21.1831
-1780,22.4804
-1770,23.861
-1760,25.3264
-1750,26.8399
-1740,28.3318
-1730,29.7556
-1720,31.0365
-1710,32.0861
-1700,32.7831
-1690,33.0346
-1680,32.8047
-1670,32.1199
-1660,31.063
-1650,29.7668
-1640,28.3144
-1630,26.778
-1620,25.2585
-1610,23.7944
-1600,22.4065
-1590,21.1141
-1580,19.9212
-1570,18.8204
-1560,17.8097
-1550,16.8956
-1540,16.0437
-1530,15.2536
-1520,14.5349
-1510,13.8698
-1500,13.2544
-1490,12.6828
-1480,12.1571
-1470,11.6898
-1460,11.2718
-1450,10.8747
-1440,10.4723
-1430,10.0858
-1420,9.73166
-1410,9.41492
-1400,9.11017
-1390,8.82147
-1380,8.56575
-1370,8.32577
-1360,8.08993
-1350,7.85172
-1340,7.62353
-1330,7.42328
-1320,7.2372
-1310,7.06308
-1300,6.89207
-1290,6.72127
-1280,6.55807
-1270,6.40206
-1260,6.24685
-1250,6.10369
-1240,5.99031
-1230,5.88514
-1220,5.77188
-1210,5.65162
-1200,5.53453
-1190,5.43396
-1180,5.34183
-1170,5.2491
-1160,5.15453
-1150,5.05482
-1140,4.97167
-1130,4.88435
-1120,4.80376
-1110,4.72888
-1100,4.64873
-1090,4.56931
-1080,4.48625
-1070,4.4182
-1060,4.35698
-1050,4.31399
-1040,4.27437
-1030,4.2095
-1020,4.14428
-1010,4.09605
-1000,4.0379
-990,3.97046
-980,3.90671
-970,3.85239
-960,3.81245
-950,3.79469
-940,3.76858
-930,3.70989
-920,3.6445
-910,3.60013
-900,3.56505
-890,3.51393
-880,3.4715
-870,3.42881
-860,3.3875
-850,3.3843
-840,3.37165
-830,3.33256
-820,3.29104
-810,3.24959
-800,3.21638
-790,3.18211
-780,3.14414
-770,3.11361
-760,3.08536
-750,3.0392
-740,3.00143
-730,2.98485
-720,2.97323
-710,2.95007
-700,2.91492
-690,2.88698
-680,2.86575
-670,2.8438
-660,2.81406
-650,2.76692
-640,2.74963
-630,2.74529
-620,2.73442
-610,2.70458
-600,2.67911
-590,2.67035
-580,2.66182
-570,2.65385
-560,2.615
-550,2.53454
-540,2.51418
-530,2.51925
-520,2.50707
-510,2.49029
-500,2.47872
-490,2.45272
-480,2.43172
-470,2.40335
-460,2.36623
-450,2.39995
-440,2.46883
-430,2.46216
-420,2.43653
-410,2.40719
-400,2.38212
-390,2.36537
-380,2.35636
-370,2.35076
-360,2.35976
-350,2.36139
-340,2.30194
-330,2.26888
-320,2.25514
-310,2.24773
-300,2.2413
-290,2.21943
-280,2.18864
-270,2.15774
-260,2.16568
-250,2.25846
-240,2.25751
-230,2.197
-220,2.16619
-210,2.15478
-200,2.13392
-190,2.10882
-180,2.09648
-170,2.0789
-160,2.02791
-150,1.96032
-140,1.97424
-130,1.97767
-120,1.97028
-110,1.95555
-100,1.93799
-90,1.93598
-80,1.9186
-70,1.88878
-60,1.86006
-50,1.84725
-40,1.85283
-30,1.8365
-20,1.82994
-10,1.84836
0,1.87944
10,1.84836
20,1.82994
30,1.8365
40,1.85283
50,1.84725
60,1.86006
70,1.88878
80,1.9186
90,1.93598
100,1.93799
110,1.95555
120,1.97028
130,1.97767
140,1.97424
150,1.96032
160,2.02791
170,2.0789
180,2.09648
190,2.10882
200,2.13392
210,2.15478
220,2.16619
230,2.197
240,2.2575
250,2.25846
260,2.16568
270,2.15774
280,2.18864
290,2.21943
300,2.2413
310,2.24773
320,2.25514
330,2.26888
340,2.30194
350,2.36139
360,2.35976
370,2.35076
380,2.35636
390,2.36537
400,2.38212
410,2.40719
420,2.43653
430,2.46216
440,2.46883
450,2.39995
460,2.36622
470,2.40335
480,2.43172
490,2.45272
500,2.47872
510,2.49029
520,2.50707
530,2.51925
540,2.51418
550,2.53454
560,2.615
570,2.65386
580,2.66182
590,2.67035
600,2.67911
610,2.70458
620,2.73442
630,2.74529
640,2.74963
650,2.76692
660,2.81406
670,2.8438
680,2.86575
690,2.88698
700,2.91492
710,2.95007
720,2.97323
730,2.98485
740,3.00143
750,3.0392
760,3.08536
770,3.11361
780,3.14414
790,3.18211
800,3.21638
810,3.24959
820,3.29104
830,3.33255
840,3.37164
850,3.3843
860,3.3875
870,3.42881
880,3.4715
890,3.51393
900,3.56506
910,3.60013
920,3.6445
930,3.70989
940,3.76858
950,3.79469
960,3.81245
970,3.85239
980,3.90671
990,3.97046
1000,4.03791
1010,4.09605
1020,4.14428
1030,4.2095
1040,4.27437
1050,4.31399
1060,4.35698
1070,4.4182
1080,4.48625
1090,4.56931
1100,4.64873
1110,4.72888
1120,4.80376
1130,4.88436
1140,4.97167
1150,5.05482
1160,5.15453
1170,5.2491
1180,5.34183
1190,5.43397
1200,5.53453
1210,5.65162
1220,5.77188
1230,5.88514
1240,5.99031
1250,6.10369
1260,6.24685
1270,6.40206
1280,6.55807
1290,6.72127
1300,6.89207
1310,7.06308
1320,7.23719
1330,7.42329
1340,7.62353
1350,7.85172
1360,8.08993
1370,8.32577
1380,8.56575
1390,8.82147
1400,9.11017
1410,9.41492
1420,9.73166
1430,10.0858
1440,10.4723
1450,10.8747
1460,11.2718
1470,11.6898
1480,12.1571
1490,12.6828
1500,13.2544
1510,13.8698
1520,14.5349
1530,15.2536
1540,16.0437
1550,16.8956
1560,17.8097
1570,18.8204
1580,19.9212
1590,21.1141
1600,22.4065
1610,23.7944
1620,25.2585
1630,26.778
1640,28.3144
1650,29.7668
1660,31.063
1670,32.1199
1680,32.8047
1690,33.0346
1700,32.7832
1710,32.0861
1720,31.0365
1730,29.7556
1740,28.3318
1750,26.8399
1760,25.3264
1770,23.861
1780,22.4804
1790,21.1831
1800,19.976
1810,18.8746
1820,17.8674
1830,16.9393
1840,16.0987
1850,15.3369
1860,14.628
1870,13.9663
1880,13.3464
1890,12.7775
1900,12.2576
1910,11.7719
1920,11.3195
1930,10.9011
1940,10.5086
1950,10.1404
1960,9.80691
1970,9.49033
1980,9.1771
1990,8.88493
2000,8.63369
2010,8.40727
2020,8.18193
2030,7.94758
2040,7.71796
2050,7.51508
2060,7.33281
2070,7.15363
2080,6.98075
2090,6.80945
2100,6.64765
2110,6.5001
2120,6.35837
2130,6.21867
2140,6.08322
2150,5.96221
2160,5.86096
2170,5.75426
2180,5.64121
2190,5.53013
2200,5.42427
2210,5.32298
2220,5.22808
2230,5.13873
2240,5.05224
2250,4.96768
2260,4.88323
2270,4.80177
2280,4.71533
2290,4.62278
2300,4.54633
2310,4.48237
2320,4.42095
2330,4.35578
2340,4.27841
2350,4.20945
2360,4.16045
2370,4.12327
2380,4.07738
2390,4.01994
2400,3.95634
2410,3.89232
2420,3.83006
2430,3.78511
2440,3.74519
2450,3.71005
2460,3.66605
2470,3.61741
2480,3.56606
2490,3.51843
2500,3.48385
2510,3.44894
2520,3.41521
2530,3.37977
2540,3.34462
2550,3.3081
2560,3.27073
2570,3.24282
2580,3.21045
2590,3.16974
2600,3.12416
2610,3.08219
2620,3.04826
2630,3.01958
2640,2.99895
2650,2.97834
2660,2.95612
2670,2.92973
2680,2.88409
2690,2.8417
2700,2.8061
2710,2.78676
2720,2.78093
2730,2.76838
2740,2.74001
2750,2.7058
2760,2.67758
2770,2.65979
2780,2.6345
2790,2.60162
2800,2.57083
2810,2.5491
2820,2.52969
2830,2.51095
2840,2.48708
2850,2.46497
2860,2.45265
2870,2.43765
2880,2.42509
2890,2.41812
2900,2.40514
2910,2.38113
2920,2.34889
2930,2.32705
2940,2.31889
2950,2.30836
2960,2.28934
2970,2.26429
2980,2.24399
2990,2.22462
3000,2.20274
3010,2.19142
3020,2.17229
3030,2.1561
3040,2.14569
3050,2.13317
3060,2.1226
3070,2.10991
3080,2.09988
3090,2.08905
3100,2.07928
3110,2.06658
3120,2.04646
3130,2.03275
3140,2.02085
3150,2.0109
3160,2.00032
3170,1.98549
3180,1.96911
3190,1.9525
3200,1.94185
3210,1.93504
3220,1.9278
3230,1.91678
3240,1.90593
3250,1.89086
3260,1.87348
3270,1.85964
3280,1.84935
3290,1.83874
3300,1.83148
3310,1.82245
3320,1.81136
3330,1.80257
3340,1.79351
3350,1.78597
3360,1.77959
3370,1.77701
3380,1.77227
3390,1.77154
3400,1.76841
3410,1.75005
3420,1.73026
3430,1.71178
3440,1.69494
3450,1.68267
3460,1.68178
3470,1.68675
3480,1.68426
3490,1.6784
3500,1.66401
3510,1.64606
3520,1.63727
3530,1.63291
3540,1.62411
3550,1.61252
3560,1.59942
3570,1.57829
3580,1.56405
3590,1.56316
3600,1.56033
3610,1.55399
3620,1.54387
3630,1.52797
3640,1.51824
3650,1.51429
3660,1.51259
3670,1.50847
3680,1.50697
3690,1.50743
3700,1.5023
3710,1.49955
3720,1.4975
3730,1.49553
3740,1.49151
3750,1.47834
3760,1.46668
3770,1.45785
3780,1.45565
3790,1.45513
3800,1.46201
3810,1.46031
3820,1.4485
3830,1.43522
3840,1.42718
3850,1.42129
3860,1.41872
3870,1.41857
3880,1.41438
3890,1.40735
3900,1.39434
3910,1.38817
3920,1.38519
3930,1.38208
3940,1.37122
3950,1.36395
3960,1.3663
3970,1.36418
3980,1.35978
3990,1.35262
4000,1.3423
4010,1.32958
4020,1.32479
4030,1.31907
4040,1.31296
4050,1.3112
4060,1.31279
4070,1.30519
4080,1.30113
4090,1.30396
4100,1.3022
4110,1.29614
4120,1.2867
4130,1.27873
4140,1.27713
4150,1.28169
4160,1.28442
4170,1.27848
4180,1.27182
4190,1.2671
4200,1.26371
4210,1.25798
4220,1.25296
4230,1.24419
4240,1.23575
4250,1.22742
4260,1.2212
4270,1.22155
4280,1.2229
4290,1.21911
4300,1.20966
4310,1.19658
4320,1.19154
4330,1.19202
4340,1.18995
4350,1.182
4360,1.17282
4370,1.17725
4380,1.18726
4390,1.1857
4400,1.18305
4410,1.18052
4420,1.1759
4430,1.17298
4440,1.16298
4450,1.14726
4460,1.13654
4470,1.13046
4480,1.12386
4490,1.12813
4500,1.13356
4510,1.12929
4520,1.11816
4530,1.11761
4540,1.11563
4550,1.11364
4560,1.11494
4570,1.11554
4580,1.11447
4590,1.11397
4600,1.10811
4610,1.09715
4620,1.08627
4630,1.07767
4640,1.07892
4650,1.08247
4660,1.07833
4670,1.06618
4680,1.06131
4690,1.0643
4700,1.06074
4710,1.05509
4720,1.04748
4730,1.04277
4740,1.04396
4750,1.04944
4760,1.05272
4770,1.05908
4780,1.0672
4790,1.06855
4800,1.06475
4810,1.05383
4820,1.04747
4830,1.04075
4840,1.03712
4850,1.03419
4860,1.02728
4870,1.01572
4880,1.01147
4890,1.01081
4900,1.01737
4910,1.01742
4920,1.0139
4930,1.01148
4940,1.01066
4950,1.01485
4960,1.01538
4970,1.01273
4980,1.00566
4990,0.999519
5000,0.992551
5010,1.00009
5020,1.01113
5030,1.00616
5040,1.00236
5050,0.995791
5060,0.982571
5070,0.968854
5080,0.947779
5090,0.936769
5100,0.935025
5110,0.939637
5120,0.944775
5130,0.948246
5140,0.950108
5150,0.947912
5160,0.946276
5170,0.940849
5180,0.93386
5190,0.928634
5200,0.922995
5210,0.924233
5220,0.928452
5230,0.92077
5240,0.906011
5250,0.900124
5260,0.905165
5270,0.908712
5280,0.912336
5290,0.913052
5300,0.912672
5310,0.917305
5320,0.919665
5330,0.916961
5340,0.911559
5350,0.909932
5360,0.911601
5370,0.909211
5380,0.900404
5390,0.887297
5400,0.888354
5410,0.896312
5420,0.89733
5430,0.894427
5440,0.890423
5450,0.890358
5460,0.886546
5470,0.874445
5480,0.871275
5490,0.875712
5500,0.878293
5510,0.878243
5520,0.877157
5530,0.872871
5540,0.867739
5550,0.865191
5560,0.858993
5570,0.859089
5580,0.86374
5590,0.863527
5600,0.857173
5610,0.854157
5620,0.851702
5630,0.848616
5640,0.854015
5650,0.85802
5660,0.859101
5670,0.856799
5680,0.85418
5690,0.84811
5700,0.843439
5710,0.848658
5720,0.853249
5730,0.856852
5740,0.858857
5750,0.853874
5760,0.846629
5770,0.845964
5780,0.843188
5790,0.842254
5800,0.838911
5810,0.83431
5820,0.826292
5830,0.822244
5840,0.823196
5850,0.829835
5860,0.830345
5870,0.822991
5880,0.814533
5890,0.811642
5900,0.809612
5910,0.801258
5920,0.793821
5930,0.78868
5940,0.785569
5950,0.78135
5960,0.784603
5970,0.791717
5980,0.79656
5990,0.797953
6000,0.796433
6010,0.792681
6020,0.793405
6030,0.795551
6040,0.791414
6050,0.785411
6060,0.785843
6070,0.784687
6080,0.786092
6090,0.788936
6100,0.791112
6110,0.791134
6120,0.784946
6130,0.773789
6140,0.771493
6150,0.782243
6160,0.790062
6170,0.792584
6180,0.789625
6190,0.779992
6200,0.773382
6210,0.773069
6220,0.767068
6230,0.764752
6240,0.76537
6250,0.764212
6260,0.759591
6270,0.75866
6280,0.75666
6290,0.755861
6300,0.764293
6310,0.770219
6320,0.76814
6330,0.767855
6340,0.768308
6350,0.768895
6360,0.770592
6370,0.764124
6380,0.751487
6390,0.74105
6400,0.735743
6410,0.739448
6420,0.749328
6430,0.750442
6440,0.745211
6450,0.746275
6460,0.750192
6470,0.746178
6480,0.735569
6490,0.730362
6500,0.739844
6510,0.74438
6520,0.740958
6530,0.742176
6540,0.745341
6550,0.751537
6560,0.75509
6570,0.748652
6580,0.737306
6590,0.725866
6600,0.720665
6610,0.72393
6620,0.724815
6630,0.727177
6640,0.730103
6650,0.728978
6660,0.720002
6670,0.715928
6680,0.719853
6690,0.719993
6700,0.711907
6710,0.707266
6720,0.712788
6730,0.713953
6740,0.713486
6750,0.715463
6760,0.713061
6770,0.710798
6780,0.709221
6790,0.704785
6800,0.700156
6810,0.694691
6820,0.690394
6830,0.693118
6840,0.700738
6850,0.707124
6860,0.707732
6870,0.702244
6880,0.696769
6890,0.691711
6900,0.689353
6910,0.685317
6920,0.682282
6930,0.683459
6940,0.686893
6950,0.68749
6960,0.689016
6970,0.696591
6980,0.699249
6990,0.704213
7000,0.706232
7010,0.702731
7020,0.698422
7030,0.690375
7040,0.68639
7050,0.693366
7060,0.696201
7070,0.700555
7080,0.705139
7090,0.703893
7100,0.696616
7110,0.692156
7120,0.691161
7130,0.687164
7140,0.6844
7150,0.689906
7160,0.703238
7170,0.701121
7180,0.692563
7190,0.681567
7200,0.673923
7210,0.665755
7220,0.664181
7230,0.667384
7240,0.669518
7250,0.676007
7260,0.681504
7270,0.680764
7280,0.67794
7290,0.672848
7300,0.668077
7310,0.666718
7320,0.671261
7330,0.668595
7340,0.666644
7350,0.66766
7360,0.664714
7370,0.661443
7380,0.660985
7390,0.662197
7400,0.664402
7410,0.660988
7420,0.660492
7430,0.650449
7440,0.63636
7450,0.632862
7460,0.636047
7470,0.639153
7480,0.645589
7490,0.65036
7500,0.652624
7510,0.654761
7520,0.6542
7530,0.649527
7540,0.639556
7550,0.630539
7560,0.623177
7570,0.623728
7580,0.631503
7590,0.643266
7600,0.654702
7610,0.664168
7620,0.668067
7630,0.666823
7640,0.662654
7650,0.655585
7660,0.647496
7670,0.637915
7680,0.634471
7690,0.641396
7700,0.645924
7710,0.652246
7720,0.665648
7730,0.671903
7740,0.667918
7750,0.657069
7760,0.650128
7770,0.645312
7780,0.640981
7790,0.636388
7800,0.632722
7810,0.634604
7820,0.639425
7830,0.64551
7840,0.647483
7850,0.64805
7860,0.646241
7870,0.646995
7880,0.651344
7890,0.653597
7900,0.650439
7910,0.651243
7920,0.653338
7930,0.643681
7940,0.637647
7950,0.635995
7960,0.634351
7970,0.626442
7980,0.620427
7990,0.623672
8000,0.627416
8010,0.626502
8020,0.624996
8030,0.627635
8040,0.629462
8050,0.632125
8060,0.632983
8070,0.636495
8080,0.635298
8090,0.631572
8100,0.629074
8110,0.626748
8120,0.628106
8130,0.627333
8140,0.624488
8150,0.624076
8160,0.627859
8170,0.63046
8180,0.633383
8190,0.636081
8200,0.640106
8210,0.639756
8220,0.632425
8230,0.628743
8240,0.627462
8250,0.628012
8260,0.634664
8270,0.638364
8280,0.632523
8290,0.621195
8300,0.609685
8310,0.604396
8320,0.601863
8330,0.604547
8340,0.60819
8350,0.612566
8360,0.624306
8370,0.632152
8380,0.63374
8390,0.621802
8400,0.603553
8410,0.583168
8420,0.566583
8430,0.564718
8440,0.577883
8450,0.597818
8460,0.617008
8470,0.626307
8480,0.634543
8490,0.636815
8500,0.63714
8510,0.631546
8520,0.625178
8530,0.621395
8540,0.619432
8550,0.613847
8560,0.613372
8570,0.6112
8580,0.604787
8590,0.602185
8600,0.600377
8610,0.597565
8620,0.598837
8630,0.605433
8640,0.612209
8650,0.611879
8660,0.604848
8670,0.598618
8680,0.593771
8690,0.589563
8700,0.593325
8710,0.59002
8720,0.588928
8730,0.587573
8740,0.587637
8750,0.597626
8760,0.605261
8770,0.606931
8780,0.606552
8790,0.60254
8800,0.603037
8810,0.612216
8820,0.616945
8830,0.615368
8840,0.614309
8850,0.609945
8860,0.606599
8870,0.60811
8880,0.597322
8890,0.583071
8900,0.575293
8910,0.577526
8920,0.585768
8930,0.589083
8940,0.590241
8950,0.595388
8960,0.596344
8970,0.594342
8980,0.590872
8990,0.592075
9000,0.594051
9010,0.594879
9020,0.600803
9030,0.605738
9040,0.601295
9050,0.600075
9060,0.607275
9070,0.607355
9080,0.597538
9090,0.588547
9100,0.58743
9110,0.587953
9120,0.585668
9130,0.586931
9140,0.592001
9150,0.590636
9160,0.585523
9170,0.577977
9180,0.579581
9190,0.588986
9200,0.594163
9210,0.599784
9220,0.603302
9230,0.600783
9240,0.595725
9250,0.595754
9260,0.600443
9270,0.603518
9280,0.606429
9290,0.60859
9300,0.606335
9310,0.605022
9320,0.608295
9330,0.608428
9340,0.60343
9350,0.599333
9360,0.596201
9370,0.594179
9380,0.594694
9390,0.594526
9400,0.587296
9410,0.584854
9420,0.581853
9430,0.578006
9440,0.58567
9450,0.588601
9460,0.588565
9470,0.591133
9480,0.592412
9490,0.589892
9500,0.589134
9510,0.589733
9520,0.584504
9530,0.580443
9540,0.588002
9550,0.596945
9560,0.599436
9570,0.59701
9580,0.595481
9590,0.594759
9600,0.590348
9610,0.582621
9620,0.580806
9630,0.582751
9640,0.585588
9650,0.589017
9660,0.592837
9670,0.598465
9680,0.594125
9690,0.586109
9700,0.580091
9710,0.573396
9720,0.57365
9730,0.587081
9740,0.596444
9750,0.598012
9760,0.592574
9770,0.590077
9780,0.587349
9790,0.587459
9800,0.588608
9810,0.594307
9820,0.60275
9830,0.602426
9840,0.59337
9850,0.591512
9860,0.587098
9870,0.577957
9880,0.57135
9890,0.572363
9900,0.576375
9910,0.577392
9920,0.57558
9930,0.574264
9940,0.571104
9950,0.572462
9960,0.578145
9970,0.573612
9980,0.56511
9990,0.564052
10000,0.565772
10010,0.572218
10020,0.578138
10030,0.579569
10040,0.583778
10050,0.584195
10060,0.58527
10070,0.589568
10080,0.593408
10090,0.591811
10100,0.586878
10110,0.58693
10120,0.582731
10130,0.575462
10140,0.573351
10150,0.574764
10160,0.582627
10170,0.592739
10180,0.599802
10190,0.597941
10200,0.593966
10210,0.592339
10220,0.597882
10230,0.606735
