169.923	147.598	5000	
174.636	146.726	5001	
171.864	152.318	5002	
170.117	150.954	5003	
169.525	150.012	5004	
167.726	155.178	5005	
168.826	156.859	5006	
166.701	156.872	5007	
166.494	160.718	5008	
165.882	160.858	5009	
169.299	161.146	5010	
170.699	160.928	5011	
173.991	162.981	5012	
174.298	161.882	5013	
175.519	158.503	5014	
179.988	159.761	5015	
180.742	159.844	5016	
180.045	159.583	5017	
179.594	160.742	5018	
180.125	159.715	5019	
179.87	160.809	5020	
175.494	161.537	5021	
172.712	158.409	5022	
171.414	159.164	5023	
169.504	160.0	5024	
168.532	159.425	5025	
169.226	158.757	5026	
169.833	159.277	5027	
168.363	158.987	5028	
167.694	157.794	5029	
169.062	159.928	5030	
170.933	160.134	5031	
169.438	160.531	5032	
170.178	160.847	5033	
170.486	159.426	5034	
172.92	161.545	5035	
173.191	161.099	5036	
173.504	159.055	5037	
171.364	158.073	5038	
171.524	157.973	5039	
169.95	154.365	5040	
168.54	154.972	5041	
167.058	154.664	5042	
166.545	153.25	5043	
168.37	156.408	5044	
168.169	157.567	5045	
167.418	158.727	5046	
171.416	159.068	5047	
171.071	159.635	5048	
169.229	159.882	5049	
169.204	158.247	5050	
173.699	160.07	5051	
173.482	159.501	5052	
168.662	156.389	5053	
167.043	154.631	5054	
168.412	155.586	5055	
168.099	154.676	5056	
166.377	155.692	5057	
169.92	155.853	5058	
167.573	153.559	5059	
168.215	149.75	5060	
168.321	152.073	5061	
169.209	153.106	5062	
171.809	152.621	5063	
172.504	155.012	5064	
172.755	155.525	5065	
172.843	156.522	5066	
169.963	157.979	5067	
169.424	156.234	5068	
168.88	158.94	5069	
170.95	159.015	5070	
171.991	159.798	5071	
171.062	159.663	5072	
172.045	159.8	5073	
170.507	161.015	5074	
171.57	159.901	5075	
174.095	161.657	5076	
175.446	163.907	5077	
177.062	165.203	5078	
175.612	165.623	5079	
175.624	167.994	5080	
174.636	165.498	5081	
173.998	165.462	5082	
174.47	167.67	5083	
178.514	163.341	5084	
178.423	166.418	5085	
176.408	164.044	5086	
176.267	162.876	5087	
174.454	164.876	5088	
172.185	164.89	5089	
167.675	161.497	5090	
168.273	161.302	5091	
170.047	160.674	5092	
171.494	160.39	5093	
173.899	158.51	5094	
174.114	158.821	5095	
175.645	155.815	5096	
171.98	157.83	5097	
175.35	156.529	5098	
177.959	154.142	5099	
177.614	151.528	5100	
174.445	150.257	5101	
174.367	148.841	5102	
174.46	148.493	5103	
176.058	150.363	5104	
175.493	150.548	5105	
171.705	151.695	5106	
171.474	150.022	5107	
171.678	150.396	5108	
173.528	148.373	5109	
174.796	146.538	5110	
176.469	146.913	5111	
178.32	147.697	5112	
181.998	150.575	5113	
183.506	149.72	5114	
180.911	146.842	5115	
178.931	144.945	5116	
177.454	149.903	5117	
178.956	147.984	5118	
181.982	149.813	5119	
181.872	149.379	5120	
183.927	147.551	5121	
184.464	147.378	5122	
184.408	147.207	5123	
184.305	145.081	5124	
180.492	147.049	5125	
179.726	149.042	5126	
179.808	149.61	5127	
179.532	149.728	5128	
181.978	150.249	5129	
183.863	152.858	5130	
181.706	153.015	5131	
181.285	152.047	5132	
181.127	152.749	5133	
182.922	154.114	5134	
183.619	153.95	5135	
182.462	151.93	5136	
184.182	151.663	5137	
182.949	149.5	5138	
180.958	147.594	5139	
179.672	145.98	5140	
177.778	148.364	5141	
175.929	148.561	5142	
178.639	148.821	5143	
177.764	150.797	5144	
179.462	153.251	5145	
180.17	153.794	5146	
183.429	152.079	5147	
178.037	152.872	5148	
176.749	152.215	5149	
172.042	152.972	5150	
173.096	154.862	5151	
175.016	153.841	5152	
175.905	155.664	5153	
176.576	156.634	5154	
176.548	157.583	5155	
178.979	159.892	5156	
180.608	158.965	5157	
180.036	158.043	5158	
176.819	156.213	5159	
176.324	155.257	5160	
178.247	156.554	5161	
176.356	155.599	5162	
175.953	156.072	5163	
178.403	157.149	5164	
179.981	155.302	5165	
176.71	155.3	5166	
175.553	157.432	5167	
173.425	156.944	5168	
173.0	157.981	5169	
171.605	158.447	5170	
171.57	160.066	5171	
171.953	159.295	5172	
174.039	159.14	5173	
173.242	158.165	5174	
172.0	156.436	5175	
170.466	155.154	5176	
172.802	155.793	5177	
172.888	154.198	5178	
170.992	156.647	5179	
173.681	157.617	5180	
173.022	155.242	5181	
174.217	154.906	5182	
171.779	155.359	5183	
169.943	154.303	5184	
171.005	152.69	5185	
173.741	151.239	5186	
174.193	151.615	5187	
175.003	150.056	5188	
175.605	150.596	5189	
175.182	148.354	5190	
172.998	151.236	5191	
174.082	149.794	5192	
174.126	151.177	5193	
173.712	152.61	5194	
170.488	152.908	5195	
173.439	151.334	5196	
173.975	150.03	5197	
173.018	147.923	5198	
174.198	148.551	5199	
174.482	149.262	5200	
177.654	148.724	5201	
176.782	148.262	5202	
176.978	150.697	5203	
173.557	154.008	5204	
173.191	155.932	5205	
174.025	155.232	5206	
175.692	152.934	5207	
175.135	151.797	5208	
174.865	152.289	5209	
175.545	152.5	5210	
174.282	150.191	5211	
174.741	149.92	5212	
174.987	149.463	5213	
174.781	149.04	5214	
175.893	149.538	5215	
176.452	149.649	5216	
178.51	149.12	5217	
178.882	149.676	5218	
177.334	150.018	5219	
176.508	148.767	5220	
175.551	145.892	5221	
176.438	148.547	5222	
176.656	150.489	5223	
176.397	150.34	5224	
174.044	149.875	5225	
172.846	149.322	5226	
173.926	150.05	5227	
175.836	151.251	5228	
173.453	150.427	5229	
174.677	148.437	5230	
172.875	147.866	5231	
171.507	148.621	5232	
174.063	147.725	5233	
176.608	150.156	5234	
173.475	151.044	5235	
172.307	150.869	5236	
174.368	149.821	5237	
173.964	147.844	5238	
173.015	148.576	5239	
170.952	148.249	5240	
170.213	151.736	5241	
170.194	151.171	5242	
171.434	150.537	5243	
174.156	151.062	5244	
175.538	149.97	5245	
170.439	151.034	5246	
171.071	149.199	5247	
171.01	149.506	5248	
169.977	147.062	5249	
167.201	143.901	5250	
168.954	144.088	5251	
168.594	147.459	5252	
166.564	149.524	5253	
166.538	148.671	5254	
167.806	148.191	5255	
166.65	145.542	5256	
168.524	147.482	5257	
170.001	150.426	5258	
172.309	151.279	5259	
175.022	151.828	5260	
174.977	150.533	5261	
173.741	152.348	5262	
175.166	150.228	5263	
176.154	148.865	5264	
173.682	148.063	5265	
175.036	146.534	5266	
173.419	145.844	5267	
175.505	146.743	5268	
173.757	146.471	5269	
174.435	147.546	5270	
174.118	149.24	5271	
174.938	147.76	5272	
176.151	144.593	5273	
176.069	143.497	5274	
173.59	144.563	5275	
169.609	145.748	5276	
171.922	147.012	5277	
173.772	148.52	5278	
174.502	150.474	5279	
172.941	150.434	5280	
171.86	150.52	5281	
169.176	153.036	5282	
171.514	154.993	5283	
171.966	153.502	5284	
171.921	152.094	5285	
169.605	152.83	5286	
168.249	152.118	5287	
168.702	151.37	5288	
168.504	150.828	5289	
168.356	150.219	5290	
167.733	155.695	5291	
166.88	158.229	5292	
166.033	158.689	5293	
166.228	160.583	5294	
162.792	152.559	5295	
161.37	155.001	5296	
160.005	153.258	5297	
162.249	152.708	5298	
166.071	153.281	5299	
167.512	152.425	5300	
169.044	153.229	5301	
170.94	152.192	5302	
170.198	152.825	5303	
167.478	152.803	5304	
167.058	151.076	5305	
168.321	151.069	5306	
167.149	150.021	5307	
166.364	148.855	5308	
166.078	149.627	5309	
164.363	149.29	5310	
164.799	145.959	5311	
161.738	148.91	5312	
161.164	151.65	5313	
160.77	150.582	5314	
160.746	147.944	5315	
161.739	144.215	5316	
161.443	143.058	5317	
162.541	146.056	5318	
162.382	147.256	5319	
159.785	149.712	5320	
158.232	149.848	5321	
158.931	148.098	5322	
157.042	148.839	5323	
158.226	148.895	5324	
160.479	151.248	5325	
159.586	150.446	5326	
156.549	149.49	5327	
157.467	147.573	5328	
157.93	146.739	5329	
157.849	147.052	5330	
158.98	146.981	5331	
160.506	147.525	5332	
160.696	147.109	5333	
160.906	147.308	5334	
164.027	145.076	5335	
164.503	145.34	5336	
162.971	146.713	5337	
165.605	147.937	5338	
168.208	150.301	5339	
169.864	146.116	5340	
170.92	147.184	5341	
171.052	151.555	5342	
172.334	152.616	5343	
173.922	148.917	5344	
175.163	152.491	5345	
174.767	150.942	5346	
174.429	151.905	5347	
176.279	149.599	5348	
177.064	146.831	5349	
175.849	147.373	5350	
176.005	145.935	5351	
177.607	146.146	5352	
179.302	145.925	5353	
180.936	146.05	5354	
181.987	147.31	5355	
184.156	147.425	5356	
183.65	149.41	5357	
182.625	148.952	5358	
179.502	151.741	5359	
180.132	153.226	5360	
179.39	155.46	5361	
182.022	158.646	5362	
180.168	159.048	5363	
178.292	162.247	5364	
178.893	162.302	5365	
178.157	161.851	5366	
176.829	162.605	5367	
176.626	163.051	5368	
178.329	164.564	5369	
177.237	163.915	5370	
177.248	163.731	5371	
177.691	164.149	5372	
179.503	167.598	5373	
181.193	165.529	5374	
180.248	166.078	5375	
180.678	164.174	5376	
177.778	160.801	5377	
175.417	161.489	5378	
177.609	161.489	5379	
177.155	161.85	5380	
177.173	160.44	5381	
176.024	159.227	5382	
177.122	159.882	5383	
178.176	158.598	5384	
181.065	158.248	5385	
181.632	156.226	5386	
180.697	154.64	5387	
177.37	157.05	5388	
175.334	157.469	5389	
170.362	154.295	5390	
168.505	155.545	5391	
165.455	153.307	5392	
169.024	154.502	5393	
169.731	153.606	5394	
169.179	155.981	5395	
170.44	156.466	5396	
170.828	158.047	5397	
170.952	158.502	5398	
170.384	157.74	5399	
169.01	159.378	5400	
170.434	159.285	5401	
171.115	160.367	5402	
168.947	161.499	5403	
169.489	162.893	5404	
169.244	160.255	5405	
170.17	159.143	5406	
171.482	159.592	5407	
171.48	161.308	5408	
171.102	160.989	5409	
169.308	161.699	5410	
169.716	164.287	5411	
172.325	165.668	5412	
174.339	163.827	5413	
174.497	160.995	5414	
177.954	160.667	5415	
177.273	164.179	5416	
175.441	165.998	5417	
177.807	166.153	5418	
174.216	165.544	5419	
174.851	166.604	5420	
173.955	167.38	5421	
174.542	166.5	5422	
173.192	167.847	5423	
176.077	168.377	5424	
173.429	165.291	5425	
173.957	163.106	5426	
176.832	161.398	5427	
176.017	161.901	5428	
177.509	160.462	5429	
174.849	159.464	5430	
178.118	159.253	5431	
177.11	158.749	5432	
176.722	157.519	5433	
174.659	152.972	5434	
175.014	152.806	5435	
174.418	153.588	5436	
173.486	153.004	5437	
176.172	151.47	5438	
178.024	149.743	5439	
174.689	149.975	5440	
173.367	153.085	5441	
175.758	151.267	5442	
176.032	151.057	5443	
175.508	150.018	5444	
175.223	150.949	5445	
175.861	150.728	5446	
173.463	149.197	5447	
171.981	148.338	5448	
173.918	147.586	5449	
170.613	146.725	5450	
170.405	144.599	5451	
169.11	144.978	5452	
168.418	142.992	5453	
166.073	149.495	5454	
167.612	147.284	5455	
168.941	151.713	5456	
166.87	154.732	5457	
167.279	151.139	5458	
171.419	151.782	5459	
172.0	151.917	5460	
172.157	147.176	5461	
176.384	148.388	5462	
178.029	148.446	5463	
178.234	143.899	5464	
176.5	143.859	5465	
177.347	142.932	5466	
178.483	145.932	5467	
178.908	144.099	5468	
179.82	141.288	5469	
180.149	140.01	5470	
178.11	138.692	5471	
179.558	140.057	5472	
178.433	141.494	5473	
178.625	140.033	5474	
176.587	143.465	5475	
176.569	146.035	5476	
176.213	147.927	5477	
174.723	149.002	5478	
175.953	150.94	5479	
177.742	152.249	5480	
177.603	153.199	5481	
177.946	152.931	5482	
177.546	153.039	5483	
176.324	155.109	5484	
177.204	152.917	5485	
176.971	150.814	5486	
174.68	152.8	5487	
171.0	151.495	5488	
170.617	153.254	5489	
168.769	151.845	5490	
169.161	150.816	5491	
169.876	151.924	5492	
170.657	153.421	5493	
170.992	153.108	5494	
171.752	152.131	5495	
170.057	151.76	5496	
169.114	150.914	5497	
169.651	151.726	5498	
167.626	152.335	5499	
163.425	152.553	5500	
162.577	151.288	5501	
161.503	152.099	5502	
164.45	150.4	5503	
163.591	150.637	5504	
165.695	152.396	5505	
165.834	149.302	5506	
164.889	146.542	5507	
164.407	147.547	5508	
168.463	148.467	5509	
171.668	146.958	5510	
170.739	144.944	5511	
170.232	144.379	5512	
170.828	144.805	5513	
172.693	145.116	5514	
172.065	144.833	5515	
172.993	146.319	5516	
171.26	147.347	5517	
172.078	144.313	5518	
172.633	143.661	5519	
171.201	143.055	5520	
172.968	141.535	5521	
175.414	143.725	5522	
176.813	142.058	5523	
179.094	141.98	5524	
177.821	142.692	5525	
175.692	141.539	5526	
178.792	143.049	5527	
177.006	140.118	5528	
179.297	143.443	5529	
176.41	142.995	5530	
175.116	144.612	5531	
173.05	143.696	5532	
170.108	144.032	5533	
170.095	147.706	5534	
168.723	148.779	5535	
169.002	151.811	5536	
169.62	152.347	5537	
165.449	154.197	5538	
163.758	153.949	5539	
163.949	154.872	5540	
166.991	154.024	5541	
167.947	154.194	5542	
169.082	152.384	5543	
170.531	151.911	5544	
169.911	152.173	5545	
166.937	150.8	5546	
168.585	149.145	5547	
168.445	148.914	5548	
168.153	149.907	5549	
168.642	151.053	5550	
166.738	149.632	5551	
167.561	150.728	5552	
170.069	148.486	5553	
171.845	146.991	5554	
173.512	147.508	5555	
172.086	149.478	5556	
170.654	151.694	5557	
172.553	148.491	5558	
174.588	152.339	5559	
172.192	154.189	5560	
172.999	154.925	5561	
171.739	156.62	5562	
171.567	153.266	5563	
172.956	152.0	5564	
171.935	151.54	5565	
170.115	151.158	5566	
170.795	151.879	5567	
170.852	151.104	5568	
171.43	148.864	5569	
174.342	150.038	5570	
172.706	151.841	5571	
173.997	155.408	5572	
172.978	152.804	5573	
170.912	152.686	5574	
169.0	153.034	5575	
171.014	152.578	5576	
169.537	152.947	5577	
169.176	153.427	5578	
171.17	151.734	5579	
171.083	152.73	5580	
172.821	151.399	5581	
167.409	150.98	5582	
166.068	151.848	5583	
167.245	152.396	5584	
168.834	155.277	5585	
169.966	157.495	5586	
171.041	156.272	5587	
172.035	157.955	5588	
170.998	158.104	5589	
169.395	159.952	5590	
170.664	159.659	5591	
172.461	157.432	5592	
172.179	156.523	5593	
173.52	155.309	5594	
172.119	154.837	5595	
172.005	156.234	5596	
173.672	155.035	5597	
175.698	157.67	5598	
177.959	156.309	5599	
175.52	155.269	5600	
174.358	155.947	5601	
176.806	158.56	5602	
178.569	161.451	5603	
177.008	161.374	5604	
176.936	157.262	5605	
177.909	157.411	5606	
179.9	156.672	5607	
178.665	158.116	5608	
178.95	157.183	5609	
181.913	155.863	5610	
182.436	154.634	5611	
183.809	155.228	5612	
181.525	152.022	5613	
180.365	151.473	5614	
181.253	154.04	5615	
182.317	152.233	5616	
179.231	151.089	5617	
177.864	152.636	5618	
178.644	155.08	5619	
176.796	153.654	5620	
179.962	154.173	5621	
181.033	152.002	5622	
181.552	149.54	5623	
179.467	152.036	5624	
179.007	152.256	5625	
178.861	149.91	5626	
177.5	151.487	5627	
180.86	151.738	5628	
179.673	149.473	5629	
180.068	151.574	5630	
179.428	152.095	5631	
180.534	152.233	5632	
177.729	151.071	5633	
177.772	151.741	5634	
178.831	150.872	5635	
180.551	151.106	5636	
182.112	151.732	5637	
177.945	151.67	5638	
178.544	150.0	5639	
176.729	150.537	5640	
176.941	151.135	5641	
177.72	146.701	5642	
177.637	147.573	5643	
174.546	150.0	5644	
174.591	151.628	5645	
177.535	150.952	5646	
176.232	151.923	5647	
175.888	151.25	5648	
173.381	152.195	5649	
171.31	149.95	5650	
169.47	148.705	5651	
170.522	148.959	5652	
172.633	151.463	5653	
172.837	152.525	5654	
174.27	152.791	5655	
174.258	154.083	5656	
174.465	151.078	5657	
179.01	147.724	5658	
178.514	148.333	5659	
181.791	147.911	5660	
184.081	152.425	5661	
185.221	150.108	5662	
183.42	153.201	5663	
183.133	153.773	5664	
185.832	151.639	5665	
186.972	151.963	5666	
190.994	152.983	5667	
191.41	151.123	5668	
191.935	153.21	5669	
189.498	152.022	5670	
193.03	150.796	5671	
195.783	151.487	5672	
196.432	152.778	5673	
193.704	153.023	5674	
194.024	153.939	5675	
193.257	153.956	5676	
191.722	149.802	5677	
190.271	148.001	5678	
192.007	148.868	5679	
192.036	148.207	5680	
189.965	146.086	5681	
190.851	141.819	5682	
190.989	140.547	5683	
189.514	140.616	5684	
189.534	143.355	5685	
190.65	143.504	5686	
189.158	144.162	5687	
188.192	145.053	5688	
188.361	149.393	5689	
187.463	148.453	5690	
190.269	148.004	5691	
186.503	148.184	5692	
182.521	149.979	5693	
181.822	151.612	5694	
178.014	153.413	5695	
175.164	156.749	5696	
175.216	156.392	5697	
174.906	156.44	5698	
176.051	153.943	5699	
174.107	156.942	5700	
173.544	158.894	5701	
171.84	158.547	5702	
169.327	156.769	5703	
169.474	156.979	5704	
169.667	157.61	5705	
172.503	155.525	5706	
175.054	155.85	5707	
176.194	154.403	5708	
174.791	154.381	5709	
171.479	154.0	5710	
170.852	151.139	5711	
171.169	151.267	5712	
170.451	152.469	5713	
170.47	148.35	5714	
169.099	148.533	5715	
170.592	150.113	5716	
167.791	149.805	5717	
167.687	149.422	5718	
169.942	151.943	5719	
167.265	149.302	5720	
168.005	149.463	5721	
166.327	150.041	5722	
167.487	152.908	5723	
170.036	153.367	5724	
170.18	153.601	5725	
174.208	151.947	5726	
173.719	151.893	5727	
174.028	153.064	5728	
175.182	153.241	5729	
175.318	153.97	5730	
176.747	153.113	5731	
175.406	154.017	5732	
173.844	155.135	5733	
174.413	155.52	5734	
175.177	156.036	5735	
178.497	154.893	5736	
179.03	154.173	5737	
178.567	155.078	5738	
177.057	154.305	5739	
175.585	153.509	5740	
177.731	152.913	5741	
175.685	154.31	5742	
174.6	152.377	5743	
175.576	154.225	5744	
171.436	154.069	5745	
170.429	153.718	5746	
167.506	153.0	5747	
168.372	154.498	5748	
168.111	154.166	5749	
167.202	151.697	5750	
167.465	152.398	5751	
167.373	152.42	5752	
167.449	152.149	5753	
169.534	151.332	5754	
169.163	150.934	5755	
168.05	150.369	5756	
167.667	153.324	5757	
168.923	151.832	5758	
172.271	150.945	5759	
172.637	152.262	5760	
174.172	153.387	5761	
174.247	155.643	5762	
172.765	156.878	5763	
171.03	156.718	5764	
171.682	156.562	5765	
170.314	154.833	5766	
172.437	155.757	5767	
172.445	156.007	5768	
168.554	156.698	5769	
167.189	154.431	5770	
167.488	152.573	5771	
166.003	149.822	5772	
168.169	148.361	5773	
171.117	146.838	5774	
173.478	150.314	5775	
174.478	146.61	5776	
173.919	147.249	5777	
172.564	148.925	5778	
172.526	147.928	5779	
174.545	146.408	5780	
176.128	146.987	5781	
174.315	146.431	5782	
174.195	146.128	5783	
173.026	146.379	5784	
172.049	151.406	5785	
172.511	148.426	5786	
171.556	146.975	5787	
169.895	146.471	5788	
168.495	148.504	5789	
167.842	149.022	5790	
170.052	148.409	5791	
171.788	147.44	5792	
172.905	148.554	5793	
173.984	150.299	5794	
173.835	150.672	5795	
172.485	149.456	5796	
170.309	147.881	5797	
168.864	146.276	5798	
168.341	145.866	5799	
165.922	146.642	5800	
165.058	145.929	5801	
166.986	144.997	5802	
169.091	139.299	5803	
169.945	139.86	5804	
168.055	139.041	5805	
166.954	139.991	5806	
166.293	139.531	5807	
166.299	140.495	5808	
165.656	139.073	5809	
163.01	139.01	5810	
164.032	141.596	5811	
165.811	142.818	5812	
165.159	143.56	5813	
165.617	145.238	5814	
166.788	147.641	5815	
165.628	146.685	5816	
168.189	149.459	5817	
168.833	149.735	5818	
169.532	149.958	5819	
165.337	148.052	5820	
165.975	149.76	5821	
166.824	149.958	5822	
167.008	147.593	5823	
166.504	144.694	5824	
167.61	143.082	5825	
167.461	142.152	5826	
168.204	143.057	5827	
169.468	143.335	5828	
171.976	143.354	5829	
173.419	147.581	5830	
173.289	148.788	5831	
174.576	152.064	5832	
176.235	152.183	5833	
174.827	150.484	5834	
174.813	152.538	5835	
174.668	154.296	5836	
172.226	154.835	5837	
172.432	154.549	5838	
170.147	154.969	5839	
170.717	156.721	5840	
170.405	159.039	5841	
167.784	159.072	5842	
168.968	156.226	5843	
168.074	154.197	5844	
168.762	154.549	5845	
171.535	150.054	5846	
171.491	152.73	5847	
172.435	154.53	5848	
172.469	155.16	5849	
174.93	152.252	5850	
176.488	152.073	5851	
174.908	153.172	5852	
175.827	152.148	5853	
175.919	152.864	5854	
175.574	152.227	5855	
176.48	152.433	5856	
176.364	153.181	5857	
175.108	150.117	5858	
176.418	150.59	5859	
177.034	148.749	5860	
178.157	145.551	5861	
180.307	146.688	5862	
176.067	149.479	5863	
179.893	148.029	5864	
179.558	146.894	5865	
179.99	147.156	5866	
181.241	146.319	5867	
182.739	147.422	5868	
183.964	148.721	5869	
183.412	150.252	5870	
183.098	151.041	5871	
185.011	150.782	5872	
185.496	152.914	5873	
182.928	152.74	5874	
180.009	151.551	5875	
183.0	152.325	5876	
182.261	154.023	5877	
183.689	151.34	5878	
183.512	153.446	5879	
183.707	154.673	5880	
183.245	156.829	5881	
184.022	157.303	5882	
182.517	158.529	5883	
179.101	155.152	5884	
177.401	154.374	5885	
178.224	155.586	5886	
179.733	154.904	5887	
180.66	155.162	5888	
179.457	154.756	5889	
176.966	154.357	5890	
177.193	153.886	5891	
178.167	154.936	5892	
182.252	156.473	5893	
178.67	157.709	5894	
179.074	160.026	5895	
178.018	158.611	5896	
177.013	159.804	5897	
177.817	160.466	5898	
174.902	159.305	5899	
174.964	161.492	5900	
175.11	161.601	5901	
173.297	163.725	5902	
172.396	163.011	5903	
171.48	160.855	5904	
168.964	160.336	5905	
171.458	159.336	5906	
172.359	158.507	5907	
172.066	159.85	5908	
171.949	161.801	5909	
171.694	162.92	5910	
170.43	162.843	5911	
170.821	162.602	5912	
167.932	160.529	5913	
167.448	156.521	5914	
169.421	153.769	5915	
172.038	155.018	5916	
172.933	154.485	5917	
174.484	152.505	5918	
173.145	150.749	5919	
174.028	151.267	5920	
174.323	149.196	5921	
176.209	149.898	5922	
174.426	151.897	5923	
172.679	152.635	5924	
170.754	151.967	5925	
170.935	155.31	5926	
173.274	155.502	5927	
171.023	155.313	5928	
171.738	153.951	5929	
172.017	152.266	5930	
170.572	154.441	5931	
170.667	153.584	5932	
168.549	158.458	5933	
165.226	158.733	5934	
164.854	160.947	5935	
163.301	162.008	5936	
164.33	160.576	5937	
166.558	159.32	5938	
164.964	157.484	5939	
164.286	155.916	5940	
166.372	152.147	5941	
167.225	149.82	5942	
171.011	148.916	5943	
172.106	146.17	5944	
172.184	147.095	5945	
171.997	146.514	5946	
175.17	143.32	5947	
174.97	140.774	5948	
174.476	141.109	5949	
174.37	142.721	5950	
176.432	143.467	5951	
175.943	144.412	5952	
176.987	147.641	5953	
177.182	149.817	5954	
176.066	149.075	5955	
178.003	149.346	5956	
176.488	151.428	5957	
173.471	151.0	5958	
173.987	150.553	5959	
173.62	152.94	5960	
173.471	151.86	5961	
173.377	150.922	5962	
172.853	151.768	5963	
173.582	151.212	5964	
175.308	151.86	5965	
172.87	148.203	5966	
169.621	146.589	5967	
169.035	145.496	5968	
169.491	145.113	5969	
169.021	148.565	5970	
168.759	149.006	5971	
170.68	149.877	5972	
168.733	148.886	5973	
167.51	152.281	5974	
168.527	149.972	5975	
168.275	148.047	5976	
167.342	149.036	5977	
167.114	149.143	5978	
168.51	148.493	5979	
166.836	146.068	5980	
166.43	145.507	5981	
167.201	145.107	5982	
165.94	147.735	5983	
168.984	148.668	5984	
170.838	149.424	5985	
168.895	149.424	5986	
169.458	151.271	5987	
168.452	153.539	5988	
166.791	150.523	5989	
166.533	148.778	5990	
166.083	146.627	5991	
166.655	149.606	5992	
168.799	150.649	5993	
169.117	150.249	5994	
172.998	150.182	5995	
172.853	153.444	5996	
169.977	150.817	5997	
170.828	153.894	5998	
172.441	154.016	5999	
172.829	152.657	6000	
173.549	150.408	6001	
172.509	150.933	6002	
176.397	151.48	6003	
176.242	151.687	6004	
174.947	155.444	6005	
173.277	155.08	6006	
176.476	155.535	6007	
174.6	154.028	6008	
173.976	155.348	6009	
173.838	156.766	6010	
176.109	155.039	6011	
178.546	153.986	6012	
174.146	155.52	6013	
172.144	157.092	6014	
171.515	159.534	6015	
173.641	157.787	6016	
173.941	159.562	6017	
177.01	160.096	6018	
176.419	160.767	6019	
176.831	159.946	6020	
178.192	160.778	6021	
176.856	162.983	6022	
178.657	161.123	6023	
178.241	160.385	6024	
178.045	159.0	6025	
177.36	160.736	6026	
179.014	160.394	6027	
175.083	159.292	6028	
173.269	159.41	6029	
173.046	157.642	6030	
173.806	156.594	6031	
173.305	151.685	6032	
176.112	153.811	6033	
175.533	152.959	6034	
176.555	153.987	6035	
176.747	155.912	6036	
177.329	155.366	6037	
179.019	156.572	6038	
177.094	158.732	6039	
176.926	159.148	6040	
176.134	157.352	6041	
175.572	159.792	6042	
175.0	157.051	6043	
177.699	156.404	6044	
173.614	154.331	6045	
174.02	155.966	6046	
173.164	155.981	6047	
170.861	156.119	6048	
170.007	155.028	6049	
168.143	152.292	6050	
169.753	155.345	6051	
169.836	157.419	6052	
170.769	156.112	6053	
169.657	156.203	6054	
168.007	159.281	6055	
164.223	158.934	6056	
164.842	159.165	6057	
163.591	160.411	6058	
163.822	159.286	6059	
165.551	159.329	6060	
163.078	160.605	6061	
167.084	159.163	6062	
166.467	160.487	6063	
165.04	158.844	6064	
163.474	159.793	6065	
165.625	158.75	6066	
166.011	156.226	6067	
167.918	153.669	6068	
164.186	152.865	6069	
162.353	152.449	6070	
163.53	153.056	6071	
163.805	154.261	6072	
163.237	157.289	6073	
164.145	156.903	6074	
163.423	156.032	6075	
163.466	155.513	6076	
166.455	157.85	6077	
165.036	158.059	6078	
163.287	158.974	6079	
163.466	160.224	6080	
159.794	161.815	6081	
159.449	163.94	6082	
156.493	164.555	6083	
156.09	165.103	6084	
160.913	165.194	6085	
160.068	164.319	6086	
162.081	163.188	6087	
161.312	159.166	6088	
156.631	156.919	6089	
158.487	159.996	6090	
160.218	159.045	6091	
162.394	160.192	6092	
166.919	158.791	6093	
167.031	159.907	6094	
166.36	159.901	6095	
166.95	161.866	6096	
166.504	162.209	6097	
165.264	161.87	6098	
168.344	163.609	6099	
167.371	165.124	6100	
166.91	163.759	6101	
166.415	163.349	6102	
165.977	163.737	6103	
166.086	163.935	6104	
167.087	163.37	6105	
166.166	163.194	6106	
166.449	165.17	6107	
167.3	164.521	6108	
167.175	165.46	6109	
165.885	168.504	6110	
166.419	168.444	6111	
164.97	167.074	6112	
166.059	167.781	6113	
168.014	166.52	6114	
168.338	164.028	6115	
170.612	163.08	6116	
172.464	164.059	6117	
171.032	164.623	6118	
173.37	164.211	6119	
172.887	160.136	6120	
175.463	161.641	6121	
175.871	161.132	6122	
174.63	161.897	6123	
173.735	162.79	6124	
172.077	159.617	6125	
169.034	161.199	6126	
169.327	159.243	6127	
169.799	159.959	6128	
169.808	159.671	6129	
171.978	156.835	6130	
170.403	155.319	6131	
171.06	155.136	6132	
169.675	156.559	6133	
168.693	155.926	6134	
168.013	158.062	6135	
166.449	159.98	6136	
165.626	159.082	6137	
166.27	158.059	6138	
164.429	154.01	6139	
163.579	152.448	6140	
166.18	153.004	6141	
165.447	152.436	6142	
167.446	152.806	6143	
168.735	149.609	6144	
167.084	154.933	6145	
165.937	153.174	6146	
167.866	153.932	6147	
169.01	153.525	6148	
171.488	154.38	6149	
169.646	154.31	6150	
170.44	150.336	6151	
169.333	150.17	6152	
168.378	152.172	6153	
168.403	151.632	6154	
167.703	155.061	6155	
166.489	154.067	6156	
164.876	156.93	6157	
165.631	155.992	6158	
163.991	153.803	6159	
162.882	152.636	6160	
164.62	154.154	6161	
164.314	153.858	6162	
163.48	155.964	6163	
164.363	154.868	6164	
163.743	153.495	6165	
163.93	154.751	6166	
166.044	155.031	6167	
164.726	154.996	6168	
165.522	154.406	6169	
163.217	156.77	6170	
160.595	155.067	6171	
162.261	154.854	6172	
164.951	154.622	6173	
165.791	153.474	6174	
165.874	153.364	6175	
165.458	152.895	6176	
169.024	152.476	6177	
168.47	154.292	6178	
168.256	154.993	6179	
167.022	155.328	6180	
166.217	153.04	6181	
166.583	156.131	6182	
167.072	152.214	6183	
168.366	151.042	6184	
168.178	151.587	6185	
168.706	152.568	6186	
170.069	152.795	6187	
168.974	153.617	6188	
168.872	150.337	6189	
167.306	151.187	6190	
168.862	152.391	6191	
168.985	149.994	6192	
169.368	153.638	6193	
173.364	152.097	6194	
170.623	150.168	6195	
171.825	148.854	6196	
170.188	147.198	6197	
172.527	148.483	6198	
172.435	146.042	6199	
174.564	145.015	6200	
171.9	142.019	6201	
172.882	142.033	6202	
174.623	144.133	6203	
174.635	147.05	6204	
174.508	145.23	6205	
173.017	145.377	6206	
172.594	145.366	6207	
172.422	144.15	6208	
172.634	144.579	6209	
173.995	144.737	6210	
172.395	146.48	6211	
174.031	146.448	6212	
175.929	146.41	6213	
170.93	149.13	6214	
174.022	150.26	6215	
174.126	150.055	6216	
177.836	147.967	6217	
177.487	149.028	6218	
177.94	154.208	6219	
175.898	154.311	6220	
179.01	150.754	6221	
178.504	150.383	6222	
177.047	148.196	6223	
177.604	154.035	6224	
175.957	154.398	6225	
174.785	155.702	6226	
175.663	157.173	6227	
176.741	156.952	6228	
175.473	159.042	6229	
176.677	154.552	6230	
174.138	154.311	6231	
175.518	151.027	6232	
173.872	155.475	6233	
173.609	157.41	6234	
176.527	156.951	6235	
178.269	154.876	6236	
175.689	154.916	6237	
177.78	151.262	6238	
176.665	149.643	6239	
176.537	150.419	6240	
178.324	146.361	6241	
178.788	144.18	6242	
179.911	145.018	6243	
183.51	145.284	6244	
185.765	144.957	6245	
187.173	146.811	6246	
185.535	149.218	6247	
184.563	150.567	6248	
186.037	151.526	6249	
182.135	153.026	6250	
182.94	151.045	6251	
183.952	149.886	6252	
185.036	148.728	6253	
184.37	149.923	6254	
182.226	152.751	6255	
182.533	153.0	6256	
181.992	152.036	6257	
184.09	152.069	6258	
184.92	152.823	6259	
188.831	153.106	6260	
193.514	153.297	6261	
192.639	150.555	6262	
195.565	150.27	6263	
194.012	150.675	6264	
195.44	150.31	6265	
195.238	149.91	6266	
197.789	148.076	6267	
196.348	148.39	6268	
194.352	144.512	6269	
191.457	145.046	6270	
188.036	147.951	6271	
186.734	147.146	6272	
183.188	147.539	6273	
181.741	151.879	6274	
180.753	152.062	6275	
179.868	152.606	6276	
178.337	153.995	6277	
179.0	156.516	6278	
180.471	158.947	6279	
178.722	157.991	6280	
178.564	158.832	6281	
179.176	159.442	6282	
176.981	161.653	6283	
176.69	159.403	6284	
175.482	160.589	6285	
173.134	158.153	6286	
173.052	158.461	6287	
176.0	158.947	6288	
176.996	160.271	6289	
177.095	160.124	6290	
175.963	161.436	6291	
175.51	161.614	6292	
179.018	162.518	6293	
179.436	165.0	6294	
177.578	166.95	6295	
177.619	167.836	6296	
177.821	168.24	6297	
180.108	168.555	6298	
180.682	170.105	6299	
179.158	170.161	6300	
176.695	168.651	6301	
176.153	172.259	6302	
176.894	172.525	6303	
177.898	172.793	6304	
177.128	172.874	6305	
176.135	173.14	6306	
174.794	174.34	6307	
176.628	176.591	6308	
177.778	179.229	6309	
179.371	178.383	6310	
179.78	178.193	6311	
179.282	180.263	6312	
180.675	176.494	6313	
177.886	174.334	6314	
177.033	172.713	6315	
174.451	171.118	6316	
172.725	170.811	6317	
173.89	170.321	6318	
176.818	170.607	6319	
176.286	171.089	6320	
176.176	170.574	6321	
173.356	167.574	6322	
172.675	163.332	6323	
173.805	163.951	6324	
172.699	163.431	6325	
169.774	164.198	6326	
169.224	161.996	6327	
168.727	164.107	6328	
169.902	167.113	6329	
168.969	166.144	6330	
170.316	167.588	6331	
172.877	166.448	6332	
172.073	168.198	6333	
171.498	169.473	6334	
173.462	170.901	6335	
171.463	174.081	6336	
171.048	172.257	6337	
169.718	172.49	6338	
167.533	169.551	6339	
165.394	169.525	6340	
165.721	167.588	6341	
167.856	166.833	6342	
166.849	163.785	6343	
166.573	164.665	6344	
167.215	162.004	6345	
167.256	163.049	6346	
168.574	161.0	6347	
168.094	158.009	6348	
168.479	156.526	6349	
167.989	159.033	6350	
167.865	159.682	6351	
169.014	157.647	6352	
168.471	158.262	6353	
165.401	159.273	6354	
167.61	160.368	6355	
166.489	161.65	6356	
168.088	162.854	6357	
170.485	162.658	6358	
173.198	163.34	6359	
169.117	163.843	6360	
169.46	162.582	6361	
170.211	161.299	6362	
169.197	160.442	6363	
169.76	160.195	6364	
169.654	159.862	6365	
167.911	158.39	6366	
167.06	160.32	6367	
165.548	162.007	6368	
163.83	162.899	6369	
163.038	161.504	6370	
161.227	162.43	6371	
162.088	162.758	6372	
160.371	160.378	6373	
163.137	160.918	6374	
163.535	160.358	6375	
165.566	159.421	6376	
165.727	158.067	6377	
165.821	155.542	6378	
165.829	156.52	6379	
166.485	156.599	6380	
163.982	155.519	6381	
163.579	155.906	6382	
165.666	156.393	6383	
165.833	154.11	6384	
166.332	150.309	6385	
166.92	150.66	6386	
169.832	151.947	6387	
171.089	149.96	6388	
168.603	152.349	6389	
169.196	149.111	6390	
171.597	153.447	6391	
170.217	153.099	6392	
170.029	154.921	6393	
170.348	156.597	6394	
170.636	156.014	6395	
170.229	157.138	6396	
170.677	154.505	6397	
171.889	152.139	6398	
170.375	150.225	6399	
170.545	151.111	6400	
173.228	153.31	6401	
172.661	153.592	6402	
168.638	153.52	6403	
170.259	152.828	6404	
168.817	152.953	6405	
169.122	155.042	6406	
170.032	154.882	6407	
170.706	154.887	6408	
170.73	155.18	6409	
172.109	153.925	6410	
171.164	152.305	6411	
169.679	152.015	6412	
167.104	152.7	6413	
166.861	152.505	6414	
165.279	153.104	6415	
165.0	152.452	6416	
165.216	154.231	6417	
164.713	153.478	6418	
166.32	153.936	6419	
165.771	152.805	6420	
168.52	153.037	6421	
169.526	151.422	6422	
168.734	150.927	6423	
166.72	151.09	6424	
168.738	155.13	6425	
171.05	155.513	6426	
171.025	155.482	6427	
170.06	155.76	6428	
169.993	153.839	6429	
168.558	152.491	6430	
171.936	151.913	6431	
170.259	152.946	6432	
169.342	151.808	6433	
170.73	151.979	6434	
168.968	148.522	6435	
170.895	150.781	6436	
170.333	150.394	6437	
172.247	150.365	6438	
170.198	149.451	6439	
170.086	149.494	6440	
171.817	149.433	6441	
170.511	152.544	6442	
172.483	147.487	6443	
174.986	147.679	6444	
174.884	150.888	6445	
175.014	150.545	6446	
174.061	147.529	6447	
173.107	147.36	6448	
170.949	147.881	6449	
169.675	146.008	6450	
169.482	145.935	6451	
171.49	148.796	6452	
171.433	147.833	6453	
171.82	148.212	6454	
170.486	146.45	6455	
172.692	143.384	6456	
170.833	139.211	6457	
170.73	138.786	6458	
173.462	140.524	6459	
174.987	143.459	6460	
176.3	147.706	6461	
172.484	149.414	6462	
170.505	151.409	6463	
169.304	154.924	6464	
167.359	154.591	6465	
166.683	150.929	6466	
167.831	149.065	6467	
170.901	152.282	6468	
169.503	152.644	6469	
166.999	151.43	6470	
165.998	152.0	6471	
167.823	151.397	6472	
166.958	152.275	6473	
167.968	153.414	6474	
168.816	155.247	6475	
169.981	152.004	6476	
170.29	154.46	6477	
172.002	153.991	6478	
170.995	152.953	6479	
168.992	153.349	6480	
168.984	150.944	6481	
167.088	150.705	6482	
168.937	150.717	6483	
169.365	152.363	6484	
170.139	153.208	6485	
167.612	153.611	6486	
164.51	153.458	6487	
162.486	152.446	6488	
161.049	148.764	6489	
159.985	147.989	6490	
159.841	146.616	6491	
160.972	147.521	6492	
160.368	147.913	6493	
161.465	148.842	6494	
163.075	150.74	6495	
164.117	152.871	6496	
164.03	155.261	6497	
162.444	155.358	6498	
160.651	153.826	6499	
159.567	155.819	6500	
160.284	157.606	6501	
159.954	158.739	6502	
162.954	162.246	6503	
160.047	163.407	6504	
161.847	165.302	6505	
161.608	163.065	6506	
159.231	161.017	6507	
162.44	160.966	6508	
162.507	164.139	6509	
166.07	167.538	6510	
166.46	169.975	6511	
167.518	169.781	6512	
169.896	171.499	6513	
169.293	169.747	6514	
167.623	173.042	6515	
169.83	174.69	6516	
170.479	173.63	6517	
172.302	170.627	6518	
171.721	171.033	6519	
171.109	171.695	6520	
170.853	170.273	6521	
173.259	168.944	6522	
172.364	168.037	6523	
169.51	166.1	6524	
170.138	165.807	6525	
171.216	166.005	6526	
169.964	166.243	6527	
170.714	164.975	6528	
170.426	163.207	6529	
169.195	164.834	6530	
170.971	162.33	6531	
171.583	159.252	6532	
171.379	156.048	6533	
170.623	155.12	6534	
171.961	152.412	6535	
171.261	153.909	6536	
172.04	152.652	6537	
172.361	151.074	6538	
171.789	150.417	6539	
171.853	147.993	6540	
171.945	145.553	6541	
170.49	146.954	6542	
170.494	147.798	6543	
169.294	148.032	6544	
167.892	149.774	6545	
168.0	147.081	6546	
168.806	149.054	6547	
168.769	147.672	6548	
170.446	146.442	6549	
167.033	147.1	6550	
167.162	149.354	6551	
166.201	150.958	6552	
165.958	149.751	6553	
166.295	148.691	6554	
164.087	148.641	6555	
165.913	148.925	6556	
168.564	150.914	6557	
169.93	152.503	6558	
170.955	152.113	6559	
172.034	153.082	6560	
172.795	155.325	6561	
171.624	154.096	6562	
171.842	150.972	6563	
170.574	150.035	6564	
170.8	151.139	6565	
171.531	149.918	6566	
167.46	149.08	6567	
166.266	148.568	6568	
163.361	148.308	6569	
163.522	148.394	6570	
163.193	145.533	6571	
163.253	147.965	6572	
162.14	147.526	6573	
162.249	146.094	6574	
164.719	148.739	6575	
166.844	146.457	6576	
166.514	147.491	6577	
168.408	146.736	6578	
169.592	145.292	6579	
169.102	145.065	6580	
170.608	144.602	6581	
171.444	146.599	6582	
173.499	145.126	6583	
174.675	145.66	6584	
173.891	145.61	6585	
177.147	144.269	6586	
174.652	142.17	6587	
173.676	140.368	6588	
173.913	139.307	6589	
171.696	139.396	6590	
171.44	140.2	6591	
172.936	144.477	6592	
176.161	145.286	6593	
174.993	143.577	6594	
179.384	142.02	6595	
181.43	142.438	6596	
181.789	140.234	6597	
178.096	135.314	6598	
180.093	137.077	6599	
181.775	137.047	6600	
181.482	137.434	6601	
182.819	140.739	6602	
182.434	141.58	6603	
181.429	143.594	6604	
178.568	144.565	6605	
176.248	141.932	6606	
175.442	143.283	6607	
176.969	142.921	6608	
175.896	141.279	6609	
179.397	139.515	6610	
178.536	139.54	6611	
181.462	141.98	6612	
182.248	143.336	6613	
181.146	146.828	6614	
177.505	149.585	6615	
174.026	150.547	6616	
177.915	150.679	6617	
172.622	153.185	6618	
175.953	155.294	6619	
175.743	157.412	6620	
176.207	159.853	6621	
174.522	158.575	6622	
174.578	157.41	6623	
173.535	154.791	6624	
173.633	155.803	6625	
173.095	154.955	6626	
173.119	154.888	6627	
174.807	154.01	6628	
170.514	154.693	6629	
172.827	159.801	6630	
173.017	161.903	6631	
169.409	160.663	6632	
169.362	162.392	6633	
168.955	163.5	6634	
170.777	163.108	6635	
170.551	167.527	6636	
171.335	167.982	6637	
169.434	167.722	6638	
173.27	165.698	6639	
175.45	163.635	6640	
175.004	163.342	6641	
174.156	163.736	6642	
173.982	162.332	6643	
173.943	160.572	6644	
175.978	159.807	6645	
177.649	160.557	6646	
175.967	161.694	6647	
176.158	159.788	6648	
175.474	160.015	6649	
176.78	161.973	6650	
172.924	161.526	6651	
172.075	160.049	6652	
173.453	157.467	6653	
169.146	155.255	6654	
170.712	153.969	6655	
169.32	152.457	6656	
171.929	149.428	6657	
174.153	151.308	6658	
172.259	152.343	6659	
171.2	154.389	6660	
168.347	151.473	6661	
169.446	150.606	6662	
168.611	148.677	6663	
169.619	147.046	6664	
169.766	148.988	6665	
168.333	147.564	6666	
167.507	143.559	6667	
167.148	145.257	6668	
164.12	146.831	6669	
164.981	150.479	6670	
164.61	150.018	6671	
163.015	149.47	6672	
165.929	148.859	6673	
164.971	149.802	6674	
165.172	149.812	6675	
166.864	148.197	6676	
168.146	147.084	6677	
169.605	146.261	6678	
172.685	148.961	6679	
175.704	149.876	6680	
173.471	153.936	6681	
176.45	152.519	6682	
175.969	147.556	6683	
177.537	149.494	6684	
176.535	149.993	6685	
173.988	152.904	6686	
172.479	151.466	6687	
170.275	151.789	6688	
171.649	153.311	6689	
170.94	151.779	6690	
171.081	155.009	6691	
169.858	154.872	6692	
169.963	154.209	6693	
171.534	150.415	6694	
171.419	153.931	6695	
170.528	155.006	6696	
169.652	154.694	6697	
171.066	153.416	6698	
168.503	152.455	6699	
168.132	150.98	6700	
167.67	150.069	6701	
168.256	146.844	6702	
168.438	149.298	6703	
169.543	151.508	6704	
169.465	151.514	6705	
170.723	152.668	6706	
171.416	153.443	6707	
171.935	152.487	6708	
170.029	154.386	6709	
176.161	154.953	6710	
175.264	153.419	6711	
175.975	153.459	6712	
174.962	153.487	6713	
175.916	152.965	6714	
175.242	155.964	6715	
175.3	153.974	6716	
177.288	151.811	6717	
181.892	150.115	6718	
179.774	152.85	6719	
177.328	153.63	6720	
179.524	152.052	6721	
177.417	152.178	6722	
178.289	153.239	6723	
177.312	151.902	6724	
174.863	147.444	6725	
177.215	147.899	6726	
176.884	147.924	6727	
177.201	147.536	6728	
179.857	147.073	6729	
178.072	145.909	6730	
176.662	147.386	6731	
174.882	145.224	6732	
176.916	145.015	6733	
179.199	146.676	6734	
180.081	146.842	6735	
177.458	144.475	6736	
177.527	143.515	6737	
177.021	142.875	6738	
175.853	143.129	6739	
180.254	142.313	6740	
183.499	143.087	6741	
186.736	140.369	6742	
187.145	142.279	6743	
186.266	142.07	6744	
187.589	145.281	6745	
186.085	146.625	6746	
183.879	146.532	6747	
183.512	147.752	6748	
184.507	147.935	6749	
183.489	151.53	6750	
185.966	149.798	6751	
183.907	149.797	6752	
183.775	152.305	6753	
184.251	152.693	6754	
182.169	154.881	6755	
181.452	154.444	6756	
182.675	154.909	6757	
184.637	153.499	6758	
182.713	152.654	6759	
180.602	151.387	6760	
184.592	149.236	6761	
184.472	151.074	6762	
182.127	151.326	6763	
184.747	152.826	6764	
183.845	152.358	6765	
183.727	153.092	6766	
182.594	152.373	6767	
180.954	152.453	6768	
181.417	151.938	6769	
182.591	151.017	6770	
186.308	146.768	6771	
187.714	146.273	6772	
183.546	145.425	6773	
184.472	146.415	6774	
187.445	148.503	6775	
189.648	151.477	6776	
189.119	150.126	6777	
187.209	150.01	6778	
187.307	153.415	6779	
183.945	152.718	6780	
183.836	152.972	6781	
182.49	151.632	6782	
181.433	149.504	6783	
182.973	150.661	6784	
184.284	151.89	6785	
184.871	150.22	6786	
182.958	152.858	6787	
182.972	152.676	6788	
183.256	154.487	6789	
181.855	154.621	6790	
179.804	155.001	6791	
178.746	156.377	6792	
178.322	155.487	6793	
179.998	154.246	6794	
180.473	153.501	6795	
179.901	154.742	6796	
183.666	155.074	6797	
181.101	155.476	6798	
179.927	152.658	6799	
179.125	154.585	6800	
178.97	153.138	6801	
179.184	152.148	6802	
178.751	154.678	6803	
178.075	154.221	6804	
175.194	152.242	6805	
175.025	152.664	6806	
171.944	154.026	6807	
171.508	152.937	6808	
170.828	153.788	6809	
172.45	153.38	6810	
171.305	153.572	6811	
170.269	152.162	6812	
171.94	152.502	6813	
169.466	153.024	6814	
170.559	154.529	6815	
168.408	154.754	6816	
169.746	152.043	6817	
172.237	152.189	6818	
167.215	154.87	6819	
165.878	155.735	6820	
164.994	149.408	6821	
163.292	152.945	6822	
165.812	155.088	6823	
167.122	156.607	6824	
169.305	155.886	6825	
170.53	156.506	6826	
168.511	159.277	6827	
169.99	157.904	6828	
167.657	159.93	6829	
169.794	160.048	6830	
166.477	159.689	6831	
164.118	159.337	6832	
167.506	160.626	6833	
169.568	160.328	6834	
169.955	160.69	6835	
172.086	157.152	6836	
172.201	154.987	6837	
171.057	152.458	6838	
171.967	151.992	6839	
168.756	153.497	6840	
169.938	154.221	6841	
168.067	158.75	6842	
169.991	156.168	6843	
167.509	155.434	6844	
168.231	152.634	6845	
171.68	151.127	6846	
172.689	149.688	6847	
174.943	150.333	6848	
178.534	151.664	6849	
179.506	152.662	6850	
181.56	150.719	6851	
181.51	149.472	6852	
178.395	148.785	6853	
177.308	151.581	6854	
175.787	151.222	6855	
175.593	151.157	6856	
173.607	152.928	6857	
172.879	152.636	6858	
172.539	153.994	6859	
172.918	157.968	6860	
173.646	158.824	6861	
173.039	159.045	6862	
172.562	156.358	6863	
172.128	155.93	6864	
172.161	153.941	6865	
170.0	154.54	6866	
173.229	152.985	6867	
174.304	153.21	6868	
172.952	156.425	6869	
171.597	153.408	6870	
172.672	153.838	6871	
173.949	153.23	6872	
174.775	152.881	6873	
176.914	149.737	6874	
177.673	150.925	6875	
177.796	152.79	6876	
177.782	153.843	6877	
178.949	154.083	6878	
183.777	153.707	6879	
182.068	151.276	6880	
181.223	149.473	6881	
184.136	148.586	6882	
181.706	145.913	6883	
179.385	146.158	6884	
180.348	147.272	6885	
181.855	147.613	6886	
179.4	144.113	6887	
175.858	143.539	6888	
175.76	146.419	6889	
174.185	147.313	6890	
171.237	148.834	6891	
171.213	151.895	6892	
170.738	152.463	6893	
171.697	150.989	6894	
172.353	152.829	6895	
173.009	153.975	6896	
171.7	156.593	6897	
169.67	157.556	6898	
169.582	157.531	6899	
170.171	158.843	6900	
170.521	162.883	6901	
172.436	162.709	6902	
169.966	160.02	6903	
168.92	155.906	6904	
169.501	157.525	6905	
168.87	155.279	6906	
171.319	153.379	6907	
172.557	154.629	6908	
170.547	152.487	6909	
173.246	151.584	6910	
171.332	151.022	6911	
169.157	148.638	6912	
168.606	153.124	6913	
169.168	157.087	6914	
168.237	157.837	6915	
166.535	156.363	6916	
168.781	158.202	6917	
170.22	158.421	6918	
168.562	159.486	6919	
166.609	160.955	6920	
167.686	158.859	6921	
168.338	159.428	6922	
169.411	161.789	6923	
168.894	161.473	6924	
168.821	161.973	6925	
167.207	163.022	6926	
164.515	165.008	6927	
162.299	164.13	6928	
164.305	162.808	6929	
165.747	160.624	6930	
165.969	160.266	6931	
163.0	158.967	6932	
165.493	162.52	6933	
165.33	162.514	6934	
163.026	162.612	6935	
163.021	162.507	6936	
160.456	162.469	6937	
162.704	163.103	6938	
162.29	164.939	6939	
162.999	164.513	6940	
161.622	162.196	6941	
162.591	162.128	6942	
162.056	164.311	6943	
161.282	161.905	6944	
162.918	162.901	6945	
163.974	163.252	6946	
166.091	162.45	6947	
168.188	162.579	6948	
164.155	161.177	6949	
162.087	160.859	6950	
161.022	160.073	6951	
158.704	158.0	6952	
160.054	159.109	6953	
160.526	157.071	6954	
161.968	156.031	6955	
163.337	152.829	6956	
162.708	152.277	6957	
159.071	146.541	6958	
161.184	149.041	6959	
161.209	149.332	6960	
160.48	149.218	6961	
161.404	148.784	6962	
160.37	149.455	6963	
160.364	150.367	6964	
158.084	150.916	6965	
157.469	151.632	6966	
158.871	152.164	6967	
156.645	152.004	6968	
158.525	149.969	6969	
157.304	149.781	6970	
158.256	149.933	6971	
156.906	151.577	6972	
158.951	154.159	6973	
154.949	154.492	6974	
152.979	153.507	6975	
155.031	154.691	6976	
155.43	154.273	6977	
156.3	153.919	6978	
157.694	154.234	6979	
157.613	155.468	6980	
158.929	155.529	6981	
159.268	154.05	6982	
158.839	155.246	6983	
156.698	153.553	6984	
158.737	152.396	6985	
156.145	153.025	6986	
155.16	154.152	6987	
154.992	154.244	6988	
158.784	155.522	6989	
159.205	154.765	6990	
157.703	155.421	6991	
156.358	155.056	6992	
156.197	156.701	6993	
156.631	156.664	6994	
158.465	157.0	6995	
160.873	155.433	6996	
160.189	155.009	6997	
157.48	157.485	6998	
154.794	156.084	6999	
156.778	157.995	7000	
158.618	157.185	7001	
157.969	158.462	7002	
159.349	158.331	7003	
162.362	159.132	7004	
165.865	158.91	7005	
164.09	160.938	7006	
162.288	160.639	7007	
160.939	161.015	7008	
