171.264	158.38	1251	
171.443	160.946	1252	
170.783	162.202	1253	
170.463	163.061	1254	
172.319	161.921	1255	
172.51	163.15	1256	
171.619	163.105	1257	
171.254	161.087	1258	
170.195	161.494	1259	
168.202	160.578	1260	
167.567	159.119	1261	
165.855	158.526	1262	
165.093	155.767	1263	
169.055	155.269	1264	
170.139	155.315	1265	
168.755	155.294	1266	
167.463	153.012	1267	
166.301	154.844	1268	
169.615	154.21	1269	
171.19	156.373	1270	
169.673	155.427	1271	
169.55	153.495	1272	
167.703	157.029	1273	
170.032	157.007	1274	
174.452	156.421	1275	
172.712	156.652	1276	
174.31	157.988	1277	
174.936	160.16	1278	
175.485	160.506	1279	
179.461	161.972	1280	
178.556	162.473	1281	
179.572	160.411	1282	
177.815	160.561	1283	
175.533	165.065	1284	
175.5	164.882	1285	
173.348	164.579	1286	
172.689	166.616	1287	
170.764	168.269	1288	
172.498	172.52	1289	
170.914	173.476	1290	
169.331	176.5	1291	
168.381	175.314	1292	
168.814	175.774	1293	
169.068	176.583	1294	
171.285	179.392	1295	
170.399	174.492	1296	
170.422	171.949	1297	
170.112	172.105	1298	
168.041	172.659	1299	
169.824	172.352	1300	
172.21	170.055	1301	
170.475	169.781	1302	
169.617	166.407	1303	
170.955	166.381	1304	
168.951	164.963	1305	
167.041	162.241	1306	
164.781	159.021	1307	
165.787	158.236	1308	
164.503	155.949	1309	
167.576	155.046	1310	
164.93	154.238	1311	
166.123	154.192	1312	
165.442	153.006	1313	
165.312	154.549	1314	
164.672	154.011	1315	
166.167	154.165	1316	
165.638	157.282	1317	
163.738	158.485	1318	
164.379	159.633	1319	
162.971	161.345	1320	
163.837	160.179	1321	
160.116	157.161	1322	
161.233	154.887	1323	
162.487	153.952	1324	
161.433	154.653	1325	
160.003	153.493	1326	
161.514	154.449	1327	
161.743	151.788	1328	
162.744	151.824	1329	
164.839	155.558	1330	
164.178	155.068	1331	
164.473	154.716	1332	
164.589	156.745	1333	
162.394	157.458	1334	
161.482	158.541	1335	
162.426	156.096	1336	
163.821	156.108	1337	
163.798	154.968	1338	
164.528	155.611	1339	
165.676	155.633	1340	
167.032	155.438	1341	
164.984	155.024	1342	
161.219	154.76	1343	
162.232	155.557	1344	
159.271	155.375	1345	
157.461	157.129	1346	
157.203	155.601	1347	
160.654	153.765	1348	
159.259	152.66	1349	
162.72	153.398	1350	
164.973	154.752	1351	
164.978	154.256	1352	
162.296	153.947	1353	
162.667	152.675	1354	
162.694	155.15	1355	
162.278	151.485	1356	
163.003	153.913	1357	
163.864	154.223	1358	
162.32	149.836	1359	
161.031	148.484	1360	
163.603	152.014	1361	
165.887	153.018	1362	
166.455	152.529	1363	
165.094	152.66	1364	
163.094	151.702	1365	
163.491	150.525	1366	
163.32	149.087	1367	
165.626	149.586	1368	
166.152	149.485	1369	
163.775	149.411	1370	
165.302	149.096	1371	
166.033	150.76	1372	
167.837	149.057	1373	
167.614	145.997	1374	
163.044	147.498	1375	
165.593	148.051	1376	
164.864	148.393	1377	
165.854	149.454	1378	
165.942	146.15	1379	
165.465	146.441	1380	
166.929	147.847	1381	
166.129	145.86	1382	
168.561	147.509	1383	
168.226	148.246	1384	
168.58	148.565	1385	
169.503	148.136	1386	
170.381	146.936	1387	
170.035	148.241	1388	
170.119	149.548	1389	
171.589	148.827	1390	
168.518	148.005	1391	
168.453	148.525	1392	
168.61	147.885	1393	
169.974	147.333	1394	
169.507	145.049	1395	
170.338	144.385	1396	
170.999	143.983	1397	
169.466	144.82	1398	
170.281	147.319	1399	
169.813	151.052	1400	
167.795	154.802	1401	
165.486	153.955	1402	
163.031	153.539	1403	
161.958	155.974	1404	
164.576	159.099	1405	
164.715	157.742	1406	
164.484	156.874	1407	
161.093	158.44	1408	
162.797	157.474	1409	
161.767	157.678	1410	
162.611	158.175	1411	
164.76	161.398	1412	
167.274	157.658	1413	
165.657	158.343	1414	
167.922	158.393	1415	
168.667	158.653	1416	
169.93	159.797	1417	
170.276	161.613	1418	
172.472	161.442	1419	
174.046	162.729	1420	
173.604	161.763	1421	
174.549	158.683	1422	
172.467	159.644	1423	
170.337	162.027	1424	
171.843	158.503	1425	
173.783	154.607	1426	
171.593	154.108	1427	
172.93	154.648	1428	
172.665	158.377	1429	
171.762	159.556	1430	
171.418	158.11	1431	
171.284	156.805	1432	
172.961	156.06	1433	
172.403	156.475	1434	
171.137	156.259	1435	
170.555	158.64	1436	
173.085	158.205	1437	
173.326	160.979	1438	
175.047	159.475	1439	
177.128	160.839	1440	
177.203	162.635	1441	
176.642	161.432	1442	
174.631	161.357	1443	
174.126	159.26	1444	
172.669	157.001	1445	
172.896	157.502	1446	
173.538	158.064	1447	
173.591	160.459	1448	
174.115	163.448	1449	
173.32	161.777	1450	
174.558	160.46	1451	
174.703	158.107	1452	
174.916	158.466	1453	
173.513	155.051	1454	
176.22	155.865	1455	
176.9	155.291	1456	
181.227	158.395	1457	
177.665	160.656	1458	
177.639	162.029	1459	
174.237	161.155	1460	
177.901	160.509	1461	
177.716	163.016	1462	
176.998	160.538	1463	
172.92	158.686	1464	
173.915	159.731	1465	
172.743	160.707	1466	
171.644	157.634	1467	
171.425	157.109	1468	
171.273	154.923	1469	
170.731	155.695	1470	
168.876	155.269	1471	
167.91	156.854	1472	
167.699	155.32	1473	
165.092	154.188	1474	
167.065	153.811	1475	
169.004	154.968	1476	
167.355	154.8	1477	
168.576	155.343	1478	
167.511	155.979	1479	
167.736	155.061	1480	
167.942	155.916	1481	
168.153	155.242	1482	
167.016	155.38	1483	
168.755	156.815	1484	
169.07	157.639	1485	
164.381	159.043	1486	
167.907	160.315	1487	
165.005	157.032	1488	
165.261	160.464	1489	
164.066	160.547	1490	
165.669	159.497	1491	
164.541	157.559	1492	
163.838	158.559	1493	
166.604	155.343	1494	
163.559	155.027	1495	
165.54	154.012	1496	
162.577	155.984	1497	
164.718	151.897	1498	
165.751	153.81	1499	
165.893	153.007	1500	
167.142	151.082	1501	
167.489	153.466	1502	
167.539	151.98	1503	
170.731	152.067	1504	
172.176	155.109	1505	
169.264	154.811	1506	
169.939	154.236	1507	
168.273	155.735	1508	
170.995	155.221	1509	
173.821	154.062	1510	
175.111	153.17	1511	
173.461	150.024	1512	
175.912	148.82	1513	
176.047	149.634	1514	
176.055	148.736	1515	
175.987	145.897	1516	
173.315	144.083	1517	
172.817	144.087	1518	
173.328	145.93	1519	
172.716	144.048	1520	
170.803	142.958	1521	
171.988	142.102	1522	
171.523	140.827	1523	
171.337	141.89	1524	
174.085	142.818	1525	
170.878	143.846	1526	
170.748	145.916	1527	
170.088	147.035	1528	
169.69	149.04	1529	
170.459	148.028	1530	
170.187	147.528	1531	
169.451	149.055	1532	
169.465	149.776	1533	
169.85	150.557	1534	
167.736	150.646	1535	
167.261	152.397	1536	
171.098	151.094	1537	
171.953	150.688	1538	
173.807	151.423	1539	
173.809	153.184	1540	
174.332	149.907	1541	
174.78	149.936	1542	
175.907	151.23	1543	
175.517	153.86	1544	
174.324	152.945	1545	
172.452	151.103	1546	
170.616	151.52	1547	
169.452	154.082	1548	
166.534	152.458	1549	
165.057	152.91	1550	
166.407	155.477	1551	
165.223	153.382	1552	
163.267	154.06	1553	
164.04	155.024	1554	
164.313	155.824	1555	
162.14	155.153	1556	
163.336	155.669	1557	
163.531	154.268	1558	
162.458	152.509	1559	
163.929	157.191	1560	
166.661	159.296	1561	
167.386	156.672	1562	
170.092	157.093	1563	
167.906	157.46	1564	
169.362	161.819	1565	
168.561	161.105	1566	
167.194	164.714	1567	
168.626	164.546	1568	
168.389	163.524	1569	
166.577	159.817	1570	
164.141	158.644	1571	
166.715	161.091	1572	
167.541	160.425	1573	
169.092	158.9	1574	
167.827	158.582	1575	
168.097	157.271	1576	
170.114	157.646	1577	
168.768	159.16	1578	
167.97	159.722	1579	
167.743	160.302	1580	
166.146	160.204	1581	
165.933	160.906	1582	
163.507	162.326	1583	
164.195	163.852	1584	
162.624	163.206	1585	
161.545	166.064	1586	
160.016	163.548	1587	
159.932	163.026	1588	
159.39	161.843	1589	
159.213	160.781	1590	
159.408	157.29	1591	
157.231	153.967	1592	
159.446	151.0	1593	
160.97	152.543	1594	
157.061	153.552	1595	
156.124	155.015	1596	
158.519	154.575	1597	
161.749	156.143	1598	
161.256	157.828	1599	
166.303	154.103	1600	
164.823	154.159	1601	
162.871	151.987	1602	
162.073	153.317	1603	
158.679	153.47	1604	
162.799	152.953	1605	
161.243	151.633	1606	
162.473	150.891	1607	
160.816	149.842	1608	
163.357	149.924	1609	
162.72	151.19	1610	
163.954	149.668	1611	
162.512	149.031	1612	
163.07	152.657	1613	
165.792	148.77	1614	
167.13	151.252	1615	
168.262	153.415	1616	
167.48	150.562	1617	
166.96	151.087	1618	
165.673	148.27	1619	
164.894	148.275	1620	
165.0	150.0	1621	
166.462	151.339	1622	
167.123	152.548	1623	
166.426	152.544	1624	
166.914	151.59	1625	
166.038	148.998	1626	
165.159	147.953	1627	
162.999	148.637	1628	
165.698	149.004	1629	
163.585	148.512	1630	
164.39	150.634	1631	
163.488	151.781	1632	
164.181	149.229	1633	
163.325	150.981	1634	
161.954	148.752	1635	
162.057	149.79	1636	
166.481	146.074	1637	
166.922	145.623	1638	
167.011	145.421	1639	
168.593	146.932	1640	
168.583	147.439	1641	
167.351	145.24	1642	
168.246	145.067	1643	
169.574	147.489	1644	
169.42	148.423	1645	
167.432	148.807	1646	
166.954	147.482	1647	
170.518	148.814	1648	
173.026	150.365	1649	
175.427	150.823	1650	
173.016	150.995	1651	
172.447	151.469	1652	
170.4	149.525	1653	
169.38	149.811	1654	
170.361	148.901	1655	
169.56	148.164	1656	
172.252	150.583	1657	
174.091	151.128	1658	
174.103	154.981	1659	
174.474	155.97	1660	
174.106	153.901	1661	
175.551	155.228	1662	
174.336	155.895	1663	
172.767	154.317	1664	
171.503	153.971	1665	
170.341	152.0	1666	
169.556	149.947	1667	
171.641	149.662	1668	
172.679	148.323	1669	
174.499	147.619	1670	
172.164	145.481	1671	
171.161	147.699	1672	
170.241	148.328	1673	
169.897	148.497	1674	
170.519	145.526	1675	
171.003	147.439	1676	
168.156	148.94	1677	
168.636	150.365	1678	
165.008	146.97	1679	
166.26	147.868	1680	
168.082	146.168	1681	
167.279	145.065	1682	
165.944	145.762	1683	
165.508	145.485	1684	
162.102	142.261	1685	
162.777	143.884	1686	
164.837	144.772	1687	
164.993	148.32	1688	
164.516	150.132	1689	
165.512	149.808	1690	
165.864	151.996	1691	
167.309	150.125	1692	
167.806	150.899	1693	
167.412	151.309	1694	
168.584	148.181	1695	
170.203	146.469	1696	
169.046	146.434	1697	
167.447	150.514	1698	
167.545	148.251	1699	
170.037	146.194	1700	
170.211	147.446	1701	
171.951	148.404	1702	
172.888	148.13	1703	
172.514	148.572	1704	
171.551	147.424	1705	
170.565	147.926	1706	
170.631	145.672	1707	
169.006	144.838	1708	
166.148	146.879	1709	
168.069	149.39	1710	
165.968	148.945	1711	
165.591	147.898	1712	
167.669	148.049	1713	
170.989	147.735	1714	
170.23	147.759	1715	
169.905	146.285	1716	
168.125	146.706	1717	
168.632	147.323	1718	
168.219	151.247	1719	
169.31	148.0	1720	
169.383	145.998	1721	
169.791	145.34	1722	
171.158	144.513	1723	
172.879	145.665	1724	
174.651	145.779	1725	
177.476	145.541	1726	
177.648	148.774	1727	
174.792	149.926	1728	
174.09	147.708	1729	
173.848	145.931	1730	
176.877	149.695	1731	
176.923	149.748	1732	
177.396	150.521	1733	
174.989	151.538	1734	
174.635	155.015	1735	
175.016	153.052	1736	
170.338	150.761	1737	
167.663	150.482	1738	
165.649	148.456	1739	
166.548	149.518	1740	
166.575	150.923	1741	
164.479	148.965	1742	
163.707	148.103	1743	
165.953	145.997	1744	
166.267	151.054	1745	
165.425	150.881	1746	
166.493	149.586	1747	
166.321	148.386	1748	
167.111	147.049	1749	
168.241	149.588	1750	
167.913	147.461	1751	
167.742	148.686	1752	
168.676	148.505	1753	
171.313	150.133	1754	
172.027	146.503	1755	
169.438	145.897	1756	
168.21	145.049	1757	
169.327	145.927	1758	
167.673	145.479	1759	
167.373	147.253	1760	
170.908	145.283	1761	
171.896	143.583	1762	
171.242	143.48	1763	
172.04	145.207	1764	
173.996	146.278	1765	
172.908	145.857	1766	
174.688	145.006	1767	
170.954	146.26	1768	
169.013	144.185	1769	
165.197	145.187	1770	
164.223	146.673	1771	
163.337	147.278	1772	
163.112	145.264	1773	
162.706	145.306	1774	
163.301	147.073	1775	
163.516	144.414	1776	
166.212	144.21	1777	
165.448	144.509	1778	
164.15	142.021	1779	
164.343	143.102	1780	
164.126	141.903	1781	
164.434	141.253	1782	
166.792	142.325	1783	
168.505	145.121	1784	
168.791	143.262	1785	
167.897	146.967	1786	
167.658	148.809	1787	
169.348	150.579	1788	
166.959	153.983	1789	
164.222	155.596	1790	
162.171	152.094	1791	
164.992	151.719	1792	
164.481	152.583	1793	
166.318	151.429	1794	
166.346	150.986	1795	
168.703	151.876	1796	
167.464	149.682	1797	
168.922	150.236	1798	
165.0	149.473	1799	
166.827	148.953	1800	
168.395	146.338	1801	
167.537	148.587	1802	
167.165	149.563	1803	
164.416	150.725	1804	
164.538	148.43	1805	
162.486	150.49	1806	
163.99	149.631	1807	
164.76	151.614	1808	
166.566	150.956	1809	
167.56	151.606	1810	
164.351	155.879	1811	
162.458	155.35	1812	
160.983	153.445	1813	
161.539	152.932	1814	
162.324	151.044	1815	
164.683	150.199	1816	
166.97	150.681	1817	
168.439	148.592	1818	
167.416	148.316	1819	
166.76	152.401	1820	
166.791	153.649	1821	
164.982	153.946	1822	
166.828	151.839	1823	
168.593	152.188	1824	
168.887	153.949	1825	
171.947	153.533	1826	
174.983	154.875	1827	
176.273	154.091	1828	
177.687	153.9	1829	
178.427	156.563	1830	
178.008	158.536	1831	
174.803	156.846	1832	
172.012	158.299	1833	
173.808	157.597	1834	
175.806	158.944	1835	
174.516	158.68	1836	
173.84	155.808	1837	
173.077	155.852	1838	
168.939	157.689	1839	
169.36	158.22	1840	
168.296	159.96	1841	
168.017	162.527	1842	
167.256	159.814	1843	
166.884	157.019	1844	
172.374	155.946	1845	
175.026	152.538	1846	
174.146	152.423	1847	
173.926	149.702	1848	
172.962	150.629	1849	
173.844	151.709	1850	
173.74	150.388	1851	
173.924	150.622	1852	
173.794	148.735	1853	
172.262	150.957	1854	
172.698	151.734	1855	
171.764	152.437	1856	
171.499	149.796	1857	
175.193	150.617	1858	
177.515	146.526	1859	
178.677	147.241	1860	
180.534	148.684	1861	
182.136	148.429	1862	
182.563	145.316	1863	
183.259	146.959	1864	
185.225	149.519	1865	
185.589	150.375	1866	
181.966	151.509	1867	
180.729	153.639	1868	
178.882	153.761	1869	
177.377	157.106	1870	
177.533	156.542	1871	
179.801	156.777	1872	
180.68	159.002	1873	
180.263	156.919	1874	
178.894	156.098	1875	
177.067	156.751	1876	
176.609	153.92	1877	
177.514	155.497	1878	
179.884	155.685	1879	
181.671	155.95	1880	
177.689	154.953	1881	
177.546	157.585	1882	
176.688	156.869	1883	
176.221	157.027	1884	
175.057	158.699	1885	
174.235	157.967	1886	
177.021	159.007	1887	
177.904	157.55	1888	
177.702	156.631	1889	
177.697	156.614	1890	
176.438	155.528	1891	
174.716	154.627	1892	
175.025	156.622	1893	
175.507	154.429	1894	
177.291	157.423	1895	
177.059	155.645	1896	
180.508	156.43	1897	
179.078	153.213	1898	
179.291	153.236	1899	
179.397	152.171	1900	
178.542	154.088	1901	
177.647	156.034	1902	
175.57	155.036	1903	
175.506	155.0	1904	
172.589	154.664	1905	
172.834	155.294	1906	
172.859	154.197	1907	
174.293	150.948	1908	
173.998	149.548	1909	
173.413	148.187	1910	
173.617	151.708	1911	
173.355	149.737	1912	
176.876	150.236	1913	
177.384	148.162	1914	
179.08	148.161	1915	
179.962	149.505	1916	
175.929	151.55	1917	
175.689	154.928	1918	
176.473	154.943	1919	
175.004	154.873	1920	
174.548	154.973	1921	
170.95	154.003	1922	
171.475	152.008	1923	
170.673	150.79	1924	
170.328	150.294	1925	
168.926	150.638	1926	
167.869	150.783	1927	
166.153	149.068	1928	
166.46	143.161	1929	
163.189	141.623	1930	
163.207	142.691	1931	
166.332	141.705	1932	
166.778	143.735	1933	
165.95	144.459	1934	
167.075	143.295	1935	
166.902	144.89	1936	
167.114	146.244	1937	
168.53	145.797	1938	
165.413	150.675	1939	
168.295	151.437	1940	
168.757	152.4	1941	
168.113	151.534	1942	
168.849	152.518	1943	
169.512	151.193	1944	
168.701	148.703	1945	
170.537	147.323	1946	
172.488	147.071	1947	
175.151	146.857	1948	
176.787	150.267	1949	
178.623	150.654	1950	
179.32	151.763	1951	
178.072	151.807	1952	
177.544	152.892	1953	
177.457	152.427	1954	
177.97	150.593	1955	
177.671	150.474	1956	
177.592	151.166	1957	
177.025	150.566	1958	
175.878	147.481	1959	
179.642	145.545	1960	
179.29	147.089	1961	
181.066	149.23	1962	
180.45	146.509	1963	
181.442	146.542	1964	
183.132	146.266	1965	
179.364	147.375	1966	
179.125	147.137	1967	
179.643	147.524	1968	
179.994	148.494	1969	
182.24	150.716	1970	
180.789	151.869	1971	
181.021	152.625	1972	
179.233	151.962	1973	
178.22	149.13	1974	
180.053	150.452	1975	
180.503	152.22	1976	
183.751	155.237	1977	
180.39	155.379	1978	
181.71	154.684	1979	
180.651	152.549	1980	
178.0	154.48	1981	
178.77	153.835	1982	
180.468	153.445	1983	
182.314	153.611	1984	
181.889	153.149	1985	
179.731	154.763	1986	
182.103	158.078	1987	
182.005	155.775	1988	
182.099	155.032	1989	
183.166	156.114	1990	
184.16	156.405	1991	
186.56	155.0	1992	
185.362	156.939	1993	
185.429	156.656	1994	
188.024	156.059	1995	
185.386	153.661	1996	
185.175	152.74	1997	
183.919	154.255	1998	
181.996	152.98	1999	
178.943	151.983	2000	
178.992	154.331	2001	
181.87	154.676	2002	
180.193	151.778	2003	
178.467	150.989	2004	
178.877	152.046	2005	
176.731	152.228	2006	
177.901	151.451	2007	
176.749	150.988	2008	
175.861	151.136	2009	
174.935	151.131	2010	
174.933	152.811	2011	
174.171	152.839	2012	
171.737	152.188	2013	
172.662	149.989	2014	
171.614	151.647	2015	
172.241	150.596	2016	
169.532	149.735	2017	
170.995	150.075	2018	
173.215	152.063	2019	
171.636	153.966	2020	
169.589	155.148	2021	
173.449	156.026	2022	
175.342	154.205	2023	
174.065	152.489	2024	
173.727	151.715	2025	
173.498	147.367	2026	
171.567	146.45	2027	
171.268	145.271	2028	
168.94	143.09	2029	
167.724	143.263	2030	
168.692	141.98	2031	
169.109	137.192	2032	
172.006	137.903	2033	
172.142	140.351	2034	
172.995	138.484	2035	
171.248	137.826	2036	
174.742	137.024	2037	
172.643	136.981	2038	
171.627	135.557	2039	
169.881	134.086	2040	
168.973	131.072	2041	
168.085	131.862	2042	
167.647	131.066	2043	
167.398	130.003	2044	
170.06	131.263	2045	
166.64	132.965	2046	
163.054	133.454	2047	
162.083	134.27	2048	
161.982	137.568	2049	
161.859	137.916	2050	
162.7	139.163	2051	
160.011	139.555	2052	
157.888	139.202	2053	
154.53	140.496	2054	
155.365	140.929	2055	
155.877	139.062	2056	
153.317	137.861	2057	
154.752	139.058	2058	
156.709	139.966	2059	
159.17	138.535	2060	
158.466	136.991	2061	
161.762	135.404	2062	
162.717	133.181	2063	
160.338	131.943	2064	
163.164	132.267	2065	
164.186	131.795	2066	
164.627	132.174	2067	
166.633	131.986	2068	
165.087	135.491	2069	
164.042	137.568	2070	
161.256	133.971	2071	
161.18	133.271	2072	
160.906	133.457	2073	
162.527	132.935	2074	
160.951	128.252	2075	
160.368	128.518	2076	
160.119	130.384	2077	
161.914	131.818	2078	
165.512	131.379	2079	
165.527	131.542	2080	
167.119	131.674	2081	
170.609	131.051	2082	
171.039	131.704	2083	
170.51	131.505	2084	
167.015	132.26	2085	
169.227	128.739	2086	
168.788	130.298	2087	
170.16	133.953	2088	
173.511	131.654	2089	
171.679	135.054	2090	
170.199	136.287	2091	
171.353	133.934	2092	
171.371	132.039	2093	
171.948	132.714	2094	
173.996	133.345	2095	
176.765	134.581	2096	
176.843	135.074	2097	
177.17	135.987	2098	
177.978	135.044	2099	
179.47	135.479	2100	
178.335	137.466	2101	
177.706	140.193	2102	
178.055	139.005	2103	
178.001	140.441	2104	
177.142	139.874	2105	
176.674	142.602	2106	
177.036	143.357	2107	
176.968	141.461	2108	
176.957	146.95	2109	
177.048	149.077	2110	
175.212	147.95	2111	
174.108	145.966	2112	
173.953	146.364	2113	
173.297	144.385	2114	
173.196	142.978	2115	
173.346	143.801	2116	
170.99	141.987	2117	
171.904	139.055	2118	
172.082	139.389	2119	
171.913	137.772	2120	
172.98	137.779	2121	
168.089	137.033	2122	
166.983	138.991	2123	
167.056	140.674	2124	
170.551	144.136	2125	
171.197	146.483	2126	
169.894	146.88	2127	
167.144	147.13	2128	
166.05	143.934	2129	
168.418	145.076	2130	
170.796	144.874	2131	
170.555	145.827	2132	
174.294	147.995	2133	
171.768	149.689	2134	
173.128	151.001	2135	
172.489	149.761	2136	
176.568	152.199	2137	
177.961	153.943	2138	
179.917	154.469	2139	
180.375	155.042	2140	
178.807	157.377	2141	
176.894	156.213	2142	
176.555	157.374	2143	
175.762	158.065	2144	
173.028	157.895	2145	
172.591	157.413	2146	
169.154	155.168	2147	
172.214	157.043	2148	
171.452	158.707	2149	
170.09	156.67	2150	
169.222	153.374	2151	
169.261	154.85	2152	
167.763	156.353	2153	
168.568	153.879	2154	
166.136	154.598	2155	
167.334	154.262	2156	
167.162	155.462	2157	
170.205	154.729	2158	
172.589	154.086	2159	
172.289	151.882	2160	
173.864	152.072	2161	
171.619	151.168	2162	
171.03	151.602	2163	
172.77	149.082	2164	
175.913	146.425	2165	
176.678	145.963	2166	
177.854	144.362	2167	
175.777	146.131	2168	
175.53	145.122	2169	
175.301	146.673	2170	
175.696	146.13	2171	
177.531	147.51	2172	
181.059	147.025	2173	
181.448	146.658	2174	
182.717	147.712	2175	
182.976	147.204	2176	
184.018	145.324	2177	
184.295	147.295	2178	
184.472	147.512	2179	
182.484	146.845	2180	
184.958	147.213	2181	
187.991	146.788	2182	
188.501	146.65	2183	
186.511	149.001	2184	
186.217	149.232	2185	
186.18	150.169	2186	
187.216	149.957	2187	
187.089	149.927	2188	
184.534	148.32	2189	
181.234	148.438	2190	
179.57	144.827	2191	
181.277	144.606	2192	
180.439	143.572	2193	
179.529	141.371	2194	
178.662	144.371	2195	
177.479	145.673	2196	
179.789	143.606	2197	
183.883	144.503	2198	
184.488	148.011	2199	
182.048	149.038	2200	
184.722	149.863	2201	
182.844	149.84	2202	
184.936	147.445	2203	
186.403	148.317	2204	
186.542	146.938	2205	
186.251	146.369	2206	
182.839	148.435	2207	
183.003	148.221	2208	
182.221	144.918	2209	
182.486	145.404	2210	
181.228	149.964	2211	
178.404	151.614	2212	
179.473	149.265	2213	
181.507	151.871	2214	
180.206	153.889	2215	
183.807	155.646	2216	
183.536	155.645	2217	
184.117	154.702	2218	
182.777	155.25	2219	
181.524	156.416	2220	
181.845	155.907	2221	
178.455	155.444	2222	
179.402	154.807	2223	
183.008	152.622	2224	
184.487	150.497	2225	
180.628	149.138	2226	
180.088	150.384	2227	
180.437	149.573	2228	
179.395	148.943	2229	
178.645	147.041	2230	
176.572	148.105	2231	
174.175	149.689	2232	
173.023	147.991	2233	
171.534	145.939	2234	
166.832	144.791	2235	
168.18	143.777	2236	
167.516	141.997	2237	
168.978	143.341	2238	
170.106	143.823	2239	
168.503	143.674	2240	
167.054	141.349	2241	
166.914	143.057	2242	
168.234	142.136	2243	
166.718	141.984	2244	
168.689	143.226	2245	
170.918	140.79	2246	
173.52	142.558	2247	
169.966	140.255	2248	
170.585	141.927	2249	
171.867	141.195	2250	
169.606	144.034	2251	
170.466	143.927	2252	
171.336	144.416	2253	
171.676	147.948	2254	
169.116	147.262	2255	
172.403	149.62	2256	
167.585	147.383	2257	
167.685	146.504	2258	
168.772	144.233	2258	
167.759	143.749	2259	
166.846	143.165	2260	
165.55	143.696	2261	
164.361	142.99	2262	
166.577	145.083	2263	
166.091	144.711	2264	
163.159	146.266	2265	
164.741	147.078	2266	
163.884	146.88	2267	
160.934	146.316	2268	
164.094	147.893	2269	
167.713	147.752	2270	
168.004	147.282	2271	
169.062	149.455	2272	
167.895	150.469	2273	
169.735	151.305	2274	
168.204	151.764	2275	
170.848	153.127	2276	
174.188	155.739	2277	
174.755	153.603	2278	
176.666	153.959	2279	
176.522	154.51	2280	
178.664	152.003	2281	
175.868	151.114	2282	
172.68	149.797	2283	
172.229	149.463	2284	
174.644	148.599	2285	
175.551	152.401	2286	
176.003	152.336	2287	
177.529	151.575	2288	
178.671	150.574	2289	
180.946	149.363	2290	
180.58	147.546	2291	
178.76	151.325	2292	
177.993	149.395	2293	
175.888	146.002	2294	
175.52	146.525	2295	
174.276	147.956	2296	
174.688	146.703	2297	
174.48	150.213	2298	
174.702	149.653	2299	
174.284	151.249	2300	
174.0	151.885	2301	
174.533	154.236	2302	
174.306	152.253	2303	
174.092	152.357	2304	
174.185	154.199	2305	
173.624	155.305	2306	
174.351	153.453	2307	
174.656	150.571	2308	
174.848	149.573	2309	
175.128	148.082	2310	
176.048	149.188	2311	
176.82	150.203	2312	
181.042	151.068	2313	
178.591	152.267	2314	
179.795	149.864	2315	
177.155	150.924	2316	
178.029	149.088	2317	
175.292	145.861	2318	
175.573	147.44	2319	
175.108	145.279	2320	
174.41	146.032	2321	
172.42	143.621	2322	
174.184	143.484	2323	
174.917	144.021	2324	
173.713	142.397	2325	
174.843	142.91	2326	
175.742	144.354	2327	
175.563	145.168	2328	
171.292	143.941	2329	
173.647	144.475	2330	
174.355	144.025	2331	
174.445	144.753	2332	
177.305	143.906	2333	
178.531	141.619	2334	
177.459	143.655	2335	
177.985	143.59	2336	
177.691	142.992	2337	
179.779	140.523	2338	
178.803	140.189	2339	
179.522	139.197	2340	
183.186	139.924	2341	
184.101	137.322	2342	
184.017	134.839	2343	
184.418	133.519	2344	
185.764	136.63	2345	
184.719	135.554	2346	
181.282	136.475	2347	
180.42	135.296	2348	
179.293	134.704	2349	
179.606	136.703	2350	
180.102	135.703	2351	
178.651	135.51	2352	
176.594	135.524	2353	
178.084	137.483	2354	
178.789	137.721	2355	
177.733	136.547	2356	
177.333	134.127	2357	
178.492	135.983	2358	
181.386	135.146	2359	
180.414	137.139	2360	
180.211	136.834	2361	
179.474	139.544	2362	
180.166	142.481	2363	
182.268	144.631	2364	
180.029	142.797	2365	
179.609	141.644	2366	
181.658	139.905	2367	
178.407	138.339	2368	
178.68	140.976	2369	
177.507	142.997	2370	
177.027	144.875	2371	
175.885	145.154	2372	
175.234	144.741	2373	
173.435	143.273	2374	
172.851	143.697	2375	
169.726	144.086	2376	
167.102	145.069	2377	
166.246	146.118	2378	
165.944	144.923	2379	
166.109	142.887	2380	
163.274	141.273	2381	
164.151	141.93	2382	
167.87	141.772	2383	
170.122	141.45	2384	
170.46	138.602	2385	
169.311	138.022	2386	
167.291	139.338	2387	
167.515	140.346	2388	
167.888	137.68	2389	
167.459	141.01	2390	
167.263	142.346	2391	
166.374	141.249	2392	
164.354	139.426	2393	
167.099	142.372	2394	
166.515	140.497	2395	
168.556	141.863	2396	
164.518	145.935	2397	
162.923	145.416	2398	
162.241	146.824	2399	
161.743	145.631	2400	
164.071	149.552	2401	
162.781	148.319	2402	
160.809	147.055	2403	
161.211	146.906	2404	
162.035	144.481	2405	
162.503	143.491	2406	
163.608	141.074	2407	
164.564	145.008	2408	
164.648	144.891	2409	
165.334	142.847	2410	
164.106	142.314	2411	
162.724	142.395	2412	
166.502	144.98	2413	
167.864	145.238	2414	
166.255	145.475	2415	
166.603	146.038	2416	
167.952	147.341	2417	
169.222	150.961	2418	
170.563	152.598	2419	
170.693	149.846	2420	
167.216	148.078	2421	
164.721	149.389	2422	
169.008	149.553	2423	
172.866	149.297	2424	
175.654	145.568	2425	
174.973	144.164	2426	
176.375	144.211	2427	
179.198	140.152	2428	
182.003	142.121	2429	
179.538	142.058	2430	
179.067	145.963	2431	
176.321	148.513	2432	
177.253	149.035	2433	
178.22	149.444	2434	
179.487	148.651	2435	
180.159	150.887	2436	
183.347	148.484	2437	
186.565	148.967	2438	
185.137	148.246	2439	
185.865	146.638	2440	
185.658	148.425	2441	
184.95	148.477	2442	
185.855	148.756	2443	
182.385	145.918	2444	
181.031	146.962	2445	
179.401	148.083	2446	
181.261	148.042	2447	
179.245	146.376	2448	
180.176	149.026	2449	
179.798	149.51	2450	
177.992	148.7	2451	
178.467	147.131	2452	
179.448	145.279	2453	
177.481	147.914	2454	
177.854	145.774	2455	
177.537	145.416	2456	
179.504	142.463	2457	
178.975	140.397	2458	
179.792	140.877	2459	
179.0	140.525	2460	
177.804	142.403	2461	
179.404	143.799	2462	
178.723	142.718	2463	
175.519	142.639	2464	
176.434	140.768	2465	
174.821	141.838	2466	
173.447	140.881	2467	
175.08	139.526	2468	
174.486	138.08	2469	
173.671	136.334	2470	
175.366	137.962	2471	
177.273	136.485	2472	
178.225	133.865	2473	
179.472	135.807	2474	
179.298	135.387	2475	
179.222	136.525	2476	
180.494	133.44	2477	
178.585	130.818	2478	
179.283	128.78	2479	
179.079	126.457	2480	
179.105	131.476	2481	
180.327	130.08	2482	
179.98	128.717	2483	
176.098	130.782	2484	
173.554	129.43	2485	
174.511	132.489	2486	
173.102	135.617	2487	
171.153	136.14	2488	
171.654	139.637	2489	
172.472	139.314	2490	
175.453	138.489	2491	
174.079	138.326	2492	
177.052	139.719	2493	
174.582	140.62	2494	
175.757	141.57	2495	
173.98	141.744	2496	
171.091	145.188	2497	
172.876	142.672	2498	
170.822	144.315	2499	
171.655	146.948	2500	
173.197	149.858	2501	
174.893	152.373	2502	
172.848	153.878	2503	
173.634	152.927	2504	
175.339	151.473	2505	
176.314	152.998	2506	
176.221	152.234	2507	
177.254	150.769	2508	
176.71	150.884	2509	
176.951	153.196	2510	
176.467	153.439	2511	
173.637	153.544	2512	
175.422	150.0	2513	
176.509	147.99	2514	
178.136	147.524	2515	
180.425	150.421	2516	
176.58	151.923	2517	
177.425	153.035	2518	
177.142	153.892	2519	
176.859	151.728	2520	
176.186	150.159	2521	
176.084	151.503	2522	
175.0	150.0	2523	
176.398	146.971	2524	
176.12	145.83	2525	
176.356	147.007	2526	
181.021	151.494	2527	
182.023	155.156	2528	
180.126	155.641	2529	
179.28	154.987	2530	
179.198	153.453	2531	
179.466	153.682	2532	
178.18	154.746	2533	
174.053	151.045	2534	
174.417	151.502	2535	
170.955	149.806	2536	
172.885	149.917	2537	
175.238	149.181	2538	
178.636	149.414	2539	
178.84	149.523	2540	
177.271	148.813	2541	
177.796	150.581	2542	
176.999	149.085	2543	
179.937	147.593	2544	
174.939	146.155	2545	
171.83	145.251	2546	
171.933	146.6	2547	
168.556	148.488	2548	
167.438	145.363	2549	
165.286	145.311	2550	
163.834	146.908	2551	
164.819	146.203	2552	
164.825	146.912	2553	
164.705	148.603	2554	
162.287	146.945	2555	
161.901	149.283	2556	
164.555	148.522	2557	
167.511	149.438	2558	
168.225	150.447	2559	
168.837	149.679	2560	
169.609	148.252	2561	
171.589	145.487	2562	
167.074	147.502	2563	
169.925	142.802	2564	
173.116	144.265	2565	
170.668	146.042	2566	
168.105	144.838	2567	
169.964	144.487	2568	
169.853	146.62	2569	
171.034	144.905	2570	
173.631	146.549	2571	
172.253	145.823	2572	
172.646	145.598	2573	
169.404	146.0	2574	
169.232	147.285	2575	
170.332	147.782	2576	
171.277	149.144	2577	
169.34	146.822	2578	
172.746	147.921	2579	
168.558	152.001	2580	
171.371	149.963	2581	
172.219	148.914	2582	
170.516	146.449	2583	
169.594	149.045	2584	
169.505	148.426	2585	
167.942	148.318	2586	
168.15	147.279	2587	
167.486	144.63	2588	
169.554	142.812	2589	
168.8	145.182	2590	
169.209	145.862	2591	
169.166	145.699	2592	
168.526	145.574	2593	
169.476	146.969	2594	
172.4	145.156	2595	
176.483	146.091	2596	
174.416	147.003	2597	
173.657	145.922	2598	
174.506	148.557	2599	
176.832	149.873	2600	
176.115	149.747	2601	
174.973	149.97	2602	
176.349	147.703	2603	
178.495	145.527	2604	
182.528	144.384	2605	
179.788	147.226	2606	
176.513	148.321	2607	
175.915	148.117	2608	
174.051	148.42	2609	
175.499	146.461	2610	
177.114	145.355	2611	
177.471	149.541	2612	
174.781	144.607	2613	
175.039	145.522	2614	
176.188	144.152	2615	
176.768	142.976	2616	
177.716	144.237	2617	
177.698	145.677	2618	
175.48	144.615	2619	
171.57	142.13	2620	
169.717	143.017	2621	
169.328	143.706	2622	
169.607	148.281	2623	
166.975	150.45	2624	
166.946	151.516	2625	
168.082	151.675	2626	
167.397	152.724	2627	
167.303	151.416	2628	
169.572	150.951	2629	
166.667	149.685	2630	
166.345	149.934	2631	
166.832	148.432	2632	
167.276	150.461	2633	
168.469	148.434	2634	
171.064	149.156	2635	
169.206	148.927	2636	
168.679	148.086	2637	
168.295	149.078	2638	
168.025	150.004	2639	
170.399	149.686	2640	
170.8	147.717	2641	
172.423	150.058	2642	
169.567	147.079	2643	
171.778	145.33	2644	
173.192	143.934	2645	
170.743	146.679	2646	
169.884	144.487	2647	
169.36	144.304	2648	
172.0	144.558	2649	
168.022	141.852	2650	
169.483	142.537	2651	
168.766	145.363	2652	
167.873	147.736	2653	
167.633	148.48	2654	
167.815	146.645	2655	
168.231	146.014	2656	
172.203	146.105	2657	
171.483	148.022	2658	
172.067	148.093	2659	
171.704	145.667	2660	
173.477	144.378	2661	
173.566	143.284	2662	
174.697	144.394	2663	
174.027	146.82	2664	
172.014	146.724	2665	
172.995	146.79	2666	
170.882	147.152	2667	
171.933	146.485	2668	
176.38	145.809	2669	
175.238	145.775	2670	
174.764	145.535	2671	
176.415	144.584	2672	
179.514	145.17	2673	
176.846	146.691	2674	
179.759	148.92	2675	
178.521	147.962	2676	
177.112	146.491	2677	
175.401	150.416	2678	
174.981	151.746	2679	
170.519	153.57	2680	
172.533	152.934	2681	
169.193	151.208	2682	
171.779	147.468	2683	
173.804	150.778	2684	
172.229	149.627	2685	
170.967	148.766	2686	
168.395	148.487	2687	
165.721	147.531	2688	
166.018	146.123	2689	
167.512	148.981	2690	
168.974	148.968	2691	
169.049	149.43	2692	
173.888	150.452	2693	
173.736	147.637	2694	
178.344	148.64	2695	
178.102	147.06	2696	
177.512	146.876	2697	
177.552	144.374	2698	
177.522	145.51	2699	
176.459	145.876	2700	
174.934	144.968	2701	
172.902	141.385	2702	
169.463	142.067	2703	
169.377	144.035	2704	
169.377	144.666	2705	
170.286	147.212	2706	
173.708	145.046	2707	
173.778	143.603	2708	
177.386	146.854	2709	
175.122	146.452	2710	
176.182	146.497	2711	
177.559	145.111	2712	
175.016	145.341	2713	
174.717	146.583	2714	
172.558	147.722	2715	
171.969	145.066	2716	
171.999	144.949	2717	
175.364	145.062	2718	
171.781	143.743	2719	
170.107	143.04	2720	
169.962	143.938	2721	
168.525	146.523	2722	
165.973	146.526	2723	
167.086	146.378	2724	
165.598	146.636	2725	
164.628	145.002	2726	
165.803	143.434	2727	
164.395	142.724	2728	
163.057	141.818	2729	
165.42	141.974	2730	
169.151	143.52	2731	
169.57	143.892	2732	
169.829	144.921	2733	
171.778	145.237	2734	
172.688	145.206	2735	
170.779	143.309	2736	
168.059	145.023	2737	
164.95	145.148	2738	
167.947	144.2	2739	
166.631	141.327	2740	
165.156	139.235	2741	
164.061	140.813	2742	
161.497	141.0	2743	
161.907	143.078	2744	
162.699	142.999	2745	
165.659	141.435	2746	
167.829	139.752	2747	
167.318	143.822	2748	
169.004	144.975	2749	
168.214	145.877	2750	
163.978	145.417	2751	
165.271	148.07	2752	
166.639	148.632	2753	
169.077	147.929	2754	
168.798	146.426	2755	
171.247	147.09	2756	
169.371	146.124	2757	
168.911	143.39	2758	
168.523	142.859	2759	
169.511	142.305	2760	
173.434	143.026	2761	
171.974	144.599	2762	
171.709	145.47	2763	
172.444	145.503	2764	
172.339	147.008	2765	
173.442	144.907	2766	
174.277	144.845	2767	
173.965	144.612	2768	
174.265	144.962	2769	
170.516	147.511	2770	
173.486	150.641	2771	
172.847	148.741	2772	
173.471	148.568	2773	
173.496	147.254	2774	
174.14	149.208	2775	
175.057	150.263	2776	
178.636	150.532	2777	
180.745	152.604	2778	
178.531	154.501	2779	
180.169	154.877	2780	
181.65	152.419	2781	
182.688	152.245	2782	
180.021	152.351	2783	
177.016	151.17	2784	
177.131	147.253	2785	
174.617	147.292	2786	
176.784	145.966	2787	
174.623	146.319	2788	
175.528	146.49	2789	
175.298	147.964	2790	
177.802	145.871	2791	
174.384	145.5	2792	
172.002	146.209	2793	
174.8	149.09	2794	
172.759	149.854	2795	
171.129	147.857	2796	
171.133	146.901	2797	
173.432	145.957	2798	
172.949	144.562	2799	
174.073	146.883	2800	
174.789	143.689	2801	
174.886	144.181	2802	
172.251	146.671	2803	
174.026	142.992	2804	
176.245	144.186	2805	
173.611	145.545	2806	
170.343	142.553	2807	
169.527	144.52	2808	
169.127	145.809	2809	
167.494	145.59	2810	
167.996	148.733	2811	
169.045	151.017	2812	
170.686	153.335	2813	
170.404	152.565	2814	
170.13	152.643	2815	
167.56	151.701	2816	
167.069	153.283	2817	
166.634	150.82	2818	
168.757	152.746	2819	
167.029	151.0	2820	
170.497	150.504	2821	
169.802	149.148	2822	
169.056	149.088	2823	
169.915	148.416	2824	
170.083	149.705	2825	
173.437	149.208	2826	
174.11	150.855	2827	
176.453	150.597	2828	
175.353	149.611	2829	
174.792	149.941	2830	
174.476	149.489	2831	
169.345	150.62	2832	
166.82	148.766	2833	
169.016	152.476	2834	
171.498	155.267	2835	
172.345	157.071	2836	
174.802	158.01	2837	
176.066	158.847	2838	
174.67	157.794	2839	
171.412	158.388	2840	
169.581	155.502	2841	
170.708	154.247	2842	
172.622	153.907	2843	
169.314	150.523	2844	
168.287	152.92	2845	
164.46	152.184	2846	
164.011	151.706	2847	
164.513	150.817	2848	
164.236	151.276	2849	
161.567	149.479	2850	
162.833	149.208	2851	
161.328	150.014	2852	
158.54	149.025	2853	
157.933	150.268	2854	
156.536	149.039	2855	
157.917	150.314	2856	
155.287	150.638	2857	
157.324	148.306	2858	
159.385	150.469	2859	
158.429	152.156	2860	
154.604	150.696	2861	
157.499	148.621	2862	
157.57	152.609	2863	
155.241	153.38	2864	
155.913	151.037	2865	
158.126	148.844	2866	
159.979	146.902	2867	
159.496	148.735	2868	
159.906	148.091	2869	
160.001	148.628	2870	
160.865	148.661	2871	
161.348	152.462	2872	
161.921	150.45	2873	
168.022	151.494	2874	
169.033	153.427	2875	
172.527	151.569	2876	
172.572	152.257	2877	
173.758	150.693	2878	
173.018	151.419	2879	
172.965	149.972	2880	
174.521	149.491	2881	
173.6	149.466	2882	
173.946	151.789	2883	
173.151	152.016	2884	
171.76	149.162	2885	
172.092	149.634	2886	
171.6	151.497	2887	
172.306	150.995	2888	
171.46	154.363	2889	
170.237	153.589	2890	
170.816	152.186	2891	
171.508	152.634	2892	
170.882	151.108	2893	
172.034	146.864	2894	
172.515	146.966	2895	
172.561	148.37	2896	
168.146	146.243	2897	
166.761	146.159	2898	
167.632	147.414	2899	
170.652	148.351	2900	
169.671	148.899	2901	
171.581	149.325	2902	
171.322	147.986	2903	
174.844	142.977	2904	
175.187	143.787	2905	
174.143	142.771	2906	
172.963	140.483	2907	
171.914	139.877	2908	
170.296	142.642	2909	
168.263	142.221	2910	
168.126	142.594	2911	
169.282	144.575	2912	
169.496	143.473	2913	
169.773	142.636	2914	
168.361	146.781	2915	
169.272	147.504	2916	
168.783	151.212	2917	
168.618	150.573	2918	
170.118	149.26	2919	
170.469	149.704	2920	
170.778	149.119	2921	
170.924	151.097	2922	
169.425	153.393	2923	
168.984	153.772	2924	
174.578	155.529	2925	
174.86	152.343	2926	
173.57	151.214	2927	
173.811	151.493	2928	
173.902	150.915	2929	
172.681	150.276	2930	
172.955	148.785	2931	
173.845	149.112	2932	
171.434	149.802	2933	
174.152	152.682	2934	
173.261	151.957	2935	
173.576	150.544	2936	
170.424	152.101	2937	
169.088	151.551	2938	
167.392	151.0	2939	
169.516	150.923	2940	
168.133	150.255	2941	
169.078	151.536	2942	
169.872	152.905	2943	
167.557	153.805	2944	
165.708	154.074	2945	
165.9	153.079	2946	
162.405	153.036	2947	
162.223	156.292	2948	
161.343	158.396	2949	
161.374	160.35	2950	
163.202	158.193	2951	
161.948	156.529	2952	
163.334	154.031	2953	
160.55	152.18	2954	
162.506	155.017	2955	
164.038	158.132	2956	
164.067	156.867	2957	
165.283	160.259	2958	
163.456	162.826	2959	
167.48	163.291	2960	
169.441	163.993	2961	
171.835	163.0	2962	
174.047	164.443	2963	
172.26	161.737	2964	
172.614	160.71	2965	
171.046	159.421	2966	
170.746	158.886	2967	
170.968	159.305	2968	
169.637	159.898	2969	
169.824	160.713	2970	
168.97	162.479	2971	
168.832	161.988	2972	
167.863	162.104	2973	
167.1	161.102	2974	
166.198	159.858	2975	
164.864	158.54	2976	
162.69	155.565	2977	
158.075	159.544	2978	
158.556	161.278	2979	
158.296	161.203	2980	
160.503	164.295	2981	
160.084	165.869	2982	
159.384	167.667	2983	
161.879	169.426	2984	
161.059	170.15	2985	
160.367	168.902	2986	
159.083	170.715	2987	
160.719	169.74	2988	
160.888	165.933	2989	
159.851	160.698	2990	
160.251	159.992	2991	
160.076	158.872	2992	
156.895	156.034	2993	
156.716	158.441	2994	
158.171	161.859	2995	
157.051	158.298	2996	
157.331	157.421	2997	
157.76	158.259	2998	
159.232	155.378	2999	
159.88	155.438	3000	
159.932	156.888	3001	
160.037	152.92	3002	
160.121	156.161	3003	
161.168	158.087	3004	
163.589	157.508	3005	
161.802	158.417	3006	
160.314	160.168	3007	
160.843	160.131	3008	
160.29	161.113	3009	
160.206	163.238	3010	
158.835	161.935	3011	
160.711	161.834	3012	
161.543	162.53	3013	
160.783	161.958	3014	
161.284	160.121	3015	
159.852	162.059	3016	
157.001	161.306	3017	
157.673	160.533	3018	
154.859	160.095	3019	
154.97	160.635	3020	
153.951	158.115	3021	
154.171	158.678	3022	
158.26	161.217	3023	
159.198	161.092	3024	
161.983	162.995	3025	
162.039	163.649	3026	
160.301	162.843	3027	
159.856	162.058	3028	
159.464	161.987	3029	
160.974	159.49	3030	
162.733	159.649	3031	
160.539	161.964	3032	
161.133	162.003	3033	
159.589	165.085	3034	
160.336	167.015	3035	
161.478	166.454	3036	
161.507	163.967	3037	
160.62	166.576	3038	
161.346	166.122	3039	
160.599	166.058	3040	
160.687	166.122	3041	
162.143	166.88	3042	
161.94	168.17	3043	
160.767	168.572	3044	
160.552	167.354	3045	
159.463	169.426	3046	
156.893	169.206	3047	
154.917	168.873	3048	
156.43	169.296	3049	
156.981	166.276	3050	
157.883	166.936	3051	
158.584	166.423	3052	
159.41	164.385	3053	
159.426	163.416	3054	
157.183	162.167	3055	
158.618	159.043	3056	
160.834	156.311	3057	
164.67	156.133	3058	
164.578	155.209	3059	
163.418	153.635	3060	
165.048	154.415	3061	
169.888	153.039	3062	
169.898	152.82	3063	
170.537	153.622	3064	
169.7	157.063	3065	
171.86	159.111	3066	
173.865	162.879	3067	
177.018	161.202	3068	
177.875	159.074	3069	
176.365	157.451	3070	
175.864	156.932	3071	
172.528	155.989	3072	
173.033	155.478	3073	
172.609	156.318	3074	
171.433	160.094	3075	
171.076	160.774	3076	
170.138	159.949	3077	
170.956	159.754	3078	
172.416	158.147	3079	
169.455	157.298	3080	
170.063	156.298	3081	
170.087	158.914	3082	
167.697	160.666	3083	
168.906	160.698	3084	
167.376	160.959	3085	
164.534	161.595	3086	
162.905	161.149	3087	
163.885	161.354	3088	
167.689	160.828	3089	
166.308	162.849	3090	
166.995	161.927	3091	
167.23	161.037	3092	
166.904	158.377	3093	
168.64	159.989	3094	
165.945	160.941	3095	
167.425	159.914	3096	
167.618	159.715	3097	
167.22	158.677	3098	
167.088	154.253	3099	
165.951	153.634	3100	
163.041	156.113	3101	
163.063	155.977	3102	
162.207	153.766	3103	
164.191	152.614	3104	
167.52	152.86	3105	
166.976	152.943	3106	
165.008	155.209	3107	
167.263	153.903	3108	
167.428	155.392	3109	
166.317	155.101	3110	
163.124	158.238	3111	
163.241	159.167	3112	
163.447	157.494	3113	
165.909	155.424	3114	
166.137	156.551	3115	
166.953	160.503	3116	
167.072	159.005	3117	
166.96	161.224	3118	
166.805	161.977	3119	
165.545	161.482	3120	
166.394	162.719	3121	
165.496	162.967	3122	
167.443	161.539	3123	
168.044	162.942	3124	
167.347	162.768	3125	
168.52	162.296	3126	
165.081	160.234	3127	
164.718	164.633	3128	
166.702	166.895	3129	
163.037	164.761	3130	
161.015	165.58	3131	
158.481	164.522	3132	
160.641	163.028	3133	
165.662	161.153	3134	
164.693	164.927	3135	
162.626	162.996	3136	
162.243	162.998	3137	
162.102	162.013	3138	
160.374	159.162	3139	
159.821	160.478	3140	
159.051	162.722	3141	
159.446	163.924	3142	
164.532	161.938	3143	
163.411	161.076	3144	
164.575	160.391	3145	
162.273	160.994	3146	
159.569	157.888	3147	
161.09	158.408	3148	
158.935	163.214	3149	
158.546	161.766	3150	
157.971	164.997	3151	
157.358	166.948	3152	
156.647	165.421	3153	
158.539	165.995	3154	
159.769	167.037	3155	
161.47	164.616	3156	
161.254	164.919	3157	
162.256	165.606	3158	
161.727	165.299	3159	
163.287	166.322	3160	
165.118	167.363	3161	
162.553	167.56	3162	
162.759	168.048	3163	
160.539	170.075	3164	
158.143	168.808	3165	
159.474	167.196	3166	
159.541	164.996	3167	
160.641	164.131	3168	
160.741	165.137	3169	
160.291	161.695	3170	
160.138	160.656	3171	
157.715	163.573	3172	
157.936	164.714	3173	
159.504	167.461	3174	
157.837	168.506	3175	
157.819	170.684	3176	
157.757	169.834	3177	
159.862	169.286	3178	
160.973	166.661	3179	
161.374	167.316	3180	
158.568	166.512	3181	
157.003	166.342	3182	
158.722	167.777	3183	
158.964	170.442	3184	
158.472	170.974	3185	
159.453	169.585	3186	
159.126	169.778	3187	
157.27	170.943	3188	
158.72	171.217	3189	
159.451	170.669	3190	
161.789	169.181	3191	
162.102	169.736	3192	
160.623	168.782	3193	
159.695	169.666	3194	
156.109	170.363	3195	
157.156	168.712	3196	
157.741	168.147	3197	
159.471	168.047	3198	
160.258	166.983	3199	
161.762	164.832	3200	
161.365	164.383	3201	
161.944	162.983	3202	
162.877	164.069	3203	
161.809	161.668	3204	
160.905	157.696	3205	
158.173	157.416	3206	
158.696	157.399	3207	
161.565	158.433	3208	
161.551	162.041	3209	
161.69	162.673	3210	
159.766	163.133	3211	
157.944	162.631	3212	
158.842	162.9	3213	
159.098	162.0	3214	
160.811	162.658	3215	
159.482	159.111	3216	
158.725	160.712	3217	
160.635	161.403	3218	
161.149	162.319	3219	
162.028	161.459	3220	
158.412	164.513	3221	
158.67	167.271	3222	
158.234	169.518	3223	
160.03	172.82	3224	
161.53	173.897	3225	
160.535	175.937	3226	
157.266	174.542	3227	
155.084	172.946	3228	
153.157	172.728	3229	
153.046	173.921	3230	
154.621	173.449	3231	
155.202	173.668	3232	
155.041	171.158	3233	
152.79	170.86	3234	
152.367	173.888	3235	
152.581	174.526	3236	
154.079	174.14	3237	
152.245	176.353	3238	
152.878	174.933	3239	
153.521	174.0	3240	
154.802	168.474	3241	
156.947	169.594	3242	
157.428	170.241	3243	
155.936	173.613	3244	
155.481	174.0	3245	
158.41	174.373	3246	
159.582	172.748	3247	
161.543	174.078	3248	
160.666	172.176	3249	
161.701	173.98	3250	
161.203	173.063	3251	
160.385	175.078	3252	
159.341	176.579	3253	
157.42	175.348	3254	
158.718	175.924	3255	
159.733	175.697	3256	
162.356	173.974	3257	
163.55	175.423	3258	
163.827	175.15	3259	
163.212	174.784	3260	
163.114	176.213	3261	
160.525	174.579	3262	
160.254	176.15	3263	
161.215	175.007	3264	
161.681	173.317	3265	
164.787	172.882	3266	
166.428	174.393	3267	
165.995	173.139	3268	
166.875	173.211	3269	
164.76	175.144	3270	
161.465	174.489	3271	
164.304	174.025	3272	
163.033	173.913	3273	
162.131	172.57	3274	
162.676	173.883	3275	
163.817	178.321	3276	
165.984	177.871	3277	
166.7	176.918	3278	
168.566	179.248	3279	
168.819	177.182	3280	
169.0	175.428	3281	
168.437	175.569	3282	
168.624	177.081	3283	
166.803	177.021	3284	
164.477	175.902	3285	
162.558	175.881	3286	
161.258	172.667	3287	
162.517	175.323	3288	
161.816	174.329	3289	
162.304	172.375	3290	
165.421	171.437	3291	
166.896	170.407	3292	
165.542	168.996	3293	
164.773	171.011	3294	
167.818	170.946	3295	
167.371	172.161	3296	
166.927	168.885	3297	
168.544	166.3	3298	
165.309	166.672	3299	
167.367	169.562	3300	
166.56	166.425	3301	
166.868	168.445	3302	
167.417	168.603	3303	
169.452	166.413	3304	
170.148	166.2	3305	
170.117	162.0	3306	
169.372	159.182	3307	
169.904	159.057	3308	
169.478	160.452	3309	
170.696	159.131	3310	
167.764	161.054	3311	
170.63	160.36	3312	
171.922	160.117	3313	
171.549	160.783	3314	
170.112	160.798	3315	
168.819	160.941	3316	
169.273	162.468	3317	
169.256	163.145	3318	
171.56	160.496	3319	
175.039	162.018	3320	
173.459	160.407	3321	
173.386	162.626	3322	
172.101	164.609	3323	
173.269	161.509	3324	
173.37	159.405	3325	
172.26	159.684	3326	
172.139	154.115	3327	
172.611	151.365	3328	
173.696	153.625	3329	
174.175	154.056	3330	
171.615	152.929	3331	
171.588	152.989	3332	
171.705	152.849	3333	
173.988	150.269	3334	
175.759	151.134	3335	
174.242	149.815	3336	
172.709	147.159	3337	
173.976	148.365	3338	
174.942	150.954	3339	
171.069	151.621	3340	
169.734	152.936	3341	
169.491	155.357	3342	
173.999	158.149	3343	
173.283	155.133	3344	
174.215	153.87	3345	
174.177	153.805	3346	
174.948	151.596	3347	
175.459	151.895	3348	
174.561	154.486	3349	
172.353	155.874	3350	
173.111	156.807	3351	
172.3	156.726	3352	
174.686	156.932	3353	
175.563	157.271	3354	
170.458	156.702	3355	
167.703	154.844	3356	
164.892	156.868	3357	
165.412	158.981	3358	
164.997	157.812	3359	
166.877	155.055	3360	
167.026	153.523	3361	
168.507	154.076	3362	
167.692	153.936	3363	
168.318	152.938	3364	
167.655	153.997	3365	
166.994	155.267	3366	
168.268	155.095	3367	
168.932	155.477	3368	
168.382	159.402	3369	
166.137	158.202	3370	
166.138	159.004	3371	
166.624	158.542	3372	
167.256	155.093	3373	
169.903	152.846	3374	
171.011	157.775	3375	
168.115	158.5	3376	
169.392	154.828	3377	
169.499	154.386	3378	
171.135	157.974	3379	
171.547	156.686	3380	
172.007	157.063	3381	
171.546	154.49	3382	
172.504	153.043	3383	
173.079	150.47	3384	
175.533	151.554	3385	
175.897	151.785	3386	
172.001	153.243	3387	
172.928	152.612	3388	
172.305	152.954	3389	
170.4	154.183	3390	
168.033	153.869	3391	
169.0	154.459	3392	
168.299	153.461	3393	
167.208	153.455	3394	
167.176	152.389	3395	
166.31	150.879	3396	
169.2	150.181	3397	
170.038	149.801	3398	
169.841	149.791	3399	
