-5555.56,-0.678671,-2.93964
-5550.13,-5.59257,-15.7788
-5544.7,-19.5671,-56.6068
-5539.28,-54.2249,-84.5765
-5533.85,-55.6662,-82.9402
-5528.43,-19.1624,-44.995
-5523,9.57161,12.6161
-5517.58,5.09369,43.1304
-5512.15,7.56086,36.7143
-5506.73,26.1432,4.67616
-5501.3,26.5661,-26.4323
-5495.88,16.3005,-25.8903
-5490.45,-4.6566,10.1156
-5485.03,-12.7811,14.5596
-5479.6,2.69843,6.07809
-5474.17,5.915,38.6509
-5468.75,17.844,30.1001
-5463.32,17.2613,-8.79186
-5457.9,-22.7662,-7.38687
-5452.47,-33.5355,-17.305
-5447.05,-4.01197,-33.1417
-5441.62,33.4541,1.43302
-5436.2,42.0045,29.0517
-5430.77,7.8374,21.6733
-5425.35,-23.2628,35.199
-5419.92,-8.01694,39.9216
-5414.5,17.9205,19.8436
-5409.07,21.121,-10.0492
-5403.65,47.5111,-41.9163
-5398.22,41.8194,-46.837
-5392.79,1.87392,-26.8717
-5387.37,-11.2738,-9.47057
-5381.94,-39.8675,-25.7412
-5376.52,-69.7266,-40.1678
-5371.09,-44.69,-19.4355
-5365.67,6.80085,17.6643
-5360.24,-3.87448,24.8526
-5354.82,-46.1078,-7.7715
-5349.39,-24.9797,-25.9774
-5343.97,19.8325,0.990359
-5338.54,-0.911277,11.8953
-5333.12,-37.7271,-2.89024
-5327.69,-32.4003,20.6217
-5322.27,-12.9847,16.9956
-5316.84,33.1269,-34.1311
-5311.41,64.0067,-55.9641
-5305.99,42.9438,-51.6928
-5300.56,3.3091,-51.5314
-5295.14,-19.0809,-43.1816
-5289.71,-18.8848,-11.8861
-5284.29,-6.51086,7.81994
-5278.86,30.5884,17.8041
-5273.44,41.4158,28.7442
-5268.01,-11.793,28.374
-5262.59,-58.6982,28.0389
-5257.16,-44.2188,17.8829
-5251.74,-0.518914,14.3364
-5246.31,13.4195,35.4421
-5240.88,5.58317,28.8764
-5235.46,43.3335,-10.7562
-5230.03,61.9544,-21.4163
-5224.61,2.78641,-19.345
-5219.18,-15.1749,-21.8692
-5213.76,28.1503,-13.6895
-5208.33,25.8398,17.6313
-5202.91,-6.38887,57.4586
-5197.48,-13.0222,58.6299
-5192.06,2.28767,31.562
-5186.63,14.9958,40.4419
-5181.21,-7.6605,73.8588
-5175.78,-18.99,58.6089
-5170.36,9.45905,7.61624
-5164.93,29.222,-9.65995
-5159.5,1.26263,14.7661
-5154.08,-35.6173,1.14903
-5148.65,-27.6574,3.39844
-5143.23,-26.1822,75.376
-5137.8,-23.2491,96.6697
-5132.38,29.8322,34.4194
-5126.95,56.4256,-14.6589
-5121.53,33.9404,5.15544
-5116.1,46.2457,41.3356
-5110.68,45.6131,62.2047
-5105.25,-53.2053,42.6188
-5099.83,-89.8069,-2.26763
-5094.4,0.34236,1.59687
-5088.98,53.0266,-14.6916
-5083.55,44.394,-52.9563
-5078.12,35.7457,-31.9854
-5072.7,59.7892,-26.358
-5067.27,53.0703,-67.9397
-5061.85,-10.6565,-73.3137
-5056.42,-44.2533,-32.3276
-5051,-30.2715,-27.1807
-5045.57,19.5058,-44.2482
-5040.15,61.5056,-48.9433
-5034.72,36.5677,-58.6331
-5029.3,-22.4882,-29.231
-5023.87,-45.6476,4.29805
-5018.45,-32.9308,-4.94817
-5013.02,-12.848,-9.65719
-5007.6,-15.2553,-2.64169
-5002.17,-24.2286,-3.4246
-4996.74,-10.8735,-9.59325
-4991.32,4.57312,2.01046
-4985.89,2.35491,16.3374
-4980.47,-44.6357,14.8821
-4975.04,-62.3137,15.2827
-4969.62,-31.1284,25.1351
-4964.19,-26.0294,25.7407
-4958.77,-20.7824,15.5853
-4953.34,-22.2455,7.09319
-4947.92,-13.8287,-38.928
-4942.49,33.8053,-90.8804
-4937.07,50.2739,-80.7072
-4931.64,31.6995,3.56548
-4926.21,-0.624578,53.1217
-4920.79,-36.3543,-5.01535
-4915.36,-14.7198,-41.3315
-4909.94,39.4829,-11.9935
-4904.51,44.452,10.4528
-4899.09,16.4282,16.7287
-4893.66,-9.12434,4.66092
-4888.24,-27.2857,-27.6483
-4882.81,-17.2552,-45.8125
-4877.39,1.543,-39.8695
-4871.96,4.72376,1.8006
-4866.54,24.4856,15.9167
-4861.11,61.4934,-2.26937
-4855.69,56.0384,10.0768
-4850.26,14.7895,7.3698
-4844.83,-35.4069,-7.26969
-4839.41,-68.7596,7.34711
-4833.98,-27.7771,34.2498
-4828.56,6.71235,44.647
-4823.13,-22.2691,35.9632
-4817.71,-6.01861,2.48581
-4812.28,32.6226,-34.1914
-4806.86,8.80323,-26.0935
-4801.43,4.0684,4.38904
-4796.01,14.6349,-12.6782
-4790.58,-16.2988,-41.6016
-4785.16,-14.6826,-43.7538
-4779.73,20.4468,-7.33802
-4774.31,38.0426,74.5285
-4768.88,34.8195,103.453
-4763.45,20.2735,68.5003
-4758.03,-3.62643,23.9595
-4752.6,-25.3224,-3.2498
-4747.18,-19.8392,-20.8047
-4741.75,-6.78887,-33.4376
-4736.33,13.8563,1.99078
-4730.9,45.6262,7.85433
-4725.48,42.722,-44.3892
-4720.05,15.5652,-42.3082
-4714.63,4.90358,-13.9469
-4709.2,-9.71683,-6.47173
-4703.78,-2.08846,19.4408
-4698.35,51.6513,21.104
-4692.92,56.4559,-22.932
-4687.5,-27.4504,-59.1443
-4682.07,-89.9914,-50.136
-4676.65,-49.0986,-0.123891
-4671.22,-15.1916,47.998
-4665.8,-4.439,55.4003
-4660.37,42.7254,21.6408
-4654.95,66.8777,-40.6138
-4649.52,54.7514,-67.636
-4644.1,-14.8421,-27.4333
-4638.67,-51.8027,-1.92474
-4633.25,17.8519,-0.499573
-4627.82,13.1342,-6.29612
-4622.4,-42.0988,-14.2549
-4616.97,-11.1327,21.474
-4611.54,11.3066,48.3032
-4606.12,1.686,30.4631
-4600.69,-27.3122,-2.98859
-4595.27,-60.4039,-55.9748
-4589.84,-52.0571,-65.1261
-4584.42,-24.1189,-10.2833
-4578.99,8.36903,31.0463
-4573.57,16.7814,36.1415
-4568.14,-28.7129,26.8396
-4562.72,-59.8328,18.4732
-4557.29,-6.49642,-1.93339
-4551.87,17.5545,6.38846
-4546.44,-14.6095,40.826
-4541.02,-21.4187,19.8981
-4535.59,-34.1002,0.00872421
-4530.16,-28.2234,18.0687
-4524.74,22.6513,13.6461
-4519.31,27.4224,-11.1017
-4513.89,-3.59321,8.64812
-4508.46,9.57107,46.8914
-4503.04,5.03609,41.5335
-4497.61,-21.3261,12.7465
-4492.19,-18.5081,-25.9608
-4486.76,-16.7304,-61.507
-4481.34,3.066,-72.7323
-4475.91,16.9797,-51.4051
-4470.49,-32.0061,-64.0625
-4465.06,-72.8496,-85.4154
-4459.63,-40.906,-29.3548
-4454.21,-8.85944,-8.00067
-4448.78,-8.95021,-32.9451
-4443.36,6.8385,-15.5062
-4437.93,5.51501,28.5461
-4432.51,-9.21212,80.9314
-4427.08,-1.46039,68.4755
-4421.66,17.0402,-16.7762
-4416.23,58.171,-78.1264
-4410.81,92.8176,-89.8391
-4405.38,71.6726,-36.1285
-4399.96,10.5597,58.1458
-4394.53,-56.0293,85.4271
-4389.11,-28.3812,50.6626
-4383.68,57.9025,36.3122
-4378.25,31.5433,40.7651
-4372.83,-33.2087,-0.967013
-4367.4,-23.3635,-39.4214
-4361.98,-11.9921,27.5954
-4356.55,-25.4309,90.2815
-4351.13,0.943282,56.7901
-4345.7,-3.12325,3.04382
-4340.28,-57.4779,-7.57602
-4334.85,-54.3919,10.428
-4329.43,-55.574,8.80083
-4324,-75.5295,-40.8088
-4318.58,-34.3496,-65.3425
-4313.15,15.0336,-7.13341
-4307.73,40.7678,17.698
-4302.3,27.7412,12.7669
-4296.87,16.8265,36.3192
-4291.45,21.7233,33.4632
-4286.02,-25.1924,7.33363
-4280.6,-18.924,-16.8866
-4275.17,41.2806,-17.5114
-4269.75,38.3562,-9.88927
-4264.32,16.6359,-28.4692
-4258.9,-15.4214,-37.5771
-4253.47,-47.292,-31.8328
-4248.05,-34.9476,-42.2298
-4242.62,-16.985,-44.3472
-4237.2,-5.45459,-28.8008
-4231.77,11.217,-26.9793
-4226.35,32.0229,-17.92
-4220.92,36.4069,23.5816
-4215.49,36.1186,40.8109
-4210.07,63.9749,22.57
-4204.64,84.8787,22.6597
-4199.22,86.1561,25.217
-4193.79,63.0551,9.61249
-4188.37,-0.0956634,-8.40009
-4182.94,-29.8501,-13.435
-4177.52,-24.8017,-21.1163
-4172.09,-46.4337,-41.6863
-4166.67,-43.4167,-27.5916
-4161.24,-11.8441,-0.877559
-4155.82,-13.7617,-1.23773
-4150.39,-14.5736,-10.0545
-4144.96,-1.90322,-12.9591
-4139.54,-38.5643,10.9728
-4134.11,-94.6823,35.6738
-4128.69,-65.8309,27.4063
-4123.26,31.4718,-3.3239
-4117.84,54.2168,-43.146
-4112.41,-14.4869,-55.3959
-4106.99,-55.7235,-12.4661
-4101.56,-23.0139,19.2533
-4096.14,11.357,11.0859
-4090.71,-4.91682,25.6302
-4085.29,-9.25839,29.7138
-4079.86,-13.2511,-0.577041
-4074.44,-28.9163,-11.6354
-4069.01,15.6501,5.66326
-4063.58,56.7359,-14.2074
-4058.16,43.7876,-50.3282
-4052.73,17.2285,-45.845
-4047.31,-28.9742,-64.8769
-4041.88,-44.4973,-68.3394
-4036.46,-1.97326,-41.0561
-4031.03,13.8843,-35.3969
-4025.61,-9.36868,-35.4414
-4020.18,-13.039,-48.3909
-4014.76,11.8803,-15.2711
-4009.33,35.7754,29.0109
-4003.91,44.7156,0.194932
-3998.48,8.41617,-55.8596
-3993.06,-22.4482,-70.577
-3987.63,-18.2261,-1.85
-3982.2,-49.3807,35.0607
-3976.78,-40.7407,4.8868
-3971.35,5.80616,24.2685
-3965.93,-23.5437,31.0917
-3960.5,-52.6142,-5.96758
-3955.08,-19.7414,6.35841
-3949.65,16.8729,25.217
-3944.23,-9.94732,-4.71945
-3938.8,-58.0223,-38.6787
-3933.38,-21.8759,-20.4386
-3927.95,22.0305,-10.7686
-3922.53,19.7331,-29.3368
-3917.1,16.817,-31.599
-3911.68,43.4291,-34.9836
-3906.25,93.1565,4.24176
-3900.82,96.9045,47.8807
-3895.4,40.4363,32.3813
-3889.97,-32.9792,22.0806
-3884.55,-60.5636,8.32195
-3879.12,-35.5129,-10.6705
-3873.7,4.05426,52.0872
-3868.27,34.6257,88.9022
-3862.85,37.9632,31.2199
-3857.42,34.2724,-3.40742
-3852,35.3815,27.8544
-3846.57,23.6367,37.979
-3841.15,-6.7793,4.28148
-3835.72,-1.95146,16.0637
-3830.29,47.0114,48.5542
-3824.87,20.0231,18.074
-3819.44,-39.8086,-47.4345
-3814.02,-17.5551,-56.6648
-3808.59,-5.67882,-46.9672
-3803.17,-31.2599,-68.5845
-3797.74,-33.4038,-68.0224
-3792.32,3.83715,-26.9411
-3786.89,56.5657,-0.538368
-3781.47,52.9338,-31.5463
-3776.04,18.08,-40.7249
-3770.62,14.4146,-1.61789
-3765.19,8.35194,-6.93327
-3759.77,-34.9514,-42.6034
-3754.34,-44.1203,-10.6237
-3748.91,-17.4586,55.8902
-3743.49,-36.9308,22.8594
-3738.06,-51.2426,-57.9728
-3732.64,-23.4003,-30.8642
-3727.21,-15.6805,16.8848
-3721.79,-38.3437,-5.59604
-3716.36,-69.442,-23.4883
-3710.94,-75.7157,-35.5008
-3705.51,-25.3227,-39.9944
-3700.09,34.5839,-16.6332
-3694.66,53.0367,11.7494
-3689.24,33.048,22.8318
-3683.81,15.7301,36.0548
-3678.39,35.921,36.7947
-3672.96,31.1886,-9.95224
-3667.53,-13.2614,-27.7611
-3662.11,-44.1548,7.97978
-3656.68,-71.1615,37.8414
-3651.26,-59.4798,46.3291
-3645.83,-18.8399,28.3908
-3640.41,-47.9089,-23.0888
-3634.98,-57.7877,-45.7441
-3629.56,3.08342,1.20713
-3624.13,-4.00511,37.3509
-3618.71,-5.39053,19.73
-3613.28,29.1359,5.49551
-3607.86,-1.24336,4.13839
-3602.43,-54.083,-2.51346
-3597,-81.5674,11.3588
-3591.58,-71.3067,36.2376
-3586.15,-21.9959,51.2449
-3580.73,39.4548,38.1712
-3575.3,95.854,23.0096
-3569.88,97.3579,46.6793
-3564.45,20.9076,82.4163
-3559.03,-39.8128,116.145
-3553.6,-44.0114,73.2302
-3548.18,-25.6994,-25.8181
-3542.75,-41.1964,-31.0306
-3537.33,-74.0543,14.393
-3531.9,-50.531,14.4945
-3526.48,-23.9377,1.59059
-3521.05,-19.2609,20.0134
-3515.62,0.964209,38.3081
-3510.2,14.1366,29.8474
-3504.77,9.19501,6.0771
-3499.35,10.3368,-20.3122
-3493.92,31.883,-25.3755
-3488.5,22.7552,-31.3398
-3483.07,-19.8398,-84.3239
-3477.65,-37.142,-110.538
-3472.22,-5.56142,-68.7189
-3466.8,47.9936,-54.7209
-3461.37,26.0628,-56.8559
-3455.95,7.21911,-66.4565
-3450.52,77.1431,-99.9054
-3445.1,88.7305,-66.0827
-3439.67,28.1017,-7.57282
-3434.24,-35.6914,-2.11411
-3428.82,-37.1932,-18.0755
-3423.39,5.16723,-48.481
-3417.97,-42.3885,-74.0544
-3412.54,-77.3378,-77.6101
-3407.12,-22.468,-41.7604
-3401.69,10.2203,3.06231
-3396.27,30.5594,-25.0059
-3390.84,49.1164,-62.1375
-3385.42,27.7613,-37.9546
-3379.99,13.7032,-14.7792
-3374.57,18.7843,6.47528
-3369.14,5.62839,46.4349
-3363.71,-5.57052,68.2499
-3358.29,5.4439,57.8498
-3352.86,9.36839,18.9465
-3347.44,-9.02577,-14.7121
-3342.01,-29.1281,11.4664
-3336.59,-17.1476,46.9706
-3331.16,-11.8826,24.3912
-3325.74,-10.8229,28.149
-3320.31,38.7809,66.1968
-3314.89,51.9507,38.7247
-3309.46,14.3441,-33.2461
-3304.04,-7.05801,-69.7596
-3298.61,-17.3251,-54.9401
-3293.19,3.18812,3.83936
-3287.76,22.5231,32.5288
-3282.33,1.64586,6.20936
-3276.91,-12.1025,6.58068
-3271.48,-3.59002,-0.66612
-3266.06,23.2402,-14.0408
-3260.63,41.3988,-17.6765
-3255.21,27.8613,-8.52305
-3249.78,-9.23856,13.7226
-3244.36,-28.5001,7.71657
-3238.93,-24.4844,32.7663
-3233.51,-52.3482,74.8059
-3228.08,-43.6238,49.0009
-3222.66,1.31514,-20.4379
-3217.23,0.34841,-47.0518
-3211.81,4.15042,-37.9409
-3206.38,9.45186,-14.0318
-3200.95,-5.54558,-2.23614
-3195.53,-0.148844,-30.8051
-3190.1,20.4102,-5.49898
-3184.68,2.04069,23.4419
-3179.25,-28.6991,-8.25717
-3173.83,-23.8531,10.753
-3168.4,-33.3384,42.1527
-3162.98,-25.2411,27.3831
-3157.55,30.2698,70.6732
-3152.13,40.0689,105.149
-3146.7,-8.12305,65.5146
-3141.28,-29.0334,76.9563
-3135.85,-20.0285,92.6351
-3130.43,-0.870856,35.9056
-3125,19.7022,-25.061
-3119.57,11.4677,-30.4667
-3114.15,-21.9484,-12.3863
-3108.72,-41.3592,-18.4172
-3103.3,1.28295,3.30627
-3097.87,47.6626,9.34293
-3092.45,37.6913,-30.1435
-3087.02,23.8194,-50.6629
-3081.6,2.56929,-69.4483
-3076.17,-37.8067,-29.5233
-3070.75,-25.1316,58.4271
-3065.32,23.7577,59.1549
-3059.9,52.1064,40.1777
-3054.47,35.743,94.5359
-3049.04,-5.86156,118.455
-3043.62,-10.3558,56.6583
-3038.19,11.8907,28.0647
-3032.77,13.5998,50.0352
-3027.34,13.7499,57.852
-3021.92,7.59715,71.3322
-3016.49,-74.4721,52.6653
-3011.07,-96.8099,31.17
-3005.64,37.095,36.5542
-3000.22,121.772,30.6776
-2994.79,83.1181,-9.79319
-2989.37,39.2602,-105.829
-2983.94,3.96901,-125.733
-2978.52,-36.4684,-51.0358
-2973.09,-9.957,-40.7902
-2967.66,81.7126,-100.624
-2962.24,177.283,-42.1822
-2956.81,236.648,111.804
-2951.39,184.143,66.8185
-2945.96,97.544,-74.3669
-2940.54,76.9444,-85.1747
-2935.11,54.1774,-30.5191
-2929.69,33.0892,17.0059
-2924.26,27.5954,20.1655
-2918.84,-17.7552,8.28814
-2913.41,-67.7722,40.7532
-2907.99,-85.0592,63.6036
-2902.56,-53.1205,52.7034
-2897.14,-4.24075,37.7546
-2891.71,14.8348,-1.6905
-2886.28,53.3808,-6.70242
-2880.86,44.0632,9.94431
-2875.43,-21.6937,18.8056
-2870.01,-0.028677,67.1047
-2864.58,82.5552,52.9224
-2859.16,136.876,-31.5801
-2853.73,123.509,-10.1811
-2848.31,75,69.4508
-2842.88,59.8237,56.5335
-2837.46,38.0966,13.537
-2832.03,41.0873,-6.73612
-2826.61,62.0975,-37.8856
-2821.18,32.879,-62.54
-2815.75,21.3093,-10.7873
-2810.33,43.2187,60.363
-2804.9,89.5407,17.3619
-2799.48,130.017,-58.7938
-2794.05,66.6041,-22.552
-2788.63,-12.5876,64.9844
-2783.2,26.0384,42.9543
-2777.78,53.8491,-3.4766
-2772.35,-30.1861,-0.678693
-2766.93,-3.48921,-18.803
-2761.5,171.058,-84.7086
-2756.08,188.389,-172.619
-2750.65,7.28676,-142.499
-2745.23,-101.027,-90.8248
-2739.8,-61.6782,-98.5656
-2734.37,-55.9166,-59.0219
-2728.95,-109.417,0.58569
-2723.52,-116.991,35.5664
-2718.1,-77.8925,37.1706
-2712.67,-31.9292,6.43916
-2707.25,-2.11132,-15.5172
-2701.82,38.0978,-3.5066
-2696.4,58.3693,-9.44577
-2690.97,26.8668,-28.5505
-2685.55,-5.93537,8.41005
-2680.12,-28.9545,45.6223
-2674.7,-48.6967,-21.1803
-2669.27,-36.786,-60.1589
-2663.85,3.37095,-67.9042
-2658.42,-92.7428,-232.709
-2652.99,-162.29,-260.786
-2647.57,-32.2218,-54.7015
-2642.14,62.4311,36.2004
-2636.72,51.056,0.597648
-2631.29,59.5753,-45.0792
-2625.87,117.683,-22.6131
-2620.44,100.182,54.4293
-2615.02,66.4038,25.5612
-2609.59,97.2113,-47.373
-2604.17,52.3678,-27.7856
-2598.74,-82.9571,-21.6102
-2593.32,-142.932,-30.8166
-2587.89,-89.6715,11.7767
-2582.47,-25.2754,39.6284
-2577.04,-32.9361,112.438
-2571.61,-90.4314,153.222
-2566.19,-55.7179,-0.630343
-2560.76,41.4863,-186.459
-2555.34,36.0145,-226.706
-2549.91,-37.6233,-94.166
-2544.49,-21.3644,36.7328
-2539.06,65.1845,54.6174
-2533.64,76.5531,28.3257
-2528.21,34.4938,36.2996
-2522.79,-20.3696,85.8307
-2517.36,-40.6953,71.1339
-2511.94,9.62924,9.58272
-2506.51,23.68,-49.8495
-2501.08,38.223,-78.8327
-2495.66,60.1484,-49.0153
-2490.23,0.45697,40.8408
-2484.81,-78.0026,55.9471
-2479.38,-79.2185,-66.214
-2473.96,-62.3657,-138.065
-2468.53,-134.466,-63.1522
-2463.11,-162.827,104.787
-2457.68,-153.673,260.552
-2452.26,-128.355,242.646
-2446.83,-21.912,79.473
-2441.41,37.605,0.941483
-2435.98,99.6657,-3.66398
-2430.56,105.597,-80.5617
-2425.13,-5.66875,-106.744
-2419.7,-42.0779,56.5283
-2414.28,7.60771,136.932
-2408.85,-13.5088,26.5205
-2403.43,-50.2056,-9.11092
-2398,54.8618,7.61801
-2392.58,130.705,-10.1484
-2387.15,58.135,30.2399
-2381.73,-32.536,47.5875
-2376.3,-61.271,-20.8423
-2370.88,11.388,3.4482
-2365.45,66.9976,89.9645
-2360.03,-109.535,132.123
-2354.6,-343.475,156.797
-2349.18,-286.969,53.3168
-2343.75,-20.7756,-97.5999
-2338.32,93.3252,-115.825
-2332.9,-47.8366,-25.6842
-2327.47,-167.997,45.7734
-2322.05,-77.6646,41.8127
-2316.62,59.9505,60.0169
-2311.2,221.585,70.9429
-2305.77,352.196,-5.41934
-2300.35,145.936,-83.5078
-2294.92,-105.677,-51.4888
-2289.5,-75.0075,91.3876
-2284.07,7.76998,135.076
-2278.65,42.5435,42.3222
-2273.22,83.4106,9.57989
-2267.79,126.871,62.7533
-2262.37,35.8307,89.1863
-2256.94,-265.515,62.4483
-2251.52,-331.986,62.7831
-2246.09,-102.547,98.5594
-2240.67,55.4921,101.495
-2235.24,98.8361,-69.7535
-2229.82,-145.332,-180.85
-2224.39,-361.908,21.586
-2218.97,-189.707,190.445
-2213.54,-66.0975,128.166
-2208.12,-141.825,86.0518
-2202.69,-144.289,36.9271
-2197.27,-59.3207,-121.971
-2191.84,80.2316,-193.338
-2186.41,214.937,-184.081
-2180.99,191.284,-164.064
-2175.56,116.811,-95.2166
-2170.14,105.021,-152.338
-2164.71,44.5372,-301.41
-2159.29,-340.372,-494.554
-2153.86,-534.992,-581.644
-2148.44,11.6702,-380.602
-2143.01,138.763,-253.438
-2137.59,-196.915,-140.56
-2132.16,-66.1353,-67.6341
-2126.74,120.751,-145.163
-2121.31,253.624,-42.9689
-2115.89,352.18,128.753
-2110.46,196.285,-117.99
-2105.03,-20.0667,-349.809
-2099.61,-189.532,19.2072
-2094.18,-122.825,300.178
-2088.76,196.408,158.558
-2083.33,177.525,-51.6295
-2077.91,18.2543,-140.988
-2072.48,249.747,-137.265
-2067.06,203.058,-137.553
-2061.63,-304.268,320.655
-2056.21,-452.033,1027.84
-2050.78,12.1666,921.192
-2045.36,412.737,392.306
-2039.93,401.098,-131.213
-2034.51,125.781,-445.546
-2029.08,126.596,-355.542
-2023.65,-517.503,-287.038
-2018.23,-9763.18,4387.97
-2012.8,-16232.9,8309.62
-2007.38,-6559.44,3480.25
-2001.95,916.168,-258.471
-1996.53,946.378,-90.9483
-1991.1,1102.42,-356.675
-1985.68,574.479,-404.634
-1980.25,308.68,-81.1137
-1974.83,404.856,233.557
-1969.4,99.0884,243.967
-1963.98,-149.869,39.8188
-1958.55,-1047.72,402.191
-1953.12,-1979.37,758.045
-1947.7,-1018.41,96.8419
-1942.27,-163.612,-44.5373
-1936.85,-82.1728,218.619
-1931.42,407.924,-52.8923
-1926,586.962,-501.256
-1920.57,286.186,-567.134
-1915.15,99.2671,-309.932
-1909.72,75.3028,-284.823
-1904.3,-85.2245,-298.738
-1898.87,-241.866,-147.618
-1893.45,-92.1627,29.8474
-1888.02,13.4934,101.565
-1882.6,-63.1953,198.744
-1877.17,-112.271,216.132
-1871.74,-293.015,-12.1077
-1866.32,-377.492,37.4902
-1860.89,-372.241,121.797
-1855.47,-568.666,-145.503
-1850.04,-423.516,-197.243
-1844.62,-129.102,-197.408
-1839.19,-93.2276,-247.585
-1833.77,-41.169,-54.809
-1828.34,-21.576,-114.353
-1822.92,4.85252,-324.7
-1817.49,114.447,-120.071
-1812.07,73.1632,103.2
-1806.64,-20.5439,126.889
-1801.22,-6.08943,123.858
-1795.79,56.9345,25.6308
-1790.36,101.362,-87.0642
-1784.94,6.99463,-93.9354
-1779.51,-135.208,-54.5329
-1774.09,-117.165,-119.528
-1768.66,-29.1163,-192.271
-1763.24,-53.572,-67.1529
-1757.81,-199.329,179.449
-1752.39,-234.596,216.698
-1746.96,-53.5404,82.9583
-1741.54,-65.8968,109.11
-1736.11,-159.776,126.712
-1730.69,-9.37338,-2.41134
-1725.26,120.412,-14.9409
-1719.83,39.8814,12.3821
-1714.41,-107.369,-64.9366
-1708.98,-167.1,-64.9383
-1703.56,-123.361,-20.8602
-1698.13,-24.0074,19.3323
-1692.71,28.2028,21.2389
-1687.28,26.5972,-44.4062
-1681.86,-55.6926,-26.3448
-1676.43,-169.771,8.99124
-1671.01,-100.977,53.6633
-1665.58,57.4219,75.2346
-1660.16,85.4473,14.8167
-1654.73,65.4418,8.95265
-1649.31,60.1179,16.3902
-1643.88,53.6329,-6.78892
-1638.45,22.3451,-27.4787
-1633.03,-30.3848,-40.8969
-1627.6,46.3025,-53.9188
-1622.18,132.364,-61.691
-1616.75,42.7709,-77.0821
-1611.33,-25.6729,-25.608
-1605.9,-2.42513,46.734
-1600.48,77.7077,3.47681
-1595.05,158.554,3.69278
-1589.63,99.9656,57.0158
-1584.2,35.8192,28.6877
-1578.78,3.73705,-24.0306
-1573.35,4.48754,2.44333
-1567.93,69.5119,68.7515
-1562.5,-6.15387,-19.9885
-1557.07,-194.052,-97.4956
-1551.65,-255.329,21.3725
-1546.22,-204.204,65.0442
-1540.8,-108.102,20.9706
-1535.37,11.0533,78.749
-1529.95,15.8891,119.064
-1524.52,-15.5874,67.7702
-1519.1,6.17766,60.2371
-1513.67,-15.1663,9.23316
-1508.25,-106.053,-5.07789
-1502.82,-134.136,81.2671
-1497.4,-37.8016,82.4356
-1491.97,-3.20521,49.9024
-1486.55,0.718979,2.14826
-1481.12,35.6075,-29.0577
-1475.69,25.8654,-21.0925
-1470.27,10.3642,-6.31609
-1464.84,15.228,48.8863
-1459.42,-136.742,66.5278
-1453.99,-322.063,72.4324
-1448.57,-99.8757,181.896
-1443.14,135.676,222.696
-1437.72,119.628,61.7103
-1432.29,69.9253,-80.2499
-1426.87,-19.8328,-57.4924
-1421.44,-33.2349,-7.70843
-1416.02,-6.7914,-17.441
-1410.59,6.27772,-42.0543
-1405.16,6.74035,-60.2751
-1399.74,-10.6845,-77.8874
-1394.31,-31.0115,-50.8704
-1388.89,-33.1374,-25.9377
-1383.46,61.9368,-40.2829
-1378.04,143.934,-9.47238
-1372.61,83.5179,24.1086
-1367.19,45.6922,15.779
-1361.76,98.6378,52.3942
-1356.34,107.801,251.689
-1350.91,77.6999,350.44
-1345.49,73.4739,205.155
-1340.06,47.0914,88.1514
-1334.64,-41.3726,9.54673
-1329.21,-73.0449,-29.8253
-1323.78,-26.2601,3.95471
-1318.36,25.9494,-12.2072
-1312.93,42.004,-44.2746
-1307.51,-1.02173,1.29317
-1302.08,-58.0158,3.1908
-1296.66,-101.342,-55.5522
-1291.23,-84.5354,-47.2737
-1285.81,-22.2592,22.3222
-1280.38,-25.4922,64.6873
-1274.96,-55.924,4.63866
-1269.53,-61.5292,-50.4849
-1264.11,-91.8876,-35.3916
-1258.68,20.4291,123.612
-1253.26,192.818,324.778
-1247.83,98.2772,227.731
-1242.4,-38.1153,67.9393
-1236.98,-11.7824,33.609
-1231.55,19.0695,-16.7495
-1226.13,13.0079,-49.4311
-1220.7,-27.7739,-27.223
-1215.28,-109.425,32.5188
-1209.85,-87.8378,46.369
-1204.43,9.44926,-8.4879
-1199,35.9358,-49.9447
-1193.58,23.3695,-40.4121
-1188.15,-15.4266,-19.9223
-1182.73,-41.3132,-5.73055
-1177.3,-18.2673,1.05837
-1171.87,65.9128,-8.8876
-1166.45,79.2277,-9.73689
-1161.02,9.97983,23.0143
-1155.6,92.7074,127.583
-1150.17,76.0363,154.663
-1144.75,-88.83,38.3068
-1139.32,-65.8974,31.6197
-1133.9,-3.30262,87.4497
-1128.47,-9.86882,43.6673
-1123.05,17.7768,3.68577
-1117.62,33.6022,19.3096
-1112.2,29.6179,36.157
-1106.77,27.9041,73.6415
-1101.35,-18.0015,89.5177
-1095.92,-49.5961,23.6111
-1090.49,-29.0293,-27.9731
-1085.07,10.1175,-11.2912
-1079.64,43.0391,-16.1625
-1074.22,1.3995,-5.96737
-1068.79,-54.0543,41.9038
-1063.37,-53.2318,62.1464
-1057.94,150.237,-398.027
-1052.52,414.421,-968.893
-1047.09,298.822,-599.874
-1041.67,103.453,-137.015
-1036.24,54.1562,-148.211
-1030.82,-40.5049,-122.021
-1025.39,-81.7388,-79.5413
-1019.97,-68.8025,-22.9124
-1014.54,-53.4844,76.693
-1009.11,1.71051,107.957
-1003.69,-22.9685,11.5574
-998.264,-127.023,-64.8191
-992.838,-93.822,-65.8239
-987.413,-15.8321,-16.0231
-981.988,-24.4355,77.6157
-976.562,-3.69633,70.2462
-971.137,-4.43469,-68.0393
-965.712,-11.1368,-91.0875
-960.286,-31.5244,1.6322
-954.861,-221.951,-10.6617
-949.436,-265.179,-15.5133
-944.01,-106.301,57.4675
-938.585,-91.3587,83.1671
-933.16,-119.267,33.9771
-927.734,-85.6192,-82.5969
-922.309,-47.6974,-134.333
-916.884,-14.6857,-55.0234
-911.458,-13.3124,-21.0107
-906.033,-10.3737,-96.5666
-900.608,49.6212,-107.674
-895.182,32.872,-29.7492
-889.757,-82.9299,-27.707
-884.331,-121.716,-39.8837
-878.906,-95.79,-19.0612
-873.481,-63.5486,-25.9864
-868.055,6.35153,42.3464
-862.63,51.7879,92.8883
-857.205,250.415,527.577
-851.779,463.198,1029.05
-846.354,202.576,570.532
-840.929,-73.2439,58.9646
-835.503,-29.5184,54.7917
-830.078,30.1858,38.8444
-824.653,40.1855,35.2877
-819.227,3.14966,32.6821
-813.802,-27.0148,-7.15006
-808.377,-14.1934,-11.9664
-802.951,-37.7706,-20.8337
-797.526,-41.1398,-7.4837
-792.101,0.5282,19.6166
-786.675,36.0544,-74.2974
-781.25,71.1376,-99.1767
-775.825,54.3662,-9.99537
-770.399,-10.3566,-14.9195
-764.974,-25.6259,-50.7447
-759.549,-96.2503,-15.2177
-754.123,-373.483,86.1614
-748.698,-382.958,86.769
-743.273,-92.4116,10.7327
-737.847,-20.3911,25.774
-732.422,-22.7594,64.128
-726.996,8.18964,96.1797
-721.571,12.6904,78.752
-716.146,30.6206,7.94527
-710.72,6.49053,5.23295
-705.295,-58.377,36.5676
-699.87,-66.3146,4.22052
-694.444,-49.8441,-13.4657
-689.019,-66.7649,-17.8766
-683.594,-56.9836,-56.1293
-678.168,-21.157,-77.9259
-672.743,9.13386,-65.5152
-667.318,31.6054,-25.5164
-661.892,63.7242,18.8304
-656.467,59.7478,347.929
-651.042,15.953,650.219
-645.616,-8.2974,299.622
-640.191,-0.342661,-29.3841
-634.766,23.8541,19.9293
-629.34,15.1129,-3.44955
-623.915,-8.89923,-43.0058
-618.49,-40.1767,-0.441883
-613.064,-48.6704,-28.2698
-607.639,-1.23816,-95.1703
-602.214,-8.10279,-94.6218
-596.788,-65.4426,-20.086
-591.363,-67.9577,66.4664
-585.937,-41.3092,112.946
-580.512,-47.21,95.392
-575.087,-75.4706,42.5171
-569.661,-45.8779,4.68447
-564.236,-38.7847,23.2295
-558.811,138.129,-234.054
-553.385,605.564,-878.459
-547.96,528.11,-747.461
-542.535,65.1221,-52.8465
-537.109,-41.5675,75.1095
-531.684,-25.4025,27.9581
-526.259,-24.6061,54.385
-520.833,-47.0648,15.3047
-515.408,-40.4314,-12.2385
-509.983,20.606,-10.545
-504.557,5.95596,9.744
-499.132,-26.5355,21.6681
-493.707,2.43668,-20.9528
-488.281,-20.7674,-47.2258
-482.856,-86.285,-58.1425
-477.431,-69.2021,-98.3246
-472.005,8.02499,-63.3966
-466.58,-9.24167,49.9622
-461.154,-18.2793,34.3869
-455.729,836.335,-843.186
-450.304,1478.04,-1498.27
-444.878,622.237,-627.897
-439.453,-4.05551,38.3241
-434.028,56.8055,-11.8274
-428.602,55.5475,68.2495
-423.177,43.7473,147.955
-417.752,1.64111,88.5457
-412.326,3.63924,33.1875
-406.901,63.4023,24.5047
-401.476,74.3104,-17.2199
-396.05,24.6356,-33.0095
-390.625,-20.1325,-36.2392
-385.2,-55.1971,-48.9385
-379.774,-41.5733,-54.746
-374.349,-30.8806,-42.6714
-368.924,-12.9415,-32.4515
-363.498,-13.0289,-0.909121
-358.073,402.566,-105.337
-352.648,1269.72,-385.098
-347.222,1040.68,-310.871
-341.797,145.344,-3.65004
-336.371,-56.163,45.5089
-330.946,-21.317,-8.38566
-325.521,2.27165,-32.7878
-320.095,50.1302,-33.9553
-314.67,50.0293,-12.4385
-309.245,-0.453346,13.7326
-303.819,-59.9047,65.0181
-298.394,-57.2049,66.6837
-292.969,-38.513,-7.82046
-287.543,-25.1233,-15.6568
-282.118,24.9477,45.5242
-276.693,73.4904,52.0905
-271.267,54.3732,35.6754
-265.842,48.6676,-12.3757
-260.417,-44.3799,-3.51255
-254.991,-1125.81,787.926
-249.566,-1780.76,1340.98
-244.141,-656.497,561.214
-238.715,67.2792,7.93939
-233.29,4.61153,16.7136
-227.865,0.117525,-9.51599
-222.439,-35.1669,-0.447246
-217.014,-31.8702,-1.99783
-211.589,-30.5032,-12.4419
-206.163,-43.8146,2.95075
-200.738,-51.7598,40.0657
-195.312,-65.5923,25.427
-189.887,-61.5577,4.89698
-184.462,-5.5631,-9.77615
-179.036,30.0656,-58.8163
-173.611,57.3286,-42.2062
-168.186,19.2448,4.04166
-162.76,-32.0414,70.9976
-157.335,-319.742,-326.818
-151.91,-865.978,-1129.82
-146.484,-670.488,-885.464
-141.059,-106.453,-166.651
-135.634,-21.434,-56.6017
-130.208,-19.4241,-35.9462
-124.783,-2.78407,13.3884
-119.358,-30.1354,2.07679
-113.932,-5.14994,2.57044
-108.507,-6.28166,-23.1607
-103.082,-120.333,-161.969
-97.6562,-122.159,-184.167
-92.2309,2.90559,-54.7121
-86.8055,9.27977,-15.4152
-81.3802,-34.4167,-12.3166
-75.9549,-7.45929,-5.75382
-70.5295,14.7878,-17.1109
-65.1042,45.9464,-29.4436
-59.6788,-40.5206,-28.4572
-54.2535,-739.016,-21.5599
-48.8281,-1037.14,-30.0208
-43.4028,-317.266,-29.4915
-37.9774,61.5734,-7.13444
-32.5521,0.156158,14.3864
-27.1267,14.3412,16.4658
-21.7014,30.7443,10.2759
-16.276,23.7527,11.4309
-10.8507,6.89588,-4.91082
-5.42535,-58.4225,-282.257
0,-124.871,-540.875
5.42535,-71.2233,-279.301
10.8507,-8.3508,-1.39084
16.276,-16.3378,20.6865
21.7014,-23.1282,22.7133
27.1267,-5.67164,21.086
32.5521,6.16623,12.9988
37.9774,-58.4694,20.5796
43.4028,272.228,-165.587
48.8281,919.011,-481.633
54.2535,654.772,-343.341
59.6788,23.9448,-43.3401
65.1042,-54.2036,-6.3224
70.5295,-20.7925,-8.89652
75.9549,4.18203,-8.4416
81.3802,25.5342,-26.1574
86.8055,-15.0982,-9.78713
92.2309,-26.5957,-47.9012
97.6562,29.062,-219.079
103.082,37.1523,-198.327
108.507,-4.50705,-23.5703
113.932,5.75551,0.0527073
119.358,27.9958,-11.3439
124.783,8.37135,10.813
130.208,1.70042,-40.8233
135.634,-5.54772,-60.2693
141.059,22.6246,-196.451
146.484,214.469,-1089.77
151.91,283.057,-1395.09
157.335,144.115,-433.908
162.76,59.9218,49.7662
168.186,-15.5254,12.069
173.611,-70.0286,-12.8034
179.036,-52.8062,-39.6838
184.462,0.714492,-11.2254
189.887,57.4744,-22.5838
195.312,70.1004,-5.90022
200.738,64.085,13.3209
206.163,40.6738,-16.5549
211.589,21.9618,-24.5544
217.014,27.769,-15.7666
222.439,31.4118,-15.8181
227.865,-4.27714,-8.50143
233.29,3.18197,17.0435
238.715,-56.9897,36.6291
244.141,836.076,216.627
249.566,2188.38,424.63
254.991,1357.27,214.663
260.417,38.3486,-22.6119
265.842,-49.1672,10.2113
271.267,-33.2311,55.9005
276.693,-43.218,79.0343
282.118,-2.46617,51.8532
287.543,15.7172,-25.0856
292.969,31.187,-23.9119
298.394,80.6477,34.8579
303.819,82.344,32.1773
309.245,6.42749,12.144
314.67,-50.4188,10.7517
320.095,-59.9417,-8.54326
325.521,-16.415,-28.4737
330.946,15.4835,-16.8817
336.371,70.4289,16.2829
341.797,-132.234,60.4339
347.222,-1071.63,176.794
352.648,-1310.03,210.485
358.073,-408,81.7971
363.498,11.3118,-6.52869
368.924,-2.5941,-34.8404
374.349,9.04946,-51.8899
379.774,13.3667,-67.4299
385.2,28.1577,-68.1824
390.625,2.20873,-41.3971
396.05,-36.6128,-18.8692
401.476,-74.3385,17.0984
406.901,-46.2434,49.8184
412.326,11.2774,31.424
417.752,37.3406,80.3039
423.177,25.5396,152.159
428.602,-20.0071,85.6927
434.028,-56.2413,14.2715
439.453,20.4452,32.6677
444.878,-834.515,-291.579
450.304,-1985.25,-698.704
455.729,-1121.32,-391.225
461.154,31.5036,22.8936
466.58,30.2083,40.8544
472.005,-35.004,-53.4626
477.431,19.0957,-118.71
482.856,52.0644,-90.083
488.281,-2.0368,-51.5501
493.707,-11.3752,-17.7641
499.132,33.3486,7.84265
504.557,-1.08155,11.3687
509.983,-23.1431,-0.444664
515.408,30.9745,-28.7239
520.833,49.0107,-6.87604
526.259,45.9566,38.0944
531.684,35.0876,13.9929
537.109,70.2864,49.2859
542.535,-81.6978,-18.9504
547.96,-802.328,-440.305
553.385,-929.369,-524.092
558.811,-226.752,-149.815
564.236,45.0425,3.8765
569.661,43.2883,-15.9011
575.087,86.4708,5.12998
580.512,84.249,65.0423
585.937,86.6406,83.4062
591.363,90.217,29.9489
596.788,50.0142,-46.7414
602.214,-34.1967,-88.5975
607.639,-40.607,-86.0813
613.064,31.352,-46.7444
618.49,35.9166,-18.0094
623.915,-10.8541,-42.5539
629.34,-15.0956,3.52464
634.766,-12.7036,28.3693
640.191,-12.5732,-26.5604
645.616,138.803,265.661
651.042,270.699,591.407
656.467,98.8208,338.908
661.892,-49.0202,44.8595
667.318,-39.5924,-9.0792
672.743,-36.9295,-54.8808
678.168,-15.1448,-79.3139
683.594,26.6111,-75.4286
689.019,52.1713,-45.3352
694.444,38.8966,-33.9532
699.87,61.4533,-25.2769
705.295,68.499,7.27592
710.72,-3.53979,7.54842
716.146,-24.0386,20.5644
721.571,23.1165,76.345
726.996,34.8016,90.0358
732.422,48.568,47.6608
737.847,29.626,14.2267
743.273,87.7639,-30.8641
748.698,382.237,-89.89
754.123,373.455,-86.283
759.549,79.8384,-55.8711
764.974,0.787178,-56.8433
770.399,2.76793,-17.9496
775.825,-53.2457,14.8488
781.25,-107.414,-57.9547
786.675,-64.9753,-50.9729
792.101,8.12461,17.8628
797.526,33.6955,-24.761
802.951,24.8151,-35.2828
808.377,7.5112,-16.9773
813.802,21.1463,-18.2689
819.227,11.4959,30.7552
824.653,-20.6495,49.3325
830.078,-10.1025,48.1457
835.503,50.5501,36.3064
840.929,91.6795,20.8889
846.354,68.0311,601.594
851.779,34.7864,1127.96
857.205,6.20352,583.958
862.63,-5.82716,106.19
868.055,12.8547,40.845
873.481,45.7254,-51.2143
878.906,77.7396,-59.1236
884.331,91.9136,-89.204
889.757,62.391,-61.257
895.182,-42.5864,-12.3282
900.608,-91.8006,-75.0247
906.033,-33.0082,-91.3409
911.458,2.7546,-24.7201
916.884,-10.9212,-55.8925
922.309,-16.0174,-141.647
927.734,40.7459,-111.771
933.16,122.091,-21.7446
938.585,118.571,34.7011
944.01,120.735,5.05232
949.436,231.541,-130.19
954.861,194.815,-106.88
960.286,29.0495,-12.3524
965.712,-29.9204,-86.7509
971.137,-25.8408,-63.0975
976.562,34.1161,61.5165
981.988,55.987,59.0488
987.413,7.20576,-21.3418
992.838,55.4714,-100.291
998.264,85.7527,-113.942
1003.69,25.7104,0.31905
1009.11,45.7878,97.7809
1014.54,81.6914,45.4852
1019.97,51.7952,-50.7545
1025.39,38.5978,-107.323
1030.82,-17.0847,-127.428
1036.24,-113.647,-109.471
1041.67,-153.046,-77.7971
1047.09,-531.547,-408.168
1052.52,-797.214,-689.165
1057.94,-309.516,-291.885
1063.37,75.0876,32.5215
1068.79,66.953,13.967
1074.22,-3.87382,-4.74995
1079.64,-45.7684,4.34036
1085.07,-14.0433,-5.71323
1090.49,13.8287,-37.8677
1095.92,54.9271,-0.520001
1101.35,55.4215,72.5666
1106.77,7.2024,78.4209
1112.2,-10.7704,45.4817
1117.62,-21.7367,32.0856
1123.05,-14.3619,11.1056
1128.47,28.0126,34.9217
1133.9,41.3038,77.1515
1139.32,73.0892,-0.467943
1144.75,96.6322,-4.51044
1150.17,-0.541077,172.343
1155.6,-27.3962,155.311
1161.02,1.11896,25.06
1166.45,-75.4777,25.9797
1171.87,-63.1381,20.9061
1177.3,16.8825,-7.05662
1182.73,34.6199,-23.2611
1188.15,5.13204,-24.6686
1193.58,-38.7199,-26.0777
1199,-54.1932,-29.1368
1204.43,-12.2138,-3.48658
1209.85,99.275,3.17063
1215.28,112.606,-18.7411
1220.7,13.0292,-36.6431
1226.13,-33.3607,-38.7261
1231.55,-24.482,-6.69488
1236.98,25.3232,25.0425
1242.4,64.0403,44.3547
1247.83,11.4996,247.765
1253.26,-30.9303,376.434
1258.68,35.8265,120.058
1264.11,67.0733,-72.0907
1269.53,33.1709,-72.3482
1274.96,52.2976,-20.3463
1280.38,51.2693,46.9655
1285.81,29.7918,10.3052
1291.23,55.2564,-79.5471
1296.66,66.7328,-94.3552
1302.08,53.543,-22.5646
1307.51,1.48517,0.714338
1312.93,-57.162,-21.3805
1318.36,-28.6752,0.403629
1323.78,25.3361,-7.95699
1329.21,52.5777,-58.8276
1334.64,41.3705,-9.55599
1340.06,-3.68233,99.8735
1345.49,23.8959,216.601
1350.91,83.7865,349.035
1356.34,13.4421,273.474
1361.76,-65.687,90.3315
1367.19,-34.1508,34.2122
1372.61,-64.4968,58.2803
1378.04,-133.52,54.5829
1383.46,-73.3274,-9.05472
1388.89,18.4133,-37.8391
1394.31,5.57279,-59.3165
1399.74,-24.5405,-74.6886
1405.16,-32.4811,-51.2201
1410.59,-24.0777,-35.0462
1416.02,-1.54159,-18.653
1421.44,26.4922,-21.4975
1426.87,-7.37736,-60.368
1432.29,-98.0277,-41.475
1437.72,-80.4685,107.906
1443.14,-24.321,259.634
1448.57,169.506,119.705
1453.99,321.221,-76.0815
1459.42,152.067,-0.148746
1464.84,7.74355,50.6144
1470.27,-12.084,-1.13347
1475.69,-32.494,-7.61915
1481.12,-44.7419,-10.5076
1486.55,0.295379,2.24601
1491.97,24.7565,43.4468
1497.4,70.1131,57.5216
1502.82,156.186,14.241
1508.25,93.0937,-51.0545
1513.67,17.6789,1.65028
1519.1,20.8538,56.8489
1524.52,43.7184,54.0784
1529.95,37.9131,113.979
1535.37,24.5867,75.6245
1540.8,106.354,-28.5405
1546.22,212.051,-31.0559
1551.65,238.858,-92.7196
1557.07,131.674,-172.695
1562.5,-3.23131,-20.6632
1567.93,-32.3382,92.2654
1573.35,-2.96232,4.16323
1578.78,-13.8934,-19.9604
1584.2,-19.6182,41.4864
1589.63,-64.8544,95.0675
1595.05,-140.889,72.8246
1600.48,-68.319,37.1898
1605.9,22.6665,40.9411
1611.33,11.8489,-34.2705
1616.75,-72.2328,-50.5314
1622.18,-146.012,2.57717
1627.6,-65.2529,-28.1643
1633.03,9.38151,-50.0778
1638.45,-32.1295,-14.9023
1643.88,-51.1809,17.4093
1649.31,-46.8486,41.0854
1654.73,-54.8941,36.7343
1660.16,-70.3045,50.7748
1665.58,-18.6312,92.7925
1671.01,114.281,3.96706
1676.43,156.53,-66.3412
1681.86,38.5074,-48.0926
1687.28,-43.3718,-28.2526
1692.71,-16.038,31.4527
1698.13,30.0524,6.85156
1703.56,101.731,-72.8268
1708.98,121.721,-131.618
1714.41,68.0366,-105.432
1719.83,-30.4172,28.6117
1725.26,-114.775,39.3563
1730.69,7.36764,-6.27631
1736.11,199.152,43.8465
1741.54,107.058,69.1803
1746.96,84.488,51.0918
1752.39,305.848,91.9262
1757.81,257.82,73.9076
1763.24,18.7123,-83.841
1768.66,-58.1166,-185.576
1774.09,52.9093,-158.793
1779.51,97.6182,-108.285
1784.94,-47.4653,-81.3623
1790.36,-129.27,-33.8184
1795.79,-39.9367,47.9951
1801.22,59.7689,108.654
1806.64,74.0894,105.041
1812.07,-20.5189,124.828
1817.49,-155.5,-57.7494
1822.92,-146.7,-289.711
1828.34,-30.7365,-112.238
1833.77,12.9754,-67.3094
1839.19,-24.7422,-263.396
1844.62,29.4975,-234.024
1850.04,294.188,-362.938
1855.47,447.329,-380.064
1860.89,387.96,-53.7093
1866.32,355.722,-131.785
1871.74,258.053,-139.332
1877.17,195.655,145.041
1882.6,143.923,150.927
1888.02,32.3953,97.2012
1893.45,95.9195,-13.5748
1898.87,152.676,-238.705
1904.3,-54.3586,-305.864
1909.72,-192.54,-222.987
1915.15,-225.086,-235.049
1920.57,-505.838,-384.281
1926,-747.295,-193.219
1931.42,-389.827,131.283
1936.85,169.693,160.471
1942.27,127.53,-111.753
1947.7,957.792,-359.4
1953.12,2111.35,-186.372
1958.55,1117.99,-97.8021
1963.98,152.157,-29.9093
1969.4,17.8877,262.714
1974.83,-261.497,387.396
1980.25,-312.998,62.4122
1985.68,-693.719,-111.848
1991.1,-1147.21,162.693
1996.53,-890.468,333.121
2001.95,-936.752,169.309
2007.38,7421.23,252.559
2012.8,18232.7,352.611
2018.23,10698.6,-336.017
2023.65,339.299,-484.846
2029.08,-269.643,-264.063
2034.51,-308.366,-345.316
2039.93,-418.025,57.8968
2045.36,-198.99,533.534
2050.78,392.889,833.296
2056.21,856.858,725.654
2061.63,414.04,154.82
2067.06,-242.807,-34.6175
2072.48,-284.644,-13.8915
2077.91,-78.2119,-118.717
2083.33,-182.192,31.4177
2088.76,-107.024,228.61
2094.18,241.985,215.956
2099.61,178.771,-65.8221
2105.03,-135.31,-323.203
2110.46,-228.143,-20.0033
2115.89,-260.096,270.108
2121.31,-246.792,72.5611
2126.74,-172.166,-77.5381
2132.16,29.7931,-89.7809
2137.59,115.368,-212.656
2143.01,-235.819,-166.959
2148.44,-177.335,-336.967
2153.86,225.872,-757.303
2159.29,89.1266,-593.712
2164.71,-172.159,-251.381
2170.14,-161.173,-90.882
2175.56,-146.729,-34.3736
2180.99,-243.845,-63.6066
2186.41,-273.879,-71.2286
2191.84,-156.865,-138.6
2197.27,-0.151279,-135.631
2202.69,145.874,-30.0624
2208.12,165.194,15.171
2213.54,115.592,86.2195
2218.97,253.993,88.0084
2224.39,334.744,-139.249
2229.82,51.3441,-226.256
2235.24,-119.411,-19.3672
2240.67,-5.38335,115.55
2246.09,135.374,43.6311
2251.52,325.909,-89.104
2256.94,266.019,-60.266
2262.37,6.89235,95.8672
2267.79,-86.5217,112.019
2273.22,-70.7692,45.1752
2278.65,-19.685,56.6888
2284.07,52.23,124.812
2289.5,107.478,49.2575
2294.92,72.411,-92.6037
2300.35,-167.774,-11.0821
2305.77,-318.927,149.522
2311.2,-168.06,160.9
2316.62,-27.5734,80.2234
2322.05,88.1339,3.53507
2327.47,171.061,-32.504
2332.9,31.736,-44.055
2338.32,-134.654,-63.1916
2343.75,-24.112,-96.8297
2349.18,281.298,-77.878
2354.6,377.448,-9.6414
2360.03,156.37,70.7345
2365.45,-20.7789,110.229
2370.88,-8.72383,8.09133
2376.3,45.9333,-45.5923
2381.73,50.1041,28.5085
2387.15,-38.9951,52.6642
2392.58,-121.926,48.1761
2398,-45.9699,30.8968
2403.43,41.1306,-30.1975
2408.85,23.7675,17.9146
2414.28,53.1892,126.409
2419.7,62.5998,32.3616
2425.13,-41.6982,-98.4255
2430.56,-130.226,-26.1178
2435.98,-91.1852,40.3975
2441.41,-33.3863,17.3311
2446.83,54.5331,61.8242
2452.26,221.734,161.822
2457.68,252.338,166.817
2463.11,192.284,22.8031
2468.53,93.1729,-115.707
2473.96,-4.46964,-151.431
2479.38,42.1748,-94.2398
2484.81,94.6339,16.0909
2490.23,17.4928,36.9079
2495.66,-75.5479,-17.6873
2501.08,-68.9124,-54.0985
2506.51,-43.1361,-34.4239
2511.94,-4.45392,12.834
2517.36,67.7597,46.0951
2522.79,55.9339,68.2148
2528.21,-15.0899,47.7468
2533.64,-56.3881,59.0176
2539.06,-34.6447,77.6648
2544.49,35.3048,23.6497
2549.91,-7.46405,-101.129
2555.34,-131.751,-187.975
2560.76,-119.026,-149.402
2566.19,49.8026,-24.9916
2571.61,148.448,98.0729
2577.04,78.8923,86.6202
2582.47,40.0893,24.5378
2587.89,85.7588,-28.7246
2593.32,114.957,-90.355
2598.74,65.0881,-55.7892
2604.17,-59.2483,-2.01703
2609.59,-108.14,0.0361156
2615.02,-48.478,52.0837
2620.44,-66.1829,92.8378
2625.87,-115.686,31.2642
2631.29,-73.3074,-14.4009
2636.72,-45.6268,22.9186
2642.14,-40.2435,59.9047
2647.57,4.9813,-63.2905
2652.99,31.5441,-305.535
2658.42,-18.6564,-249.814
2663.85,-32.7969,-59.5541
2669.27,6.69112,-70.1964
2674.7,34.4835,-40.3839
2680.12,46.0237,28.3122
2685.55,9.02134,4.95702
2690.97,-36.6635,-13.8834
2696.4,-56.6027,17.0976
2701.82,-35.7792,13.5493
2707.25,-4.90383,-14.8725
2712.67,31.5202,-8.20973
2718.1,86.3038,-0.737091
2723.52,120.742,-19.3188
2728.95,98.6,-47.4388
2734.37,24.384,-77.5607
2739.8,12.2277,-115.628
2745.23,50.9872,-125.92
2750.65,-69.0168,-124.883
2756.08,-244.994,-72.5651
2761.5,-190.88,-1.14873
2766.93,-5.10661,-18.4296
2772.35,26.8336,-13.8427
2777.78,-49.9233,20.4812
2783.2,-4.57321,50.0216
2788.63,39.801,52.8895
2794.05,-69.7494,8.92757
2799.48,-142.632,4.15216
2804.9,-72.8678,54.8569
2810.33,-12.3833,73.1997
2815.75,-23.8815,-0.354238
2821.18,-56.9672,-41.7974
2826.61,-72.4206,-6.82971
2832.03,-39.8819,11.957
2837.46,-28.3067,28.8674
2842.88,-28.9865,77.037
2848.31,-36.9643,95.3002
2853.73,-115.472,44.9918
2859.16,-136.867,31.6183
2864.58,-51.0005,83.7562
2870.01,29.4425,60.3007
2875.43,27.7421,7.39249
2880.86,-35.2444,28.2536
2886.28,-50.9165,17.3765
2891.71,-14.0745,4.98369
2897.14,20.3621,32.0746
2902.56,70.848,24.0831
2907.99,104.333,19.879
2913.41,78.7783,6.91934
2918.84,19.5916,-0.334092
2924.26,-15.9626,30.2216
2929.69,-22.2854,29.7902
2935.11,-62.0731,-3.68052
2940.54,-106.495,-42.8243
2945.96,-120.272,-24.08
2951.39,-136.215,140.779
2956.81,-163.686,204.229
2962.24,-177.832,39.8025
2967.66,-117.553,-54.6195
2973.09,-8.932,-41.0269
2978.52,10.405,-61.8574
2983.94,-58.685,-111.268
2989.37,-81.6794,-77.9082
2994.79,-78.999,27.6345
3000.22,-96.0002,80.9545
3005.64,-17.3165,49.1161
3011.07,100.676,-14.4233
3016.49,90.022,14.6889
3021.92,24.4419,67.4434
3027.34,13.0024,58.0245
3032.77,9.71054,50.9331
3038.19,1.6155,30.4369
3043.62,34.145,46.3844
3049.04,57.1959,103.897
3054.47,9.31667,100.637
3059.9,-29.2202,58.9534
3065.32,4.57855,63.5828
3070.75,48.2009,41.4969
3076.17,21.0383,-43.1087
3081.6,-32.7534,-61.2934
3087.02,-43.6179,-35.0938
3092.45,-47.0908,-10.57
3097.87,-38.7432,29.2913
3103.3,0.296265,3.53405
3108.72,29.0998,-34.6839
3114.15,14.2973,-20.7543
3119.57,-23.6628,-22.3562
3125,-28.6944,-13.8877
3130.43,16.5226,31.8899
3135.85,58.6101,74.4799
3141.28,59.8305,56.4405
3146.7,36.0206,55.3232
3152.13,10.0805,112.072
3157.55,3.77484,76.79
3162.98,34.6906,13.5468
3168.4,48.4429,23.2719
3173.83,26.1528,-0.791753
3179.25,22.1748,-20.0023
3184.68,8.44213,21.9641
3190.1,-20.7551,4.00482
3195.53,-13.3702,-27.7524
3200.95,4.00397,-4.4408
3206.38,-14.6464,-8.46828
3211.81,-20.3626,-32.2816
3217.23,-20.9393,-42.1371
3222.66,-10.1415,-17.793
3228.08,60.6894,24.9184
3233.51,79.843,44.2871
3238.93,36.3702,18.7169
3244.36,28.9985,-5.55803
3249.78,14.3192,8.28381
3255.21,-28.7778,4.5531
3260.63,-44.9579,2.26048
3266.06,-27.0433,-2.43193
3271.48,2.93469,-2.17247
3276.91,13.7625,0.609296
3282.33,1.24277,6.30245
3287.76,-5.984,39.1101
3293.19,-1.18241,4.84837
3298.61,-8.51247,-56.9746
3304.04,-24.2369,-65.7935
3309.46,-27.4665,-23.5934
3314.89,-29.7173,57.5793
3320.31,-5.83726,76.4977
3325.74,22.0672,20.5557
3331.16,21.3724,16.7138
3336.59,36.0028,34.6998
3342.01,31.2067,-2.46309
3347.44,1.66301,-17.1798
3352.86,-0.114644,21.1359
3358.29,20.4668,54.3816
3363.71,34.9255,58.9006
3369.14,15.297,44.2028
3374.57,-14.0447,14.0545
3379.99,-18.7952,-7.27635
3385.42,-41.59,-21.9436
3390.84,-71.3848,-34.3175
3396.27,-38.4283,-9.07899
3401.69,-7.84316,7.23222
3407.12,1.88769,-47.3836
3412.54,35.4887,-103.658
3417.97,5.63525,-85.1415
3423.39,-25.8969,-41.3093
3428.82,25.5053,-32.5505
3434.24,31.1524,-17.5462
3439.67,-28.5773,5.51259
3445.1,-108.719,-20.4978
3450.52,-113.131,-55.9771
3455.95,-35.6211,-56.5662
3461.37,-48.3491,-39.6765
3466.8,-67.1244,-28.1438
3472.22,-25.1258,-64.2021
3477.65,-15.0737,-115.633
3483.07,-19.1332,-84.487
3488.5,-34.1906,-18.1928
3493.92,-39.7802,-8.83082
3499.35,-18.195,-13.7251
3504.77,-5.60032,9.49294
3510.2,0.378361,33.0237
3515.62,15.9265,34.8537
3521.05,26.0848,9.54454
3526.48,22.2124,-9.06403
3531.9,51.7709,-9.12373
3537.33,72.8696,-19.5266
3542.75,23.4231,-45.9494
3548.18,11.7803,-34.471
3553.6,71.6593,46.5256
3559.03,86.6981,86.9375
3564.45,17.3374,83.2405
3569.88,-67.0419,84.6339
3575.3,-76.0662,62.7004
3580.73,-18.7287,51.6039
3586.15,42.2341,36.4163
3591.58,79.9755,1.31129
3597,78.2916,-25.5475
3602.43,47.5077,-25.9675
3607.86,2.93169,3.17458
3613.28,-23.7781,17.7117
3618.71,13.494,15.3702
3624.13,19.9733,31.815
3629.56,-2.24206,2.43668
3634.98,31.8863,-66.447
3640.41,32.9388,-41.754
3645.83,29.3789,17.2587
3651.26,73.7694,15.5661
3656.68,80.5481,2.81651
3662.11,43.1842,-12.1839
3667.53,-0.250388,-30.7649
3672.96,-32.3949,4.72714
3678.39,-16.1558,48.8176
3683.81,1.66719,39.3014
3689.24,-19.6945,35.0083
3694.66,-42.5185,33.8101
3700.09,-38.3753,0.210755
3705.51,5.2275,-47.0475
3710.94,52.4903,-65.0995
3716.36,52.1174,-51.5527
3721.79,32.0099,-21.8385
3727.21,21.4954,8.30206
3732.64,7.50204,-37.9986
3738.06,20.6429,-74.5688
3743.49,43.2141,4.35642
3748.91,40.1924,42.5805
3754.34,34.9979,-28.8896
3759.77,12.738,-53.6134
3765.19,-10.546,-2.57031
3770.62,-13.665,4.86478
3776.04,-34.1028,-28.6776
3781.47,-61.4056,-5.149
3786.89,-51.077,24.3129
3792.32,-15.2589,-22.5324
3797.74,0.204069,-75.7814
3803.17,-1.96917,-75.3468
3808.59,-15.4849,-44.7032
3814.02,-9.06184,-58.6257
3819.44,14.9858,-60.0848
3824.87,-10.0735,25.0224
3830.29,-20.9688,64.2487
3835.72,8.79601,13.5825
3841.15,7.9701,0.876308
3846.57,-4.5957,44.4969
3852,-19.5901,40.5456
3857.42,-32.2975,11.9614
3862.85,-20.4352,44.7023
3868.27,7.85077,95.0836
3873.7,19.1896,48.5929
3879.12,27.2412,-25.1585
3884.55,58.0823,-19.0697
3889.97,39.3209,5.38871
3895.4,-22.1489,46.8303
3900.82,-66.1077,85.515
3906.25,-81.8691,44.6496
3911.68,-54.3696,-12.405
3917.1,-28.967,-21.0288
3922.53,-30.5962,-17.7174
3927.95,-24.5215,-0.0212984
3933.38,10.7023,-27.9599
3938.8,35.1945,-60.1995
3944.23,6.87174,-8.60242
3949.65,-4.11084,30.0615
3955.08,20.5308,-2.93916
3960.5,44.6733,-28.4282
3965.93,34.7907,17.6241
3971.35,5.42007,24.3576
3976.78,38.7598,-13.4672
3982.2,59.7527,9.86531
3987.63,15.5705,-9.65258
3993.06,-10.7626,-73.2748
3998.48,-32.0516,-46.5168
4003.91,-40.1046,19.7772
4009.33,-19.4372,41.7577
4014.76,-17.3724,-8.51757
4020.18,-9.4938,-49.2093
4025.61,-7.11602,-35.9615
4031.03,-27.9961,-25.728
4036.46,-16.2243,-37.766
4041.88,10.0359,-80.9294
4047.31,-2.39837,-71.0124
4052.73,-35.5821,-33.6528
4058.16,-61.4184,-26.0394
4063.58,-57.2218,12.1018
4069.01,-11.5835,11.9507
4074.44,20.8891,-23.1339
4079.86,11.6571,-6.32755
4085.29,21.3471,22.6479
4090.71,15.6547,20.8806
4096.14,-5.34777,14.9423
4101.56,29.1249,7.21624
4106.99,44.6192,-35.632
4112.41,-11.2632,-56.1402
4117.84,-67.6438,-15.0123
4123.26,-29.7438,10.8088
4128.69,71.1826,-4.22573
4134.11,100.738,-9.44267
4139.54,39.4714,-7.04324
4144.96,-3.97033,-12.4819
4150.39,8.6911,-15.4255
4155.82,11.8264,-7.1452
4161.24,10.2607,-5.98088
4166.67,26.9273,-43.8318
4172.09,23.4603,-57.8226
4177.52,13.0348,-29.8516
4182.94,20.9395,-25.1607
4188.37,-3.59642,-7.59188
4193.79,-52.4597,36.2812
4199.22,-66.3822,60.4333
4204.64,-66.3551,57.5747
4210.07,-47.6062,48.3306
4215.49,-14.5728,52.5139
4220.92,-22.3849,37.1548
4226.35,-36.6375,-2.06841
4231.77,-21.9087,-19.3318
4237.2,-7.72293,-28.2774
4242.62,-4.17438,-47.3046
4248.05,12.8984,-53.2759
4253.47,28.5512,-49.3426
4258.9,-2.61208,-40.5344
4264.32,-27.4324,-18.2953
4269.75,-38.8093,7.92578
4275.17,-44.7793,2.35712
4280.6,9.60622,-23.4733
4286.02,25.8576,-4.4522
4291.45,-4.85546,39.5994
4296.87,0.797758,40.0197
4302.3,-19.3369,23.6358
4307.73,-28.8836,33.7782
4313.15,-16.6392,0.178778
4318.58,2.22893,-73.7874
4324,49.9961,-69.7886
4329.43,53.8077,-16.4519
4334.85,53.4585,-14.4712
4340.28,48.3397,-32.0059
4345.7,4.14148,1.36665
4351.13,24.0473,51.4561
4356.55,62.434,69.9964
4361.98,22.8755,19.5456
4367.4,3.71786,-45.6735
4372.83,29.4239,-15.4269
4378.25,-10.4807,50.4672
4383.68,-36.1242,58.02
4389.11,47.7179,33.0937
4394.53,87.8076,52.2198
4399.96,15.9985,56.8902
4405.38,-80.2566,-1.05288
4410.81,-122.807,-40.0585
4416.23,-86.532,-44.7191
4421.66,-22.6698,-7.60841
4427.08,31.3303,60.9052
4432.51,43.7578,68.7024
4437.93,7.55688,28.0748
4443.36,-12.9438,-10.9393
4448.78,-6.39776,-33.5345
4454.21,4.45558,-11.0747
4459.63,23.8978,-44.3159
4465.06,28.0331,-108.706
4470.49,0.683774,-71.6096
4475.91,-37.7957,-38.7592
4481.34,-34.6395,-64.0273
4486.76,-11.9257,-62.6164
4492.19,5.25449,-31.4468
4497.61,24.7554,2.10777
4503.04,13.6806,39.5377
4508.46,11.9534,46.3414
4513.89,7.02064,6.19771
4519.31,-29.5138,2.04296
4524.74,-14.3768,22.1948
4530.16,33.2878,3.86767
4535.59,30.6529,-14.9407
4541.02,27.9738,8.49504
4546.44,31.0279,30.2898
4551.87,-12.9774,13.4373
4557.29,4.99139,-4.58555
4562.72,61.8755,-9.62534
4568.14,37.5727,11.5364
4573.57,0.760354,39.8402
4578.99,6.0878,31.5729
4584.42,17.1705,-19.8155
4589.84,18.2393,-81.3552
4595.27,29.7529,-76.7891
4600.69,23.2379,-14.659
4606.12,11.8388,28.1191
4611.54,11.0125,48.3712
4616.97,19.4197,14.4206
4622.4,31.5892,-31.2671
4627.82,-14.565,0.0987406
4633.25,-16.2642,7.37675
4638.67,45.7161,-24.4387
4644.1,1.31401,-31.1633
4649.52,-78.8599,-36.7894
4654.95,-77.9132,-7.1862
4660.37,-28.9146,38.1802
4665.8,28.2756,47.8475
4671.22,34.695,36.4808
4676.65,44.0753,-21.6348
4682.07,58.9056,-84.5116
4687.5,-1.25489,-65.192
4692.92,-60.795,4.13751
4698.35,-37.1724,41.6106
4703.78,10.3995,16.5576
4709.2,5.89642,-10.0763
4714.63,-10.5212,-10.3858
4720.05,-32.5366,-31.203
4725.48,-57.8572,-21.1688
4730.9,-37.5654,27.0605
4736.33,-11.5812,7.8634
4741.75,-8.55624,-33.0295
4747.18,8.7112,-27.396
4752.6,21.335,-14.0215
4758.03,13.7627,19.9448
4763.45,11.8068,70.4549
4768.88,14.0554,108.247
4774.31,-1.52122,83.6625
4779.73,-21.5943,2.36792
4785.16,-5.98384,-45.7622
4790.58,-3.58776,-44.5366
4796.01,-18.7114,-4.98008
4801.43,-1.73264,5.72825
4806.86,-19.3509,-19.5935
4812.28,-44.3095,-16.4301
4817.71,6.49921,-0.404134
4823.13,35.7805,22.5614
4828.56,13.539,43.071
4833.98,39.9801,18.6068
4839.41,65.0215,-23.5387
4844.83,28.6367,-22.0553
4850.26,-10.062,13.1072
4855.69,-45.9496,33.6226
4861.11,-56.2647,24.9172
4866.54,-15.0301,25.0396
4871.96,-3.45633,3.68914
4877.39,-18.8645,-35.1579
4882.81,-4.57397,-48.7401
4888.24,12.404,-36.8113
4893.66,10.2441,0.189359
4899.09,-7.43216,22.2373
4904.51,-35.371,28.8813
4909.94,-40.7446,6.52843
4915.36,-4.88849,-43.6013
4920.79,30.4765,-20.4444
4926.21,23.8482,47.4719
4931.64,-26.9288,17.1011
4937.07,-80.5656,-50.5006
4942.49,-70.2234,-66.8636
4947.92,-4.63581,-41.0504
4953.34,23.1035,-3.37649
4958.77,25.5113,4.89764
4964.19,34.6791,11.7251
4969.62,38.9966,8.94545
4975.04,62.7067,-13.5805
4980.47,46.6422,-6.19107
4985.89,5.04523,15.7163
4991.32,-3.22889,3.81178
4996.74,5.56759,-13.3889
5002.17,20.2752,-13.6991
5007.6,12.5532,-9.06186
5013.02,7.31431,-14.312
5018.45,27.4289,-18.8833
5023.87,42.912,-16.1475
5029.3,7.39819,-36.1309
5034.72,-58.5699,-36.6688
5040.15,-76.7362,-17.0277
5045.57,-36.9288,-31.2192
5051,15.2927,-37.7
5056.42,25.6031,-48.4552
5061.85,-22.5606,-70.5654
5067.27,-77.4821,-37.7993
5072.7,-65.2928,2.51949
5078.12,-46.1495,-13.0784
5083.55,-63.1156,-28.1357
5088.98,-54.1004,10.0406
5094.4,0.39233,1.58528
5099.83,79.7238,-41.407
5105.25,66.5035,14.9819
5110.68,-13.7281,75.9047
5116.1,-23.445,57.425
5121.53,-28.2455,19.5122
5126.95,-57.141,11.5599
5132.38,-11.7246,44.0136
5137.8,63.2732,76.6946
5143.23,56.5751,56.27
5148.65,26.3481,-9.06973
5154.08,32.5163,-14.5809
5159.5,5.33818,13.8252
5164.93,-30.4992,4.12776
5170.36,-5.16304,10.992
5175.78,42.7606,44.3526
5181.21,39.2627,63.0257
5186.63,4.25047,42.9226
5192.06,11.7798,29.3706
5197.48,37.406,46.9877
5202.91,30.9306,48.8427
5208.33,-15.4956,27.1743
5213.76,-31.3024,0.0362759
5219.18,4.05236,-26.3081
5224.61,-10.9847,-16.1656
5230.03,-65.0726,7.91016
5235.46,-43.6632,9.32856
5240.88,7.64047,28.4014
5246.31,3.47537,37.7378
5251.74,6.75105,12.658
5257.16,47.583,-3.31127
5262.59,65.049,-0.530343
5268.01,23.0379,20.3327
5273.44,-24.6237,43.9908
5278.86,-19.6875,29.4114
5284.29,9.27982,4.17441
5289.71,11.763,-18.9617
5295.14,-1.77976,-47.1759
5300.56,-25.5641,-44.8654
5305.99,-61.258,-27.6357
5311.41,-82.0618,-22.2415
5316.84,-44.7364,-16.155
5322.27,19.121,9.58346
5327.69,38.1612,4.33127
5333.12,32.6418,-19.1362
5338.54,6.03361,10.2919
5343.97,-17.3912,9.58411
5349.39,11.0639,-34.2987
5354.82,38.0346,-27.1973
5360.24,14.377,20.6389
5365.67,1.63091,18.8579
5371.09,31.6472,-37.0593
5376.52,45.0615,-66.6687
5381.94,24.5485,-40.6128
5387.37,5.98124,-13.4542
5392.79,-13.464,-23.3307
5398.22,-58.119,-23.7644
5403.65,-61.0777,-16.8467
5409.07,-23.3888,0.226707
5414.5,-7.40794,25.6911
5419.92,24.7061,32.367
5425.35,36.3387,21.439
5430.77,2.45672,22.9155
5436.2,-25.0179,44.5251
5441.62,-29.4401,15.9533
5447.05,-10.9224,-31.5462
5452.47,22.5555,-30.2545
5457.9,17.224,-16.6193
5463.32,-19.3684,-0.335228
5468.75,-2.84307,34.8761
5474.17,11.6271,37.3322
5479.6,0.239137,6.64583
5485.03,17.8703,7.48294
5490.45,8.61986,7.05077
5495.88,-26.0004,-16.1244
5501.3,-35.4646,-12.1114
5506.73,-21.4475,15.6633
5512.15,9.29886,36.3131
5517.58,14.3289,40.9982
5523,-3.07235,15.5352
5528.43,-2.50141,-48.8415
5533.85,13.6738,-98.9486
5539.28,11.6611,-99.7874
5544.7,-7.22794,-59.4555
5550.13,-1.8904,-16.6335
