-5555.56,-51.1985,-26.0869
-5550.13,-32.5447,-3.65493
-5544.7,-11.3159,25.7353
-5539.28,7.92474,2.06146
-5533.85,21.5477,-8.24203
-5528.43,-6.3647,17.8721
-5523,-56.8481,42.3433
-5517.58,-63.413,34.2715
-5512.15,-37.1693,20.8795
-5506.73,-23.3263,23.2467
-5501.3,-14.9004,-2.43674
-5495.88,15.3982,-35.8414
-5490.45,27.2072,-9.27866
-5485.03,6.51085,0.349678
-5479.6,18.7197,-34.4161
-5474.17,50.9828,5.46289
-5468.75,75.0314,36.3262
-5463.32,49.972,-1.64539
-5457.9,-24.8987,-8.05911
-5452.47,-30.4665,26.6808
-5447.05,4.06422,48.0952
-5441.62,14.4185,43.0364
-5436.2,8.62105,30.1135
-5430.77,3.50186,31.8029
-5425.35,18.4152,25.8363
-5419.92,-11.675,-12.1894
-5414.5,-29.1465,-25.06
-5409.07,-19.1923,-30.3104
-5403.65,-26.3426,-21.4944
-5398.22,-12.4705,23.533
-5392.79,-7.73035,24.1177
-5387.37,-21.0686,-10.1677
-5381.94,-39.6343,-22.0195
-5376.52,-33.5073,-20.8974
-5371.09,-16.334,-33.2196
-5365.67,-42.4398,-33.3534
-5360.24,-47.2689,-3.16905
-5354.82,-18.7838,20.2853
-5349.39,-9.52694,1.72716
-5343.97,-7.46903,-24.588
-5338.54,-0.934694,-7.02449
-5333.12,12.0399,72.0841
-5327.69,-3.2758,97.3589
-5322.27,-16.8235,5.42753
-5316.84,-24.2293,-27.5971
-5311.41,-40.4386,3.85758
-5305.99,-13.5442,19.1054
-5300.56,-4.39191,20.2448
-5295.14,-27.4301,11.2293
-5289.71,-3.65194,1.45729
-5284.29,36.0649,-13.0902
-5278.86,37.99,7.10809
-5273.44,23.542,21.7392
-5268.01,42.2155,-24.8423
-5262.59,68.3713,-53.4253
-5257.16,36.7769,-4.19552
-5251.74,0.206916,38.9238
-5246.31,7.67104,42.4069
-5240.88,2.27348,84.5394
-5235.46,-27.4286,100.575
-5230.03,-16.4595,29.9771
-5224.61,30.3942,-0.984105
-5219.18,42.6898,24.0785
-5213.76,27.3811,-12.3291
-5208.33,20.7745,-56.5054
-5202.91,18.1745,-37.2945
-5197.48,21.3949,-51.0888
-5192.06,4.83013,-42.0539
-5186.63,-17.2766,43.6121
-5181.21,-14.435,76.1144
-5175.78,-23.3586,59.0188
-5170.36,-30.6663,32.9793
-5164.93,-29.3231,6.86989
-5159.5,-15.5888,8.56752
-5154.08,22.3382,0.149818
-5148.65,41.0327,1.84087
-5143.23,71.1289,-1.79191
-5137.8,103.079,-36.4913
-5132.38,69.1225,-28.8729
-5126.95,20.6884,-13.5248
-5121.53,-7.64837,-9.48088
-5116.1,-16.6578,14.7803
-5110.68,-23.3229,36.9052
-5105.25,-29.8171,-0.784469
-5099.83,-0.0200691,-60.969
-5094.4,27.6996,-13.9857
-5088.98,35.8762,37.2722
-5083.55,22.5975,22.8849
-5078.12,11.9174,21.2866
-5072.7,34.2235,16.6802
-5067.27,59.4357,6.75235
-5061.85,50.3297,-17.9676
-5056.42,-24.2207,-43.9835
-5051,-68.2567,-30.7233
-5045.57,-31.1296,-29.464
-5040.15,-6.70677,-67.2532
-5034.72,-3.04529,-102.948
-5029.3,3.16105,-112.572
-5023.87,-4.88751,-72.89
-5018.45,-15.8306,-23.6632
-5013.02,-4.41601,2.27979
-5007.6,5.96427,21.4728
-5002.17,-16.7331,39.8918
-4996.74,-33.3878,54.6482
-4991.32,-24.751,2.74099
-4985.89,-26.9156,-66.3157
-4980.47,-12.2474,-36.9415
-4975.04,32.4404,-2.25319
-4969.62,41.4686,-28.8543
-4964.19,12.8083,-20.1343
-4958.77,-2.58314,16.3179
-4953.34,-22.2497,36.2939
-4947.92,-47.3979,43.5416
-4942.49,-30.9794,21.8762
-4937.07,0.854261,2.54375
-4931.64,21.9317,17.2597
-4926.21,16.2768,46.2467
-4920.79,-13.3253,52.7822
-4915.36,-16.4594,22.4969
-4909.94,-0.673257,-2.5115
-4904.51,28.5854,15.8805
-4899.09,60.8218,16.0927
-4893.66,48.8554,-22.7095
-4888.24,12.1467,-13.576
-4882.81,-3.44959,31.03
-4877.39,-7.5491,50.4478
-4871.96,-19.0057,59.8228
-4866.54,-14.5216,59.6446
-4861.11,9.40907,38.0039
-4855.69,14.9212,-4.68807
-4850.26,15.8706,-32.6203
-4844.83,19.1953,-13.637
-4839.41,10.5387,-8.95448
-4833.98,11.9994,-27.4318
-4828.56,4.60306,-28.1621
-4823.13,-6.72153,-6.18899
-4817.71,-22.457,32.893
-4812.28,-42.7156,45.6671
-4806.86,-2.1069,-9.27594
-4801.43,62.7661,-74.3028
-4796.01,64.9241,-59.0173
-4790.58,17.1233,9.79637
-4785.16,13.8436,45.1726
-4779.73,45.1226,22.5564
-4774.31,33.9729,2.40219
-4768.88,30.0565,-8.34667
-4763.45,50.7286,-25.5202
-4758.03,46.2537,-21.5724
-4752.6,11.6584,-5.07238
-4747.18,-31.4573,10.279
-4741.75,-61.8703,24.282
-4736.33,-70.7787,34.4089
-4730.9,-63.8284,11.1808
-4725.48,-33.1469,-6.00308
-4720.05,6.12477,-23.1475
-4714.63,0.671078,-63.2743
-4709.2,0.869487,-26.2634
-4703.78,34.2275,20.0475
-4698.35,20.6541,7.46332
-4692.92,-9.55199,13.5104
-4687.5,3.41843,11.5074
-4682.07,4.6248,-19.717
-4676.65,-23.1108,-26.7118
-4671.22,-36.568,13.8893
-4665.8,-41.0429,42.0822
-4660.37,-45.933,34.1409
-4654.95,-50.3811,23.4059
-4649.52,-27.3249,-6.49207
-4644.1,15.8557,-37.0992
-4638.67,38.834,-40.1907
-4633.25,52.0964,-15.0312
-4627.82,36.6513,14.6333
-4622.4,-15.5818,13.853
-4616.97,-37.2956,-18.0456
-4611.54,17.0612,-45.612
-4606.12,59.3277,-53.6146
-4600.69,37.0226,-37.324
-4595.27,17.9469,1.73662
-4589.84,17.3837,4.48488
-4584.42,34.1696,-14.6018
-4578.99,45.4697,-13.8503
-4573.57,22.9061,-31.4108
-4568.14,0.0642986,-55.747
-4562.72,9.11235,-27.6904
-4557.29,26.9961,18.9895
-4551.87,12.4633,-1.31935
-4546.44,-8.69074,-24.9358
-4541.02,-17.1564,13.0868
-4535.59,-1.99653,23.5526
-4530.16,56.8167,-7.71687
-4524.74,101.033,-6.99522
-4519.31,61.8831,23.2686
-4513.89,-8.01215,34.1408
-4508.46,-18.4417,21.8008
-4503.04,-18.0205,19.1813
-4497.61,-30.4765,42.065
-4492.19,-27.4442,30.514
-4486.76,-25.8571,-33.6073
-4481.34,-19.7806,-57.8553
-4475.91,-19.8485,-6.06286
-4470.49,-18.6956,39.1885
-4465.06,-7.92583,29.8358
-4459.63,7.09786,1.26963
-4454.21,33.2482,-28.1049
-4448.78,22.1442,-50.5576
-4443.36,-24.3383,-62.4491
-4437.93,-34.0578,-47.0338
-4432.51,-12.2756,-1.28526
-4427.08,-4.02466,15.5239
-4421.66,-19.8735,-27.3292
-4416.23,-2.66979,-55.0693
-4410.81,57.233,-21.7672
-4405.38,68.1877,-4.04905
-4399.96,29.6096,-10.1299
-4394.53,-5.75558,-3.66096
-4389.11,-4.47548,-16.6493
-4383.68,10.4198,-11.6385
-4378.25,-13.157,23.7617
-4372.83,-35.4473,15.1497
-4367.4,-36.405,-7.31406
-4361.98,-39.0977,1.87671
-4356.55,-22.7123,-7.44996
-4351.13,20.2656,-17.5667
-4345.7,15.5278,15.502
-4340.28,-18.8046,54.7923
-4334.85,-4.29678,47.6019
-4329.43,-3.20685,1.29985
-4324,-18.6356,-31.4203
-4318.58,7.88628,-36.1856
-4313.15,12.0263,-0.0119987
-4307.73,-16.9256,36.2046
-4302.3,0.438641,20.6263
-4296.87,41.8967,-2.96504
-4291.45,46.0765,-16.1137
-4286.02,19.552,-32.6629
-4280.6,-28.2883,-47.5718
-4275.17,-25.6505,-25.357
-4269.75,47.6256,-11.9944
-4264.32,51.2112,-37.9441
-4258.9,14.9251,-26.6093
-4253.47,3.71456,-12.0914
-4248.05,-6.75356,10.588
-4242.62,23.4026,17.4627
-4237.2,31.3246,-4.08829
-4231.77,-12.6582,17.548
-4226.35,-23.1453,12.4878
-4220.92,-21.8275,-12.3356
-4215.49,-54.0247,-7.74542
-4210.07,-59.2506,-7.00197
-4204.64,-3.7021,-24.9521
-4199.22,37.7726,-47.2592
-4193.79,10.4069,-56.5982
-4188.37,2.74178,-32.2314
-4182.94,30.3721,-0.580055
-4177.52,24.4854,11.1803
-4172.09,27.9558,-1.85052
-4166.67,36.8759,-20.3632
-4161.24,14.3829,-23.2123
-4155.82,-22.4056,-12.4221
-4150.39,-31.2589,10.8914
-4144.96,19.7201,16.1896
-4139.54,53.8513,33.2778
-4134.11,32.0641,26.3297
-4128.69,23.275,-6.58882
-4123.26,30.3817,5.7762
-4117.84,18.9112,20.2411
-4112.41,22.6367,23.9801
-4106.99,57.2553,44.2934
-4101.56,54.248,52.19
-4096.14,39.5488,18.6972
-4090.71,44.333,-20.8685
-4085.29,9.55642,-6.54486
-4079.86,-34.667,27.6662
-4074.44,-27.8973,23.5834
-4069.01,8.88581,-8.44655
-4063.58,23.0188,-18.6529
-4058.16,17.9256,13.8394
-4052.73,-0.3239,0.966307
-4047.31,-61.2536,-21.5687
-4041.88,-94.0834,21.1196
-4036.46,-24.0149,64.6109
-4031.03,44.6678,29.9701
-4025.61,35.659,-40.5255
-4020.18,-2.56628,-11.0501
-4014.76,-2.88747,42.07
-4009.33,23.9188,24.88
-4003.91,12.664,-0.948919
-3998.48,3.13979,-18.0285
-3993.06,48.4167,-33.4531
-3987.63,67.087,-38.7405
-3982.2,-0.429081,-43.903
-3976.78,-42.7436,-32.5219
-3971.35,0.201052,-10.9288
-3965.93,30.4088,3.36674
-3960.5,8.5085,-18.7454
-3955.08,-46.1252,-68.5146
-3949.65,-79.9498,-23.1616
-3944.23,-42.1102,33.3147
-3938.8,-21.6295,-12.8202
-3933.38,-19.9548,-27.1664
-3927.95,20.3109,13.3695
-3922.53,59.7955,20.2193
-3917.1,68.4737,14.0189
-3911.68,49.5366,26.8453
-3906.25,-1.41479,23.359
-3900.82,-63.6889,20.2615
-3895.4,-80.3506,25.208
-3889.97,-83.8574,5.86742
-3884.55,-98.2931,31.1288
-3879.12,-106.085,83.5801
-3873.7,-88.8704,90.3173
-3868.27,-19.2899,58.7069
-3862.85,36.1409,3.17105
-3857.42,9.03613,-26.0773
-3852,-14.1731,-16.5855
-3846.57,4.55968,-29.9493
-3841.15,-1.75931,-73.0329
-3835.72,0.559092,-73.7659
-3830.29,26.5099,-31.1457
-3824.87,39.1844,25.0965
-3819.44,36.6638,53.0806
-3814.02,6.34691,28.1241
-3808.59,-33.5153,20.3743
-3803.17,-65.7866,24.674
-3797.74,-90.5537,47.5945
-3792.32,-65.7269,56.6971
-3786.89,-24.8234,-0.267715
-3781.47,-26.1133,-6.19345
-3776.04,-13.6287,27.9112
-3770.62,41.2571,14.4958
-3765.19,46.0923,-2.57631
-3759.77,-19.2624,-7.58285
-3754.34,-38.2509,-0.390307
-3748.91,-15.4937,6.48233
-3743.49,-32.9261,-18.4821
-3738.06,-50.9593,-23.1202
-3732.64,-14.8746,-10.3937
-3727.21,44.5435,-6.46576
-3721.79,72.0863,33.1925
-3716.36,42.8595,74.9853
-3710.94,4.9448,44.0034
-3705.51,-24.3643,-41.126
-3700.09,-46.3453,-74.4071
-3694.66,-21.8811,-33.2898
-3689.24,23.8952,-6.27922
-3683.81,34.0653,-19.2081
-3678.39,-5.40674,-33.0685
-3672.96,-27.1115,-17.5463
-3667.53,-23.9976,-0.781785
-3662.11,-30.2566,-18.0696
-3656.68,-20.7231,-13.4823
-3651.26,-0.126606,-6.30185
-3645.83,18.0695,-3.74004
-3640.41,24.3066,5.08585
-3634.98,32.8876,-35.0107
-3629.56,19.5267,-74.4318
-3624.13,5.95057,-51.2042
-3618.71,24.2763,-1.95216
-3613.28,-15.1638,7.84357
-3607.86,-32.4981,-10.5089
-3602.43,32.8915,-34.5135
-3597,66.8429,-54.3078
-3591.58,61.9463,-45.4438
-3586.15,64.6196,-35.0364
-3580.73,43.6888,-48.854
-3575.3,-11.2924,-63.2938
-3569.88,-39.2799,-56.4268
-3564.45,4.35986,-4.28013
-3559.03,76.4821,58.8456
-3553.6,72.4893,41.3764
-3548.18,6.57321,-12.5683
-3542.75,-46.4464,24.5314
-3537.33,-44.3188,77.688
-3531.9,14.4114,51.9447
-3526.48,32.7351,17.0971
-3521.05,15.0624,-17.0078
-3515.62,19.2428,-37.7675
-3510.2,-2.91431,-19.3462
-3504.77,-48.0464,5.83702
-3499.35,-59.4836,40.0708
-3493.92,-21.6529,57.9982
-3488.5,18.8848,25.9573
-3483.07,30.7176,-30.0929
-3477.65,19.8349,-54.0865
-3472.22,11.9619,-35.2742
-3466.8,48.8534,-37.29
-3461.37,85.6567,-54.7359
-3455.95,84.3886,-15.3041
-3450.52,31.1949,23.8756
-3445.1,-26.2945,-2.95983
-3439.67,-2.42858,-33.3618
-3434.24,26.051,-5.24903
-3428.82,14.3873,35.2171
-3423.39,6.38954,11.6895
-3417.97,29.1329,-18.0945
-3412.54,81.685,-12.6723
-3407.12,100.306,3.40079
-3401.69,52.7778,14.9
-3396.27,-13.1917,-3.69813
-3390.84,-39.6108,-39.2313
-3385.42,-34.0662,-26.0958
-3379.99,-58.7969,43.1911
-3374.57,-96.6521,67.541
-3369.14,-84.3281,44.1282
-3363.71,5.75449,67.6162
-3358.29,114.294,112.058
-3352.86,103.171,64.2931
-3347.44,13.9406,-59.2856
-3342.01,-14.532,-72.8754
-3336.59,-5.41019,-3.92495
-3331.16,-19.3605,-15.9216
-3325.74,-45.0463,-32.0546
-3320.31,-47.3474,12.6064
-3314.89,11.5757,40.7769
-3309.46,29.8391,6.99944
-3304.04,-43.7999,-15.2767
-3298.61,-62.435,-14.0881
-3293.19,-0.728642,-20.9328
-3287.76,41.7402,-3.64857
-3282.33,24.1323,23.9394
-3276.91,1.38843,48.4866
-3271.48,5.25232,-3.88187
-3266.06,27.9722,-88.0375
-3260.63,52.7145,-50.1958
-3255.21,13.5983,24.3511
-3249.78,-42.8443,19.3008
-3244.36,-29.0621,-4.3586
-3238.93,4.59283,18.8086
-3233.51,3.91926,48.0415
-3228.08,8.98423,26.1386
-3222.66,28.6247,1.90457
-3217.23,22.1735,-6.55008
-3211.81,8.30293,-37.3447
-3206.38,-28.2182,-33.1491
-3200.95,-54.9488,-48.6867
-3195.53,12.6825,-64.1907
-3190.1,48.1015,31.4777
-3184.68,-14.2826,89.1291
-3179.25,-41.2439,45.5757
-3173.83,-16.4342,9.55556
-3168.4,-20.4605,10.5127
-3162.98,8.58972,16.3682
-3157.55,81.3121,13.5587
-3152.13,44.2521,-5.01533
-3146.7,-29.1143,-25.7035
-3141.28,-38.3973,-23.0143
-3135.85,-46.9587,-14.5492
-3130.43,-59.3499,1.27361
-3125,-15.6254,1.8981
-3119.57,33.8709,-25.4962
-3114.15,-11.4031,-6.48175
-3108.72,-54.3506,27.7078
-3103.3,-30.5999,4.93464
-3097.87,-2.01097,16.8676
-3092.45,38.8116,65.501
-3087.02,53.6619,24.1284
-3081.6,36.3226,-61.7203
-3076.17,44.735,-56.5116
-3070.75,42.3771,-10.8685
-3065.32,18.0461,-4.8088
-3059.9,-25.2504,-14.4348
-3054.47,-1.31722,-50.704
-3049.04,52.5388,-71.5267
-3043.62,27.0302,-54.4438
-3038.19,-15.5633,-58.566
-3032.77,-30.0651,-37.3209
-3027.34,-5.29272,25.21
-3021.92,6.42601,45.4447
-3016.49,1.89372,37.2988
-3011.07,8.63515,28.5909
-3005.64,10.8496,7.0292
-3000.22,6.24953,-28.9589
-2994.79,-38.5928,-36.3633
-2989.37,-47.4818,-12.7802
-2983.94,14.8169,-41.2134
-2978.52,-2.36716,-31.1657
-2973.09,-60.4917,28.2384
-2967.66,-89.3754,6.05427
-2962.24,-2.87184,-23.6262
-2956.81,127.531,-17.0593
-2951.39,83.2217,-18.0548
-2945.96,20.1999,-27.1222
-2940.54,-8.14442,-12.2826
-2935.11,-58.5937,12.0105
-2929.69,-35.8228,-12.2918
-2924.26,16.2211,-15.4236
-2918.84,28.3166,4.40084
-2913.41,17.5837,22.7797
-2907.99,6.8552,77.7432
-2902.56,42.5754,73.445
-2897.14,65.6567,11.9895
-2891.71,10.1232,-3.1516
-2886.28,-43.0594,-26.2816
-2880.86,-43.6386,-71.7417
-2875.43,6.60279,-75.2527
-2870.01,34.0449,-53.7766
-2864.58,-11.4751,44.4253
-2859.16,-0.726952,175.789
-2853.73,51.3455,156.008
-2848.31,19.9523,74.5859
-2842.88,-20.466,84.9964
-2837.46,-28.6191,88.1534
-2832.03,-31.8454,4.39927
-2826.61,3.88951,-85.1696
-2821.18,24.7565,-103.344
-2815.75,9.48072,-66.5138
-2810.33,19.7569,-59.2937
-2804.9,61.3878,-105.487
-2799.48,89.4001,-101.773
-2794.05,4.51732,-7.05658
-2788.63,-113.931,60.3314
-2783.2,-53.3832,26.5802
-2777.78,62.3525,-22.1898
-2772.35,42.4574,2.29515
-2766.93,13.0784,38.979
-2761.5,-3.51267,-115.544
-2756.08,-68.9549,-242.497
-2750.65,-59.6143,-75.0599
-2745.23,-10.0914,5.32583
-2739.8,3.51428,-87.4356
-2734.37,48.4051,-79.652
-2728.95,27.1047,-30.2051
-2723.52,-48.1764,-31.9635
-2718.1,-39.3741,-32.5453
-2712.67,-17.4437,-12.8538
-2707.25,-37.1833,1.96284
-2701.82,-29.6779,18.8105
-2696.4,-9.0395,38.3722
-2690.97,-12.6535,21.1415
-2685.55,21.043,11.9759
-2680.12,-6.8888,43.9134
-2674.7,-19.6063,48.7698
-2669.27,55.5304,10.3531
-2663.85,83.3622,75.3966
-2658.42,216.988,234.995
-2652.99,253.749,167.668
-2647.57,64.6207,-41.827
-2642.14,-21.6485,-35.4953
-2636.72,-14.1135,6.20101
-2631.29,-71.0293,-46.5578
-2625.87,-121.68,-6.25837
-2620.44,-24.4331,43.5297
-2615.02,66.8501,15.8658
-2609.59,18.2521,-27.316
-2604.17,5.26138,-55.3147
-2598.74,45.8491,-12.0021
-2593.32,21.3616,39.6152
-2587.89,20.9785,88.9467
-2582.47,89.2952,122.92
-2577.04,91.7696,-1.92243
-2571.61,-7.09239,-45.7941
-2566.19,-107.486,73.7596
-2560.76,-115.004,37.8296
-2555.34,-25.0934,-76.8508
-2549.91,30.9911,-19.1204
-2544.49,52.8678,97.3612
-2539.06,45.5681,34.2819
-2533.64,-38.3941,-58.7174
-2528.21,5.51182,-55.9446
-2522.79,131.005,-83.0675
-2517.36,92.6937,-51.1032
-2511.94,11.9414,11.4686
-2506.51,-2.82761,41.0627
-2501.08,-42.3352,45.4867
-2495.66,-53.4135,-17.6033
-2490.23,-87.2067,-16.3597
-2484.81,-97.794,10.3169
-2479.38,20.3463,-76.916
-2473.96,36.7389,-154.085
-2468.53,-8.62407,-72.1655
-2463.11,32.509,-44.8005
-2457.68,43.1088,-144.222
-2452.26,-14.508,-64.942
-2446.83,-68.2172,-12.3485
-2441.41,-117.588,-72.642
-2435.98,-104.757,35.2864
-2430.56,-22.014,59.4384
-2425.13,84.4599,-3.38395
-2419.7,164.845,9.47465
-2414.28,94.0468,-94.9075
-2408.85,-6.46107,-188.039
-2403.43,-44.166,-112.021
-2398,-126.088,-18.4144
-2392.58,-130.574,72.4786
-2387.15,-29.6022,150.928
-2381.73,50.0834,132.39
-2376.3,145.246,59.5
-2370.88,118.234,-14.2248
-2365.45,-70.708,16.4136
-2360.03,-332.485,189.488
-2354.6,-426.867,274.819
-2349.18,-137.561,168.314
-2343.75,50.4794,42.3744
-2338.32,-14.5751,-56.3225
-2332.9,-52.4967,-135.602
-2327.47,-97.1536,-117.312
-2322.05,-98.5206,-168.978
-2316.62,-4.89926,-258.048
-2311.2,142.439,-135.868
-2305.77,230.247,-13.9699
-2300.35,100.069,-67.8864
-2294.92,-71.8665,-70.6109
-2289.5,-118.346,46.5947
-2284.07,-141.304,20.0087
-2278.65,-103.358,-12.4696
-2273.22,11.1008,129.603
-2267.79,100.535,91.8066
-2262.37,264.913,-134.394
-2256.94,436.079,-151.854
-2251.52,233.97,10.4413
-2246.09,-119.518,108.244
-2240.67,-250.915,42.9409
-2235.24,-265.724,-71.8876
-2229.82,-183.378,-29.6676
-2224.39,-27.9914,-29.0629
-2218.97,102.564,-101.604
-2213.54,69.6419,-90.9505
-2208.12,-58.2113,-26.4295
-2202.69,7.69312,102.353
-2197.27,113.868,158.939
-2191.84,17.1776,57.0415
-2186.41,-163.775,16.8531
-2180.99,-101.571,-27.1559
-2175.56,134.536,-184.84
-2170.14,38.1915,-138.2
-2164.71,-202.2,-108.099
-2159.29,-267.45,-350.058
-2153.86,-158.435,-378.047
-2148.44,69.338,-198.472
-2143.01,-8.699,-10.8712
-2137.59,-253.722,213.597
-2132.16,-183.109,247.344
-2126.74,-93.0858,327.415
-2121.31,-39.162,388.683
-2115.89,178.693,239.88
-2110.46,160.908,160.142
-2105.03,121.566,6.2767
-2099.61,240.658,-149.73
-2094.18,-106.902,-350.729
-2088.76,-655.163,-345.108
-2083.33,-526.447,-42.9121
-2077.91,5.85189,-73.1833
-2072.48,-64.4377,-293.131
-2067.06,-457.477,-246.709
-2061.63,128.802,-230.261
-2056.21,1180.3,-481.2
-2050.78,877.873,-241.973
-2045.36,38.3295,304.493
-2039.93,-77.5279,-55.4199
-2034.51,72.1219,-602.608
-2029.08,4.64037,-522.937
-2023.65,-22.4704,918.207
-2018.23,10991.9,16521.1
-2012.8,20856.4,28185.9
-2007.38,9467.42,12255.7
-2001.95,-408.402,-530.81
-1996.53,75.0585,-106.051
-1991.1,233.399,139.636
-1985.68,20.5198,233.351
-1980.25,-448.655,-162.89
-1974.83,-241.58,-273.588
-1969.4,192.489,96.9304
-1963.98,-61.2146,693.43
-1958.55,-1373.88,588.364
-1953.12,-1763.57,341.808
-1947.7,-672.611,529.048
-1942.27,-346.161,368.529
-1936.85,-508.365,33.1934
-1931.42,-368.152,47.9037
-1926,-228.835,209.093
-1920.57,-81.8996,238.093
-1915.15,23.2986,358.519
-1909.72,1.11835,159.65
-1904.3,106.481,-409.304
-1898.87,39.3354,-415.86
-1893.45,-190.555,-167.877
-1888.02,-142.218,-224.709
-1882.6,-103.001,-366.384
-1877.17,-17.8599,-362.384
-1871.74,-63.996,-215.463
-1866.32,-239.14,-126.205
-1860.89,-164.956,117.403
-1855.47,-107.651,526.946
-1850.04,-162.678,478.416
-1844.62,-112.612,196.463
-1839.19,-194.511,-43.3202
-1833.77,-278.653,-260.952
-1828.34,-74.9084,-367.627
-1822.92,90.585,-407.045
-1817.49,153.888,-232.018
-1812.07,144.493,54.2238
-1806.64,41.3031,101.512
-1801.22,-39.2606,-87.4414
-1795.79,-44.0494,-100.013
-1790.36,63.8448,85.9602
-1784.94,84.4635,63.8836
-1779.51,-87.08,-136.506
-1774.09,-219.729,-205.508
-1768.66,-116.04,-114.794
-1763.24,-63.8354,88.0285
-1757.81,-364.552,196.425
-1752.39,-378.467,127.347
-1746.96,8.44337,134.9
-1741.54,77.6422,147.4
-1736.11,-32.8049,140.738
-1730.69,-20.6521,220.566
-1725.26,-25.2311,223.849
-1719.83,-0.931442,68.6378
-1714.41,70.692,-111.512
-1708.98,66.7123,-126.996
-1703.56,2.76095,-49.0794
-1698.13,-30.293,-24.3821
-1692.71,-43.6343,41.0815
-1687.28,1.74866,37.4614
-1681.86,65.0057,-89.1651
-1676.43,24.9703,-76.0425
-1671.01,0.523452,-34.5453
-1665.58,12.5468,-101.01
-1660.16,-53.8937,-24.6543
-1654.73,-121.755,114.899
-1649.31,-20.7271,87.7491
-1643.88,87.2623,41.1392
-1638.45,59.7188,94.0741
-1633.03,-13.6975,86.1891
-1627.6,-53.5657,-71.1916
-1622.18,-15.8547,-180.614
-1616.75,51.9126,-71.1042
-1611.33,63.5867,43.0764
-1605.9,7.75957,-58.9815
-1600.48,-17.2807,-144.89
-1595.05,-2.72684,-58.7419
-1589.63,21.404,38.0824
-1584.2,2.91687,17.9526
-1578.78,35.3162,-35.1957
-1573.35,110.428,10.6284
-1567.93,41.5173,95.3596
-1562.5,-91.2477,62.3274
-1557.07,-193.023,-88.938
-1551.65,-181.27,-99.8571
-1546.22,-77.4035,-37.6209
-1540.8,-35.151,-118.23
-1535.37,16.4546,-186.808
-1529.95,65.1974,-138.603
-1524.52,-10.2027,-72.7095
-1519.1,-56.9173,-10.7745
-1513.67,-43.6255,35.9371
-1508.25,-32.65,63.4514
-1502.82,44.4025,117.596
-1497.4,102.682,96.568
-1491.97,63.1419,53.9241
-1486.55,21.4195,59.304
-1481.12,18.3579,29.9612
-1475.69,9.08884,-29.8781
-1470.27,40.3947,-75.3445
-1464.84,49.6567,-105.3
-1459.42,67.2816,59.1939
-1453.99,56.735,292.724
-1448.57,-154.302,133.748
-1443.14,-239.828,-45.6181
-1437.72,-103.326,28.9327
-1432.29,-24.4332,57.2283
-1426.87,-12.1646,25.7497
-1421.44,-27.3745,7.93694
-1416.02,-30.0306,1.80256
-1410.59,-13.5895,-38.5005
-1405.16,-37.573,-66.412
-1399.74,-32.6276,-27.2697
-1394.31,-12.2738,-27.6282
-1388.89,-63.2007,-52.1569
-1383.46,-92.6017,-12.9825
-1378.04,-47.7403,2.56418
-1372.61,22.2215,34.4099
-1367.19,79.6617,92.4754
-1361.76,12.5187,88.3964
-1356.34,-199.316,59.4317
-1350.91,-203.094,26.5936
-1345.49,9.14066,41.7258
-1340.06,82.946,8.16592
-1334.64,46.6929,-85.0816
-1329.21,-11.943,-100.613
-1323.78,-52.2024,-82.6559
-1318.36,-32.8302,-47.0713
-1312.93,5.55302,-30.0404
-1307.51,4.09142,-61.1978
-1302.08,-43.0153,-49.5942
-1296.66,-78.093,16.6543
-1291.23,-88.1076,75.426
-1285.81,-25.0007,66.8275
-1280.38,53.8434,7.63014
-1274.96,29.6522,-7.11705
-1269.53,-30.0569,21.7173
-1264.11,-69.4054,17.3064
-1258.68,162.619,-75.1976
-1253.26,459.38,-100.901
-1247.83,291.032,57.8768
-1242.4,64.7372,110.447
-1236.98,57.6886,41.1638
-1231.55,36.3117,39.1044
-1226.13,-2.60188,14.1406
-1220.7,-32.1171,-21.3903
-1215.28,-40.0592,-76.6579
-1209.85,-13.024,-129.322
-1204.43,-19.4327,-80.8181
-1199,-74.0422,-4.99963
-1193.58,-49.5909,54.6423
-1188.15,75.1035,81.5339
-1182.73,114.441,19.2247
-1177.3,65.3945,-29.5841
-1171.87,45.38,5.784
-1166.45,-9.25588,-5.31819
-1161.02,-131.108,-29.6475
-1155.6,-183.25,44.6672
-1150.17,-71.2654,72.3314
-1144.75,32.6198,23.5471
-1139.32,23.5321,3.87682
-1133.9,18.0365,-17.3262
-1128.47,36.6776,8.38439
-1123.05,13.7063,67.2286
-1117.62,-32.9936,60.532
-1112.2,-46.847,50.8273
-1106.77,3.21159,53.5407
-1101.35,65.8136,41.923
-1095.92,52.1578,35.9806
-1090.49,53.1456,5.44709
-1085.07,82.8094,11.1886
-1079.64,73.8397,57.9471
-1074.22,13.9156,56.877
-1068.79,-63.8298,32.2893
-1063.37,-34.5056,9.23221
-1057.94,-302.184,-384.537
-1052.52,-660.977,-743.475
-1047.09,-348.965,-341.427
-1041.67,12.3801,-6.51745
-1036.24,-23.8019,-103.028
-1030.82,-75.4131,-98.5658
-1025.39,-37.499,-5.77326
-1019.97,-9.77048,-4.12473
-1014.54,0.335355,-29.6644
-1009.11,43,7.25442
-1003.69,26.7944,-2.89755
-998.264,-49.6278,-17.6079
-992.838,-64.1525,-9.92602
-987.413,17.0641,1.10576
-981.988,56.0757,11.6071
-976.562,13.1666,-56.5541
-971.137,-33.3157,-41.1736
-965.712,-87.0064,60.9213
-960.286,21.3556,-9.32125
-954.861,338.531,-177.846
-949.436,381.924,-150.332
-944.01,130.136,-18.6103
-938.585,-32.1633,6.73617
-933.16,-64.3811,-2.59224
-927.734,-30.5583,-2.73089
-922.309,-30.2661,0.144528
-916.884,-21.7047,30.9119
-911.458,25.3705,57.5512
-906.033,-37.7128,53.2329
-900.608,-148.491,14.0841
-895.182,-131.141,-0.398933
-889.757,-77.1576,18.3912
-884.331,-67.3822,33.9557
-878.906,-35.7564,83.2417
-873.481,-38.5867,38.2117
-868.055,-66.1395,-86.4883
-862.63,-34.2638,-96.6767
-857.205,466.763,196.818
-851.779,877.317,431.242
-846.354,318.223,213.369
-840.929,-140.837,40.9332
-835.503,-59.5682,-24.1594
-830.078,-13.298,-89.9378
-824.653,0.161306,-27.3061
-819.227,-9.56146,-15.3263
-813.802,-36.1745,-37.8015
-808.377,-40.3021,-16.8112
-802.951,-45.9671,-11.2527
-797.526,-52.1408,6.67586
-792.101,-46.1153,7.65804
-786.675,-43.6561,-5.88428
-781.25,-29.3959,27.0788
-775.825,-29.6921,21.34
-770.399,-41.5627,6.04251
-764.974,-25.6173,22.1191
-759.549,66.9008,-94.0261
-754.123,242.779,-325.661
-748.698,217.508,-284.984
-743.273,14.2102,-70.1515
-737.847,-37.4487,-1.29517
-732.422,26.503,8.42525
-726.996,39.7214,-4.22728
-721.571,-41.4893,11.7209
-716.146,-40.1814,44.086
-710.72,46.434,40.9603
-705.295,52.7507,57.1575
-699.87,47.7251,91.0385
-694.444,36.6213,75.5679
-689.019,8.79439,25.0835
-683.594,-7.00197,-1.05345
-678.168,-35.9705,-11.5843
-672.743,-33.8373,-40.0654
-667.318,-37.3882,-65.5938
-661.892,-42.4342,-35.9757
-656.467,153.112,311.441
-651.042,319.92,570.229
-645.616,154.86,253.538
-640.191,-4.98169,61.504
-634.766,6.88365,111.583
-629.34,49.5435,71.3039
-623.915,63.6265,56.4995
-618.49,26.5152,22.7302
-613.064,-0.465522,-29.5816
-607.639,29.793,-44.6597
-602.214,61.7969,-52.3503
-596.788,49.9232,-39.4369
-591.363,8.87894,-12.2444
-585.937,-12.0197,12.3435
-580.512,-5.27397,13.625
-575.087,4.40803,-22.1825
-569.661,-1.21364,10.689
-564.236,-11.0937,10.0872
-558.811,-170.904,309.784
-553.385,-494.018,1019.22
-547.96,-412.329,821.462
-542.535,-76.4383,83.7461
-537.109,9.79572,-49.7148
-531.684,16.8054,-1.38267
-526.259,61.7116,21.462
-520.833,103.588,23.7692
-515.408,64.9933,-4.39598
-509.983,-20.3014,-22.5234
-504.557,-32.2705,-43.173
-499.132,-6.56703,-66.935
-493.707,19.0557,-84.7137
-488.281,23.8158,-43.112
-482.856,1.00717,3.72816
-477.431,3.733,7.21054
-472.005,19.9665,-14.9631
-466.58,4.57924,-0.932575
-461.154,78.5816,-66.2386
-455.729,953.358,-973.02
-450.304,1477.55,-1542.91
-444.878,569.554,-621.84
-439.453,7.45497,19.0448
-434.028,72.8236,-20.8872
-428.602,25.4098,-23.0088
-423.177,-23.4117,-2.30203
-417.752,-12.103,-16.1742
-412.326,7.06724,-19.9958
-406.901,-25.1571,14.8411
-401.476,-43.8805,8.09013
-396.05,-56.9834,0.403187
-390.625,-78.6407,21.5863
-385.2,-45.9328,38.0893
-379.774,7.50188,18.9868
-374.349,36.0435,11.4014
-368.924,0.662402,34.5238
-363.498,-7.86458,33.2423
-358.073,-412.082,123.359
-352.648,-1269.26,331.271
-347.222,-995.224,279.244
-341.797,-112.085,67.116
-336.371,20.4435,30.9718
-330.946,-11.3736,56.1554
-325.521,-11.0485,60.3335
-320.095,-34.9144,45.1374
-314.67,-30.064,-0.922936
-309.245,-18.4942,7.16744
-303.819,6.73608,67.9859
-298.394,1.37188,70.2523
-292.969,-12.4785,33.502
-287.543,-11.3247,-0.982457
-282.118,3.54444,-15.3985
-276.693,47.3586,-31.5196
-271.267,53.1673,-24.0385
-265.842,85.0494,-22.742
-260.417,-39.8993,3.71143
-254.991,-1403.67,516.109
-249.566,-2176.06,794.786
-244.141,-840.336,272.272
-238.715,-12.2578,-25.0908
-233.29,-63.6675,14.6299
-227.865,-39.5106,31.3959
-222.439,-67.4906,35.2051
-217.014,-90.0035,-7.68675
-211.589,-67.985,-24.0401
-206.163,-48.4423,-40.5662
-200.738,-72.8305,-74.7973
-195.312,-38.2342,-57.3751
-189.887,1.06014,-24.0315
-184.462,28.1501,-29.5822
-179.036,43.9551,-24.8418
-173.611,48.0215,-9.51685
-168.186,54.5016,11.4084
-162.76,2.71069,-62.4323
-157.335,48.447,400.74
-151.91,235.986,1330.8
-146.484,211.393,994.174
-141.059,44.7929,111.228
-135.634,9.59547,-23.0148
-130.208,11.7582,-4.25501
-124.783,13.4946,-15.0232
-119.358,5.52095,-15.6965
-113.932,-10.3786,-13.0399
-108.507,-71.7475,6.86338
-103.082,-250.752,23.1148
-97.6562,-225.268,16.2269
-92.2309,-6.58337,-5.00754
-86.8055,39.5943,-2.38353
-81.3802,-24.7672,18.4614
-75.9549,-32.1951,23.5527
-70.5295,-26.5089,-11.945
-65.1042,25.0565,-7.09681
-59.6788,-6.57849,-43.8259
-54.2535,-687.284,-453.201
-48.8281,-1026.78,-630.734
-43.4028,-374.44,-198.194
-37.9774,5.4561,33.9756
-32.5521,4.20778,11.909
-27.1267,8.36356,34.3392
-21.7014,-14.3434,47.5381
-16.276,-1.33398,35.6159
-10.8507,17.7201,22.0397
-5.42535,212.053,124.956
0,407.124,207.44
5.42535,225.733,98.1072
10.8507,28.246,1.3812
16.276,28.0296,-22.0135
21.7014,30.0283,-39.5462
27.1267,32.697,-13.4176
32.5521,12.1078,-3.5958
37.9774,30.6938,-15.5563
43.4028,-380.433,-186.432
48.8281,-1113.8,-459.95
54.2535,-770.623,-289.639
59.6788,-39.3227,20.4381
65.1042,8.98605,24.4423
70.5295,-25.2449,-14.4252
75.9549,0.130629,-39.8902
81.3802,0.37776,-30.8885
86.8055,21.3446,33.4334
92.2309,-7.92093,-2.38273
97.6562,-119.282,-191.784
103.082,-128.688,-216.449
108.507,-36.6197,-62.0793
113.932,-16.6498,-0.731717
119.358,-9.45358,13.6926
124.783,-4.22203,19.7479
130.208,3.46888,12.0136
135.634,-12.9793,21.2906
141.059,116.314,-29.1401
146.484,928.557,-413.34
151.91,1215.35,-591.31
157.335,352.682,-196.355
162.76,-48.9154,38.8899
168.186,41.2648,37.387
173.611,20.527,44.444
179.036,5.73867,50.162
184.462,-7.3864,40.1618
189.887,-18.8187,14.983
195.312,-68.891,2.79218
200.738,-103.321,-14.9562
206.163,-61.2925,-15.3464
211.589,-59.4093,-40.8705
217.014,-59.1215,-68.2962
222.439,-11.1884,-75.2941
227.865,2.176,-50.4188
233.29,-25.5869,-60.1074
238.715,-27.5039,4.83122
244.141,-273.664,-839.883
249.566,-636.062,-2227.63
254.991,-407.514,-1438.95
260.417,-20.4496,-34.4607
265.842,31.5921,82.1738
271.267,11.8033,57.1427
276.693,2.33668,56.841
282.118,-10.3744,11.9185
287.543,-7.45132,-8.58447
292.969,19.769,-29.7873
298.394,57.6416,-40.1835
303.819,58.961,-34.5115
309.245,-5.07207,-19.175
314.67,-18.4178,-23.7798
320.095,15.9948,-54.7776
325.521,42.3168,-44.4017
330.946,38.7455,-42.2087
336.371,37.073,-1.66578
341.797,-11.584,-130.128
347.222,-359.065,-969.288
352.648,-478.047,-1221.57
358.073,-142.416,-405.891
363.498,22.2711,-25.9019
368.924,28.3197,-19.7566
374.349,30.4097,22.4583
379.774,19.7701,-5.09098
385.2,3.81623,-59.5488
390.625,-28.7602,-76.3097
396.05,-33.1678,-46.3376
401.476,-19.2473,-40.2554
406.901,-2.78031,-29.076
412.326,-12.0229,17.4709
417.752,-20.1986,-0.284482
423.177,-15.6234,-17.5874
428.602,-3.67903,34.0811
434.028,25.9066,71.1927
439.453,19.7895,-5.16313
444.878,-168.304,826.287
450.304,-379.761,2102.26
455.729,-226.82,1343.21
461.154,-7.39907,102.508
466.58,1.93709,4.25283
472.005,-0.369378,24.9483
477.431,8.02765,-1.21817
482.856,3.60812,-1.37655
488.281,-20.8797,44.608
493.707,-57.3343,65.2098
499.132,-58.0116,34.0306
504.557,-53.8958,-0.730974
509.983,-30.1546,-3.18533
515.408,34.6457,55.1646
520.833,80.117,69.8328
526.259,53.6363,37.3107
531.684,8.75929,14.4085
537.109,-34.4623,37.1465
542.535,22.8227,-111.065
547.96,422.216,-816.424
553.385,534.19,-998.752
558.811,150.165,-320.35
564.236,1.63998,-14.904
569.661,7.93416,-7.26461
575.087,-15.3551,16.6047
580.512,7.92288,-12.2753
585.937,2.92118,-16.9794
591.363,-4.687,14.3804
596.788,-2.56093,63.5691
602.214,-6.02907,80.7654
607.639,-18.6186,50.3533
613.064,-24.2056,17.0111
618.49,33.9739,8.09059
623.915,83.106,18.2657
629.34,86.8069,-1.82946
634.766,94.3185,-60.0177
640.191,46.8296,-40.1814
645.616,296.14,-23.7416
651.042,649.369,-76.3512
656.467,341.958,-59.1904
661.892,-54.0471,-13.184
667.318,-75.0427,8.30733
672.743,-52.3027,-3.82514
678.168,-30.5146,-22.2918
683.594,-4.96792,-5.04557
689.019,25.4621,-7.62892
694.444,82.6612,-14.7904
699.87,101.704,-14.9007
705.295,77.2475,9.0798
710.72,60.4307,13.4899
716.146,12.0483,-58.4205
721.571,-14.9044,-40.455
726.996,19.9278,34.6199
732.422,22.3942,16.4891
737.847,-23.0596,-29.5353
743.273,-48.4012,52.7303
748.698,-102.709,343.477
754.123,-120.763,387.832
759.549,-36.7438,109.392
764.974,2.83787,-33.7256
770.399,-19.5409,-37.1767
775.825,-0.188169,-36.5648
781.25,4.62876,-39.6983
786.675,-30.4209,-31.8598
792.101,-20.9105,-41.8096
797.526,-25.2467,-46.1068
802.951,-36.1225,-30.5739
808.377,-37.2895,-22.7237
813.802,-51.8449,-7.0466
819.227,-18.0194,1.27322
824.653,-21.9962,16.1806
830.078,-80.5775,42.1059
835.503,-54.5587,-33.9911
840.929,-49.666,-137.999
846.354,359.666,132.033
851.779,864.557,456.287
857.205,433.586,261.933
862.63,-98.3529,29.1052
868.055,-108.846,-2.67141
873.481,8.23311,-53.6776
878.906,46.3268,-77.8558
884.331,-12.1355,-74.4722
889.757,-30.4733,-73.2319
895.182,-77.4056,-105.861
900.608,-75.8865,-128.41
906.033,20.8993,-61.7998
911.458,61.4723,-13.3026
916.884,12.2506,-35.729
922.309,-17.6731,-24.5707
927.734,-20.1711,-23.117
933.16,-39.9394,-50.5617
938.585,-13.4554,-29.9803
944.01,61.4361,116.221
949.436,102.868,397.346
954.861,55.1032,378.413
960.286,5.01147,22.7559
965.712,-1.85513,-106.198
971.137,-52.8936,-2.75253
976.562,-38.0142,43.8936
981.988,42.3508,38.5437
987.413,10.9246,13.1552
992.838,-45.7382,-46.0662
998.264,-43.4156,-29.8001
1003.69,13.4052,23.3803
1009.11,31.1437,30.5237
1014.54,-23.8019,17.7076
1019.97,-9.07988,-5.48
1025.39,-26.7121,-26.9438
1030.82,-124.068,-3.07498
1036.24,-97.3419,41.3022
1041.67,2.0041,13.8466
1047.09,-481.337,-81.6332
1052.52,-989.996,-97.7382
1057.94,-488.716,-18.4471
1063.37,-12.8128,-33.3421
1068.79,-11.3956,-70.6186
1074.22,54.1938,-22.1735
1079.64,90.2821,25.6772
1085.07,57.726,60.4177
1090.49,35.6449,39.7939
1095.92,59.7664,21.0477
1101.35,72.6006,28.6025
1106.77,45.2031,-28.8719
1112.2,13.5845,-67.7754
1117.62,29.5782,-62.2725
1123.05,62.4455,-28.4273
1128.47,28.3417,24.7446
1133.9,-3.41562,24.7759
1139.32,16.9679,16.7591
1144.75,38.2231,12.5494
1150.17,16.6284,-100.17
1155.6,-71.5749,-174.507
1161.02,-101.049,-88.6422
1166.45,-9.74299,-4.36221
1171.87,31.353,33.3134
1177.3,14.5038,70.2944
1182.73,82.82,81.285
1188.15,110.107,12.8356
1193.58,15.0578,-72.2378
1199,-47.5656,-56.9625
1204.43,-76.8055,31.7822
1209.85,-112.279,65.4771
1215.28,-85.5637,12.6498
1220.7,-36.1831,-13.4103
1226.13,9.91051,-10.4167
1231.55,52.9795,6.39185
1236.98,67.2107,22.4756
1242.4,127.405,-12.5455
1247.83,217.888,201.431
1253.26,188.386,430.954
1258.68,34.7488,175.761
1264.11,-26.7943,-66.3225
1269.53,-0.0973835,-37.0816
1274.96,11.6713,28.1725
1280.38,37.8214,39.0753
1285.81,39.3695,-59.5062
1291.23,9.23264,-115.615
1296.66,-32.4283,-72.9677
1302.08,-65.4063,-5.64937
1307.51,-47.1052,39.2812
1312.93,-21.0398,22.1498
1318.36,-57.3801,1.10665
1323.78,-97.5537,6.35187
1329.21,-88.4177,49.4768
1334.64,-41.387,87.7851
1340.06,55.3608,62.3049
1345.49,39.1296,-17.1309
1350.91,-97.8608,-179.938
1356.34,-69.0738,-196.183
1361.76,78.8725,-41.8303
1367.19,121.638,10.092
1372.61,40.8997,-2.2481
1378.04,-25.9866,-40.13
1383.46,-64.9329,-67.2854
1388.89,-79.3442,-20.4733
1394.31,-29.5662,6.30972
1399.74,-41.2399,-10.3676
1405.16,-75.8136,8.63877
1410.59,-39.1353,11.6359
1416.02,-16.1934,-25.3548
1421.44,-9.66918,-26.8116
1426.87,13.6818,-24.9767
1432.29,31.9373,-53.4048
1437.72,-37.3263,-100.599
1443.14,-177.873,-167.211
1448.57,17.5081,-203.448
1453.99,270.167,-126.159
1459.42,87.437,19.6387
1464.84,-56.0022,102.067
1470.27,-37.2115,76.9663
1475.69,-18.8296,24.9149
1481.12,35.0296,-2.7589
1486.55,60.5678,-17.5294
1491.97,80.739,19.3869
1497.4,138.48,26.3103
1502.82,121.236,-33.1987
1508.25,32.1421,-63.7103
1513.67,3.4313,-56.4171
1519.1,-42.1719,-39.7139
1524.52,-64.8203,34.4834
1529.95,-73.8103,134.215
1535.37,-141.459,123.115
1540.8,-116.311,41.0559
1546.22,-75.9326,-40.5075
1551.65,-187.334,-87.9557
1557.07,-185.408,-103.882
1562.5,-3.21009,-110.456
1567.93,101.551,-22.4628
1573.35,73.5065,83.0911
1578.78,-7.7158,49.259
1584.2,16.2385,-8.19242
1589.63,43.3904,-5.068
1595.05,-49.126,32.3216
1600.48,-127.376,71.1838
1605.9,-43.1561,40.9461
1611.33,72.2248,26.123
1616.75,-27.0112,83.7922
1622.18,-155.439,93.3357
1627.6,-89.0802,-1.4902
1633.03,61.6773,-61.7422
1638.45,111.209,-6.98187
1643.88,84.5736,46.4157
1649.31,58.8074,-68.3462
1654.73,21.3896,-166.038
1660.16,-51.6241,-29.1092
1665.58,-74.3467,69.5222
1671.01,-27.6406,20.729
1676.43,-46.8424,64.8981
1681.86,-33.9267,105.001
1687.28,31.3348,-20.6046
1692.71,7.58801,-59.448
1698.13,-37.5313,-10.1761
1703.56,-38.0832,31.0819
1708.98,-63.5299,128.618
1714.41,-48.6633,122.736
1719.83,54.9817,-41.098
1725.26,166.267,-151.988
1730.69,166.303,-146.353
1736.11,94.5769,-109.263
1741.54,164.886,-23.8257
1746.96,114.099,-72.4618
1752.39,-119.432,-381.039
1757.81,-55.3675,-410.385
1763.24,33.695,-103.386
1768.66,-161.077,-26.4035
1774.09,-295.413,-56.9697
1779.51,-161.62,9.78736
1784.94,101.329,30.7826
1790.36,107.07,1.12545
1795.79,-106.804,23.1494
1801.22,-93.8181,19.6341
1806.64,106.403,-26.2525
1812.07,128.799,85.0254
1817.49,-97.2532,260.874
1822.92,-276.062,312.54
1828.34,-341.446,155.483
1833.77,-374.903,-72.0514
1839.19,-149.378,-131.9
1844.62,92.7496,-206.583
1850.04,291.427,-412.815
1855.47,363.033,-396.823
1860.89,-1.97722,-202.46
1866.32,-242.665,-119.287
1871.74,-211.929,74.8724
1877.17,-303.673,198.555
1882.6,-356.954,132.026
1888.02,-265.387,17.0233
1893.45,-247.821,-55.4863
1898.87,-313.317,276.259
1904.3,-268.546,326.728
1909.72,129.817,-92.9351
1915.15,303.743,-191.883
1920.57,144.481,-206.206
1926,34.6537,-308.033
1931.42,-177.64,-325.998
1936.85,-271.956,-430.787
1942.27,94.6774,-496.666
1947.7,32.6578,-855.12
1953.12,-760.07,-1627.66
1958.55,-331.55,-1457.33
1963.98,525.016,-457.111
1969.4,191.559,98.752
1974.83,-363.334,-34.6312
1980.25,-395.493,-267.225
1985.68,200.846,-120.56
1991.1,250.157,106.747
1996.53,-41.6785,123.059
2001.95,-669.487,-18.4022
2007.38,15479.9,455.564
2012.8,35062,305.936
2018.23,19826.7,-818.212
2023.65,729.637,-557.887
2029.08,-420.338,311.129
2034.51,-445.128,412.552
2039.93,-90.4054,-30.1464
2045.36,268.869,-147.967
2050.78,320.241,852.442
2056.21,304.465,1237.72
2061.63,-110.577,239.547
2067.06,-468.49,-225.094
2072.48,-275.023,120.167
2077.91,-55.767,47.7504
2083.33,-344.154,-400.681
2088.76,-664.293,-327.189
2094.18,-346.58,119.669
2099.61,20.3216,282.706
2105.03,76.5326,94.6595
2110.46,224.138,36.0482
2115.89,299.1,3.56745
2121.31,291.432,-260.145
2126.74,210.17,-267.758
2132.16,92.4764,-293.524
2137.59,23.6699,-330.815
2143.01,-13.9078,-0.647505
2148.44,-119.812,172.754
2153.86,-398.972,94.0329
2159.29,-440.406,-10.6122
2164.71,-206.304,-100.044
2170.14,-89.3574,112.129
2175.56,-70.4603,217.488
2180.99,-81.6709,-66.2102
2186.41,-82.6292,-142.402
2191.84,56.2448,-19.6314
2197.27,195.514,-1.30043
2202.69,87.327,-53.9376
2208.12,-55.5977,-31.559
2213.54,-32.646,109.801
2218.97,-21.9135,142.697
2224.39,-39.9653,-5.56279
2229.82,-131.788,-130.917
2235.24,-214.347,-172.721
2240.67,-112.744,-228.234
2246.09,17.3206,-160.317
2251.52,145.971,183.149
2256.94,133.468,442.052
2262.37,46.9846,293.313
2267.79,133.366,27.3719
2273.22,111.376,-67.1981
2278.65,-70.8405,-76.2891
2284.07,-66.8689,-126.078
2289.5,-31.8663,-123.132
2294.92,-99.3675,-16.6372
2300.35,3.89801,120.86
2305.77,124.034,194.485
2311.2,-26.1963,195.097
2316.62,-211.645,147.713
2322.05,-194.615,19.6177
2327.47,-152.013,-9.64453
2332.9,-140.561,37.2343
2338.32,-54.1329,21.3141
2343.75,63.9526,15.9317
2349.18,55.3126,-210.222
2354.6,-28.5728,-506.877
2360.03,-42.1288,-380.364
2365.45,-28.2815,-66.8519
2370.88,57.9881,104.014
2376.3,133.51,82.5332
2381.73,136.544,-37.2983
2387.15,104.704,-112.662
2392.58,-18.1128,-148.238
2398,-89.0101,-91.1834
2403.43,-116.587,30.1133
2408.85,-155.925,105.3
2414.28,-21.5023,131.871
2419.7,104.559,127.793
2425.13,46.9066,70.3186
2430.56,35.1471,-52.7466
2435.98,-33.0276,-105.491
2441.41,-127.885,-52.4328
2446.83,-50.0872,-47.9306
2452.26,-61.0668,26.4347
2457.68,-91.3393,119.647
2463.11,-17.1361,52.6334
2468.53,-63.4522,35.4408
2473.96,-103.063,120.291
2479.38,-50.2671,61.6705
2484.81,-49.1352,-85.1811
2490.23,-64.494,-60.9358
2495.66,-45.6367,-32.8654
2501.08,11.9157,-60.9865
2506.51,31.5583,-26.4238
2511.94,16.2973,2.91969
2517.36,13.1406,105.028
2522.79,9.79958,154.811
2528.21,-42.0202,37.3427
2533.64,-70.0706,3.45189
2539.06,54.5191,16.7149
2544.49,109.842,-14.4566
2549.91,2.74744,36.311
2555.34,-76.9231,24.8708
2560.76,-36.9927,-115.276
2566.19,-3.50578,-130.313
2571.61,-41.217,21.1793
2577.04,52.3856,75.3733
2582.47,151.931,-0.00950623
2587.89,84.2903,-35.3098
2593.32,44.6054,-6.00329
2598.74,17.2395,44.1474
2604.17,-41.658,36.7697
2609.59,-11.3709,30.8222
2615.02,52.1293,44.7572
2620.44,20.8549,-45.3528
2625.87,-76.5848,-94.7624
2631.29,-79.4161,-30.098
2636.72,-3.27899,-15.063
2642.14,-41.4409,3.34961
2647.57,4.14432,76.8645
2652.99,284.797,106.734
2658.42,317.657,37.4205
2663.85,109.996,23.1245
2669.27,41.0158,38.8396
2674.7,27.9312,-44.5277
2680.12,31.4776,-31.3848
2685.55,22.0575,9.9849
2690.97,9.66628,-22.6636
2696.4,25.7305,-29.8677
2701.82,-2.22602,-35.0664
2707.25,-20.2659,-31.2361
2712.67,-20.6527,-6.55737
2718.1,-49.4732,-12.7248
2723.52,-54.1765,-20.1878
2728.95,-8.50479,39.6824
2734.37,-35.9881,85.9788
2739.8,-68.6712,54.2364
2745.23,-1.6229,-11.2945
2750.65,-95.7651,-4.10995
2756.08,-236.715,86.7504
2761.5,-95.5421,65.0735
2766.93,39.2219,-12.3306
2772.35,26.8126,32.9998
2777.78,18.698,63.4871
2783.2,-9.87403,-58.8114
2788.63,-18.1579,-127.634
2794.05,-3.05347,7.80251
2799.48,-29.7879,132.147
2804.9,-49.2575,111.667
2810.33,-36.3568,50.8356
2815.75,-48.2382,46.7659
2821.18,-69.0559,80.7727
2826.61,-66.6175,53.2081
2832.03,-15.1591,-28.3493
2837.46,54.4958,-74.9686
2842.88,56.7334,-66.517
2848.31,72.0697,-27.6983
2853.73,156.393,-50.1595
2859.16,141.789,-103.914
2864.58,29.1959,-35.3961
2870.01,-23.4951,59.1519
2875.43,-56.9995,49.5742
2880.86,-83.6906,6.86412
2886.28,-46.572,-19.388
2891.71,3.40061,10.0422
2897.14,48.2917,46.0701
2902.56,84.4435,-8.72562
2907.99,66.925,-40.1504
2913.41,28.7646,0.835924
2918.84,20.2044,20.3219
2924.26,-2.94339,22.1888
2929.69,-31.0004,-21.7563
2935.11,-24.7237,-54.463
2940.54,-14.7239,0.630623
2945.96,-10.0691,32.284
2951.39,34.3099,77.9401
2956.81,61.1596,113.202
2962.24,-20.802,11.5638
2967.66,-47.6353,-75.8648
2973.09,-12.7108,-65.5369
2978.52,-26.605,16.4037
2983.94,-24.6332,36.2118
2989.37,-38.2485,-30.9016
2994.79,-52.1028,-9.84842
3000.22,-19.7549,22.0776
3005.64,12.064,4.64588
3011.07,28.2062,-9.81927
3016.49,31.2885,-20.3916
3021.92,40.5425,-21.5132
3027.34,17.2842,-19.1
3032.77,-47.865,-2.38655
3038.19,-56.5288,21.8333
3043.62,-28.158,53.8692
3049.04,-26.9847,84.5472
3054.47,-41.7939,28.7379
3059.9,-26.5196,-11.9435
3065.32,6.71688,17.4261
3070.75,16.1158,40.6721
3076.17,-19.4243,69.4081
3081.6,-28.5829,65.6639
3087.02,51.0619,29.2311
3092.45,75.8043,-7.10126
3097.87,12.4641,-11.5414
3103.3,-13.994,-27.6563
3108.72,-9.53041,-60.2568
3114.15,-11.9464,-5.41542
3119.57,-0.718061,42.3885
3125,-7.64886,-13.757
3130.43,-33.8547,-48.7637
3135.85,-39.3722,-29.4387
3141.28,-41.1883,-17.5367
3146.7,-37.9076,-8.4458
3152.13,21.9533,38.7486
3157.55,58.7633,57.8132
3162.98,18.2911,-2.67173
3168.4,-3.52143,-22.7321
3173.83,-1.92915,-18.9122
3179.25,12.629,-60.1557
3184.68,63.7119,-63.9435
3190.1,53.7395,20.4128
3195.53,-44.4765,47.9903
3200.95,-71.6861,-15.8373
3206.38,-43.4045,-3.34447
3211.81,-25.3322,28.6679
3217.23,7.73412,21.7888
3222.66,18.3661,22.0386
3228.08,26.4279,-8.09545
3233.51,41.1701,-25.0673
3238.93,17.9161,-7.33972
3244.36,-20.6084,-20.9498
3249.78,-9.56864,-46.0065
3255.21,27.6933,-3.31198
3260.63,-9.62446,72.1513
3266.06,-54.7822,74.3771
3271.48,-0.0532711,6.53086
3276.91,40.0425,-27.3764
3282.33,33.552,5.45208
3287.76,21.5825,35.9131
3293.19,-17.3633,11.7145
3298.61,-48.0959,-42.2302
3304.04,-38.104,-26.4554
3309.46,23.2017,20.0261
3314.89,39.7931,-14.6031
3320.31,-17.6313,-45.7147
3325.74,-52.4103,-17.602
3331.16,-24.2607,-6.30449
3336.59,-6.35541,-2.06988
3342.01,-67.4992,31.0785
3347.44,-39.7689,46.1253
3352.86,112.657,45.6765
3358.29,157.837,26.5998
3363.71,58.0851,-35.0884
3369.14,-13.8662,-94.1609
3374.57,-2.16883,-117.893
3379.99,0.382351,-72.9548
3385.42,-41.1355,-12.2214
3390.84,-55.0215,-8.9862
3396.27,-10.745,-8.49838
3401.69,43.0772,33.9396
3407.12,61.7096,79.1499
3412.54,37.7611,73.533
3417.97,2.48514,34.2047
3423.39,13.2127,-1.70162
3428.82,36.9479,-9.06051
3434.24,11.0659,24.161
3439.67,-28.4177,17.6448
3445.1,-17.85,-19.533
3450.52,37.6516,11.2035
3455.95,37.2211,77.2673
3461.37,6.06545,101.471
3466.8,-1.453,61.4418
3472.22,-21.5064,30.411
3477.65,-32.0982,47.838
3483.07,-6.29021,42.5393
3488.5,32.1,0.0206528
3493.92,34.1943,-51.608
3499.35,-2.54555,-71.6763
3504.77,-23.5188,-42.3013
3510.2,-17.3644,9.01367
3515.62,-19.2439,37.7669
3521.05,-4.90623,22.1827
3526.48,33.0731,16.4338
3531.9,50.4951,-18.8732
3537.33,36.8012,-81.519
3542.75,-7.45337,-51.9947
3548.18,-6.30401,12.7057
3553.6,76.0824,34.3246
3559.03,92.5621,27.2867
3564.45,-0.900067,6.04303
3569.88,-68.7384,1.38867
3575.3,-57.8432,28.0674
3580.73,-13.844,64.0605
3586.15,9.63748,72.8723
3591.58,-0.35368,76.8269
3597,-4.64651,85.9983
3602.43,-8.58894,46.8962
3607.86,-27.6037,-20.1145
3613.28,-2.5675,-16.8781
3618.71,12.6898,20.7875
3624.13,-37.9274,34.9112
3629.56,-48.7391,59.5474
3634.98,-8.99343,47.1853
3640.41,18.4016,16.675
3645.83,7.59527,16.8169
3651.26,-5.17275,3.60168
3656.68,-23.0881,-8.84062
3662.11,-32.4026,-13.857
3667.53,-14.7379,-18.9549
3672.96,-30.1311,-11.6202
3678.39,-29.931,15.0631
3683.81,4.4834,38.8497
3689.24,8.96524,23.0224
3694.66,-39.7934,1.86507
3700.09,-87.4377,6.24129
3705.51,-47.5925,4.46217
3710.94,38.5059,-21.8641
3716.36,85.8564,-9.40127
3721.79,69.2246,38.809
3727.21,20.951,39.837
3732.64,-17.1518,-5.92456
3738.06,-48.6578,-27.6372
3743.49,-34.306,-15.7742
3748.91,-3.86239,-16.3451
3754.34,-22.799,-30.7161
3759.77,-17.4568,-11.1265
3765.19,25.0081,38.8038
3770.62,35.9777,24.8573
3776.04,14.5699,-27.4316
3781.47,-20.3596,-17.4857
3786.89,-14.8075,-19.9252
3792.32,7.23563,-86.4999
3797.74,-14.7214,-101.235
3803.17,-18.7067,-67.7256
3808.59,-3.21657,-39.0901
3814.02,26.4836,-11.3962
3819.44,64.4936,-1.53842
3824.87,43.3355,16.9495
3830.29,-9.61527,39.7539
3835.72,-59.3492,43.8111
3841.15,-60.119,41.5044
3846.57,-21.5494,21.2926
3852,-21.7487,-1.71759
3857.42,-15.7857,22.6382
3862.85,23.8085,27.3747
3868.27,36.1566,-50.1129
3873.7,20.8315,-124.985
3879.12,5.26282,-134.952
3884.55,-32.5914,-97.8176
3889.97,-44.5432,-71.2911
3895.4,-26.835,-79.8218
3900.82,-21.0435,-63.4348
3906.25,18.0662,-14.8746
3911.68,50.8352,24.2968
3917.1,51.5894,47.1565
3922.53,51.5049,36.4911
3927.95,22.7546,8.57348
3933.38,-33.7072,-0.175809
3938.8,-23.0853,-9.96318
3944.23,2.20041,-53.6497
3949.65,-65.7315,-51.0667
3955.08,-82.5412,2.95581
3960.5,-10.1642,17.9018
3965.93,20.5976,22.6223
3971.35,-8.72337,6.58643
3976.78,-51.435,-15.4645
3982.2,-35.7705,25.4584
3987.63,8.09102,77.0457
3993.06,1.39453,58.8332
3998.48,-12.7398,13.137
4003.91,6.67601,10.8031
4009.33,34.1878,4.72641
4014.76,32.3381,-27.0642
4020.18,-10.4481,4.41898
4025.61,-11.826,52.669
4031.03,50.5014,18.5211
4036.46,38.1557,-57.4058
4041.88,-38.2148,-88.5289
4047.31,-53.4534,-36.8774
4052.73,0.591301,-0.829995
4058.16,21.7327,6.36733
4063.58,-1.56033,29.5864
4069.01,-1.61048,12.1535
4074.44,2.6817,-36.4314
4079.86,2.00571,-44.308
4085.29,0.322245,11.5783
4090.71,9.17555,48.1325
4096.14,38.3738,21.0061
4101.56,74.1089,13.211
4106.99,69.488,20.2855
4112.41,32.7058,4.21843
4117.84,27.4911,3.40204
4123.26,22.5309,21.1841
4128.69,8.35023,22.7027
4134.11,40.148,10.4643
4139.54,58.5753,24.0064
4144.96,24.6888,6.4379
4150.39,-9.56202,-31.6907
4155.82,-23.2194,-10.825
4161.24,-10.3251,25.2798
4166.67,5.20096,41.8024
4172.09,14.9349,23.7044
4177.52,23.4372,13.2375
4182.94,17.3831,24.9123
4188.37,-24.4642,21.1633
4193.79,-39.6719,41.6869
4199.22,-16.0313,58.3369
4204.64,-22.3627,11.6714
4210.07,-40.4913,-43.8191
4215.49,-38.0212,-39.1543
4220.92,-22.8096,-10.4081
4226.35,-3.50171,-26.065
4231.77,6.7559,-20.5554
4237.2,15.1046,27.7451
4242.62,27.8835,8.66846
4248.05,4.59624,-11.6872
4253.47,-7.59881,10.1123
4258.9,-12.7546,27.7152
4264.32,-0.596252,63.7338
4269.75,18.2903,45.5798
4275.17,-35.5911,-5.84734
4280.6,-55.1139,5.07623
4286.02,-14.9324,35.0167
4291.45,14.0468,46.7481
4296.87,22.2275,35.6379
4302.3,16.9449,-11.769
4307.73,19.3416,-34.9736
4313.15,7.05924,9.73646
4318.58,-24.6393,27.6495
4324,-36.3732,3.3919
4329.43,-0.833312,-3.35847
4334.85,35.9852,-31.4559
4340.28,33.2749,-47.4193
4345.7,21.6683,3.45041
4351.13,-2.29982,26.7208
4356.55,-19.377,-13.9956
4361.98,-21.4628,-32.7338
4367.4,-27.3156,-25.1532
4372.83,-8.57906,-37.5822
4378.25,11.4902,-24.611
4383.68,-3.29111,15.2708
4389.11,-16.1001,6.16545
4394.53,-6.34487,-2.50453
4399.96,9.20879,29.9089
4405.38,36.804,57.545
4410.81,16.0311,59.0968
4416.23,-46.1214,30.2089
4421.66,-33.7912,-0.0142326
4427.08,10.1935,-12.3808
4432.51,-8.25524,-9.17572
4437.93,-58.0698,0.0923843
4443.36,-64.8279,17.0162
4448.78,-27.8857,47.6319
4454.21,-3.19447,43.418
4459.63,5.19915,4.99603
4465.06,19.479,-23.9492
4470.49,20.7152,-38.1595
4475.91,-16.5716,-12.4941
4481.34,-58.4327,18.0036
4486.76,-42.3872,-1.16497
4492.19,8.55503,-40.1384
4497.61,16.1175,-49.3811
4503.04,4.92573,-25.8534
4508.46,6.79744,-27.7338
4513.89,22.911,-26.5494
4519.31,55.1987,36.3876
4524.74,53.7263,85.8489
4530.16,27.1531,50.5013
4535.59,17.8809,-15.4591
4541.02,0.503162,-21.572
4546.44,-25.2818,7.62597
4551.87,6.25836,10.8585
4557.29,31.2307,10.6786
4562.72,-17.0459,23.6481
4568.14,-45.0625,32.8193
4573.57,-11.948,36.9942
4578.99,15.5213,44.9269
4584.42,8.27162,36.2263
4589.84,13.846,11.4275
4595.27,11.9539,13.4986
4600.69,-8.43446,51.8904
4606.12,-8.50324,79.511
4611.54,-26.8724,40.6129
4616.97,-36.5212,-19.5661
4622.4,2.04853,-20.7486
4627.82,33.3816,21.0503
4633.25,18.461,50.9821
4638.67,-9.68894,55.0409
4644.1,-20.6941,34.6339
4649.52,-21.3134,-18.2903
4654.95,-10.6775,-54.5168
4660.37,0.621861,-57.2281
4665.8,9.92082,-57.9397
4671.22,-10.2575,-37.7482
4676.65,-35.1945,-2.99623
4682.07,-13.2331,15.3309
4687.5,11.319,-3.99833
4692.92,5.31565,-15.6689
4698.35,18.1782,12.3227
4703.78,36.3371,15.9069
4709.2,-20.7364,16.1406
4714.63,-50.7956,37.7347
4720.05,-15.1267,18.5608
4725.48,-24.3399,-23.2879
4730.9,-28.472,-58.2102
4736.33,-13.7654,-77.4862
4741.75,-16.7219,-64.3268
4747.18,-10.1742,-31.4914
4752.6,2.74904,12.4133
4758.03,9.73479,50.1001
4763.45,9.17126,56.0408
4768.88,10.9141,29.2222
4774.31,21.9122,26.0727
4779.73,44.7709,23.2467
4785.16,44.683,-15.3521
4790.58,17.9901,8.09466
4796.01,-9.58382,87.2147
4801.43,-23.2192,94.4528
4806.86,-8.7428,3.74774
4812.28,11.8379,-61.4001
4817.71,13.4111,-37.5021
4823.13,-8.95781,-1.80006
4828.56,-20.078,20.2772
4833.98,-15.1397,25.8317
4839.41,-1.04979,13.7893
4844.83,0.250015,23.5448
4850.26,-17.0618,32.0133
4855.69,4.97775,14.8271
4861.11,36.2763,-14.726
4866.54,39.7179,-46.8065
4871.96,37.2264,-50.5388
4877.39,36.3758,-35.7597
4882.81,23.0762,-21.0297
4888.24,-3.8436,17.8067
4893.66,10.3441,52.8732
4899.09,48.7694,39.7469
4904.51,29.6497,13.7917
4909.94,-2.4276,0.931515
4915.36,8.52575,-26.5393
4920.79,34.8693,-41.805
4926.21,46.9811,-14.016
4931.64,26.8545,7.59626
4937.07,2.5601,-0.804542
4942.49,-0.511074,-37.9214
4947.92,7.36607,-63.9389
4953.34,16.2843,-39.3333
4958.77,11.6832,-11.6812
4964.19,-8.7601,22.1965
4969.62,1.03103,50.5088
4975.04,17.2451,27.5692
4980.47,-37.0852,11.8053
4985.89,-69.4711,17.2042
4991.32,-12.3308,-21.6351
4996.74,24.5865,-59.1326
5002.17,22.4378,-36.9851
5007.6,20.8777,-7.79621
5013.02,-0.751259,-4.91265
5018.45,-28.4487,1.10174
5023.87,-61.8421,38.8896
5029.3,-89.2148,68.7256
5034.72,-85.0765,58.0475
5040.15,-58.3511,34.1045
5045.57,-42.1344,-7.86594
5051,-64.9761,-37.1623
5056.42,-49.82,6.25786
5061.85,15.0469,51.2786
5067.27,40.3982,44.1156
5072.7,33.6106,17.883
5078.12,24.2261,-2.87055
5083.55,31.7967,4.83035
5088.98,51.2413,7.11637
5094.4,4.96668,30.63
5099.83,-49.3368,35.8203
5105.25,-18.1611,-23.6613
5110.68,16.1479,-40.561
5116.1,2.16628,-22.1641
5121.53,-12.1658,-0.614938
5126.95,1.21852,24.687
5132.38,17.2707,72.8921
5137.8,31.0664,104.842
5143.23,40.3584,58.5975
5148.65,25.6077,32.1142
5154.08,13.2513,17.984
5159.5,-2.23157,-17.6474
5164.93,-11.6778,-27.7609
5170.36,8.65563,-44.1944
5175.78,34.0173,-53.5879
5181.21,53.0933,-56.417
5186.63,25.128,-39.6116
5192.06,-31.1831,28.6262
5197.48,-28.756,47.3381
5202.91,-19.4891,36.6247
5208.33,-33.5028,50.02
5213.76,6.11974,29.3986
5219.18,44.5724,20.3837
5224.61,17.0689,25.1677
5230.03,14.5773,-30.9362
5235.46,65.2449,-81.3068
5240.88,69.7302,-47.8518
5246.31,38.8168,-18.7201
5251.74,31.6116,-22.7114
5257.16,18.2227,32.2192
5262.59,-3.03437,86.7161
5268.01,4.71584,48.7551
5273.44,31.4247,6.26793
5278.86,28.0809,26.5564
5284.29,10.6081,36.8714
5289.71,-0.967579,-3.81103
5295.14,-7.03833,-28.7919
5300.56,13.797,-15.4526
5305.99,7.49548,-22.1874
5311.41,-20.6483,-34.9829
5316.84,-36.5682,-3.3807
5322.27,-5.49764,-16.8007
5327.69,76.8396,-59.8763
5333.12,65.3941,-32.6295
5338.54,-6.23233,3.37271
5343.97,-24.2823,8.40988
5349.39,-4.20249,-8.72263
5354.82,5.37035,-27.1197
5360.24,-30.3478,-36.3786
5365.67,-51.9291,-14.7298
5371.09,-36.4761,6.31145
5376.52,-36.6014,-14.8248
5381.94,-41.1106,-19.122
5387.37,-20.6097,-11.0685
5392.79,14.9679,-20.43
5398.22,11.7089,-23.9213
5403.65,-32.8731,-8.67767
5409.07,-35.8025,2.28911
5414.5,-37.4058,-8.85016
5419.92,-16.7239,-2.28051
5425.35,31.7262,-0.28802
5430.77,27.7874,-15.8602
5436.2,29.4297,-10.7257
5441.62,43.2923,-13.6314
5447.05,41.2988,-24.9816
5452.47,3.67724,-40.3307
5457.9,-21.155,-15.4066
5463.32,28.0417,41.3954
5468.75,73.4908,39.3496
5474.17,34.3865,38.035
5479.6,-16.8401,35.3739
5485.03,4.10953,5.06225
5490.45,8.48521,27.4653
5495.88,-19.9455,33.5245
5501.3,-10.7295,-10.6224
5506.73,5.09606,-32.5355
5512.15,-4.95569,-42.3432
5517.58,-9.54693,-71.4464
5523,0.841991,-70.8798
5528.43,10.7177,-15.6541
5533.85,5.99751,22.277
5539.28,6.3258,5.19971
5544.7,14.169,-24.2816
5550.13,-22.0862,-24.1809
