-879.521 -97.5498 97.3983 496.095 271.02 207.754 442.587 -80.6453 230.864 483.345 -269.102 116.99 88.4006 -170.197 1269.8 -5.36193 174.827 -453.332 61.9509 -13.3414 -442.888 237.794 -343.718 -120.936 393.127 -877.035 -479.563 567.037 201.269 -117.085 -369.1 -31.3283
520.941 -312.984 -860.758 948.641 260.065 731.997 -6.2186 -462.318 -217.201 649.15 359.136 436.996 352.043 -439.697 82.86 -862.097 254.549 -419.496 -29.8811 -1027 600.245 249.371 616.094 -99.0471 499.158 -148.049 -7.95114 -743.249 456.327 -625.484 -521.463 490.63
238.195 56.8041 230.049 -842.195 387.738 -186.781 -677.662 816.273 715.629 -447.698 705.832 53.7345 703.506 591.617 569.806 746.297 652.336 -1515.34 1484.3 -742.15 1599.45 225.502 861.979 197.192 -369.625 181.807 -424.111 -1596.42 758.408 -134.884 212.424 -523.521
-365.48 -592.244 -148.611 33.5094 -26.8671 -390.348 -115.554 -419.838 648.774 -1202.11 291.637 337.353 925.422 99.4637 2344.65 -188.992 575.934 -917.617 69.0041 -1062.46 246.183 -496.445 326.158 -339.903 411.355 -784.499 1034.22 -1155.95 -353.005 -691.814 -117.685 -1085.26
-124.104 313.185 620.68 77.029 344.14 -58.4052 428.174 -303.78 653.062 295.613 1686.17 -22.8858 982.978 453.379 1165.64 -353.585 1642.13 -710.258 645.627 -1011.23 143.943 -361.18 1027.64 80.4513 175.569 -924.738 689.134 -503.094 269.662 -404.821 848.182 225.438
4.84241 66.1144 -882.681 -615.381 853.264 -97.6592 865.758 -356.745 2019.79 -1048.74 -114.229 424.905 776.877 57.7115 1437.96 731.997 1582.34 65.9448 2806.45 5.82129 124.561 -768.879 719.521 741.854 639.9 1233.24 -238.862 -770.215 464.724 -332.86 789.602 -412.225
-87.4808 -601.128 976.317 -230.624 658.721 180.962 444.332 -637.669 583.516 -1266.01 843.682 -793.76 626.297 173.32 2003.4 -332.11 2573.87 -2104.67 887.778 -870.957 876.828 -1576.49 641.185 707.734 902.401 -355.365 -406.671 381.322 739.181 496.973 268.9 -1096.03
135.306 340.715 -412.274 -398.394 571.206 -251.162 1399.23 -862.333 -85.2974 -1097.16 541.841 -260.278 813.387 -78.9084 677.708 -1997.04 988.572 -1644.38 609.973 -1717.41 270.623 -742.61 959.138 -337.909 505.438 -480.357 369.1 -1025.93 -607.321 -749.344 -84.9456 341.51
-228.646 349.298 427.599 50.0092 1505.99 -121.791 916.173 -890.487 442.139 -1209.1 81.5058 -1246 -69.4657 -81.0875 1705.61 -510.002 1625.62 -1518.31 182.995 -1484.75 701.41 -1285.11 -326.555 -559.662 424.456 -1198.98 516.935 -2188.95 -142.994 -1148.72 582.005 557.631
384.334 -52.0833 171.062 -1099.92 744.072 101.605 1996.79 -860.254 332.927 -1000.83 269.233 -461.301 590.174 -35.109 2717.52 638.924 1587.79 -726.051 1631.39 -1288.42 684.139 -121.567 549.178 667.739 1593.73 191.671 66.8976 -695.331 215.377 -423.276 271.258 -368.811
-604.577 333.931 782.193 316.091 395.009 343.92 1142.77 242.146 893.846 -1178.92 591.73 -584.36 1390.38 -319.76 1877.47 -365.572 2448.53 -399.123 1554.98 -2173.5 1103.54 -1029.8 556.027 64.8342 1319.86 230.622 222.218 907.707 819.221 193.975 -440 324.476
130.13 71.4721 -435.859 -525 75.614 138.873 1183.4 -904.659 1341.86 -664.784 479.586 -1013.27 786.415 187.195 965.23 628.277 1827.51 415.376 1356 -710.314 527.133 -464.96 625.045 -367.433 954.411 124.79 180.63 -327.966 917.271 306.719 -1.08487 -462.167
-327.889 616.779 -79.2246 -785.304 -367.005 784.813 1170.75 550.227 1124.24 -107.858 1015.92 -786.977 1394.66 -393.988 1052.86 650.728 1646.92 -56.5141 1084.2 -1210.31 1363.18 -319.525 372.575 -383.414 291.863 -919.181 1079.14 -787.732 263.978 -448.728 636.542 -556.053
538.609 -62.6706 136.96 797.106 237.644 465.47 -141.272 -137.303 469.684 -230.784 338.85 -591.069 118.492 -388.963 545.072 -491.097 1867.48 -1417.19 -768.673 -2426.85 -175.527 -1318.71 343.244 -400.037 1042.52 -191.955 -68.5591 -579.777 -34.9008 231.484 -79.0561 750.134
-30.1467 -457.819 41.8529 -464.638 243.116 542.164 679.658 225.68 0.955856 -606.337 -321.998 -751.889 -94.8399 -385.943 951.261 -136.338 343.467 -662.497 678.355 -536.074 822.359 -46.0262 1141.41 769.056 507.726 -660.503 147.308 -335.041 353.456 -442.715 -813.409 -855.233
1075.8 -806.237 325.948 979.349 -424.518 -78.8651 232.397 28.1611 -461.917 264.854 -159.702 25.3615 257.104 -466.953 190.906 -893.484 1408 -1000.62 -34.1232 -329.841 913.626 -918.969 926.035 -74.7346 -21.7618 457.087 195.543 357.781 574.288 818.325 287.256 -453.884
