5076.05 7096.27 6451.41 1053.45 3062.02 463.414 1173.49 3672.69 6498.55 7039.33 3590.55 1420.56 1565.39 5851.59 4649.58 3618.66
4900.47 5792.91 2748.39 705.797 672.192 2522.18 2559.64 2578.62 4895.64 4807.9 3731.7 892.598 3252.93 7497.86 5705.39 2528.61
601.866 2552.64 459.397 3371.53 2606 2957.08 3467.19 1253.63 2434.92 1924.74 4409.37 2937.43 1361.03 5539.23 7419.82 5094.36
5191.06 4475.22 2233.78 2984.5 1869.9 2499.16 2748.49 1703.47 2688.84 4287.98 4598.19 1816.73 685.985 3979.61 6157.92 6448.84
5512.87 4437.87 4844.53 2882.72 1081.35 2323.85 2244.42 4243.48 6060.26 3556.58 1934.16 5725.42 4475.54 2283.3 740.823 3664.06
4331.31 7034.88 8247.09 4370.03 481.658 3177.23 1263.69 9259.55 13489.2 7040.59 5523.25 11018.7 8049.38 4208.88 3967.7 1027.24
2089.81 7001.99 7998.67 5938.89 3250.14 4668.8 5971.41 9567.15 14227.1 8195.55 4256.29 9117.6 7125.91 3547 4395.65 4203.46
4940.26 5121.26 5169.49 5783.85 3311.07 4197.28 8362.94 23693.5 38034.6 26906.4 17374.9 22525.4 16858.3 3266.87 3910.75 6192.72
1418.79 1895.72 2588.45 2830.8 2624.24 4548.78 10195.8 40195.2 64875.3 46982.8 25567.8 28786.8 23501.2 5644.56 2061.88 3187.78
4225.54 4979.33 1096.62 3279.45 3548.06 5018.02 6366.66 23663.5 35352.9 24326.1 12053.9 13430.4 10255.7 2732.55 4313.49 2693.4
3919.66 3425.52 2899.73 4967.88 3752.01 2787.76 3496.87 5989.12 8617.6 5759.17 2178.72 3591.64 3705.62 2826.59 2706.82 2724.11
1087.48 1264.28 1291.91 3230.53 4422.79 657.362 3433.7 12700.3 15363.2 7820.59 3876.68 3880.52 2953.94 3870.76 5971.44 3258.43
2382.16 3551.1 3773.37 2615.79 3104.47 2169.92 6887.24 12697.2 11117.2 5436.5 6620.17 6381.22 5223.35 971.686 5449.42 4244.7
3839.68 5032.44 6074.84 3282.48 2632.59 2022.44 5885.68 11711.1 10997.2 9914.87 10498.6 9394.22 6244.67 400.25 4632.14 5202.6
5345.65 1342.49 629.674 1458.19 1631.96 1840.84 4508.38 5509.42 5297.11 3753.04 3685.96 6913.02 6616.19 2514.61 4232.79 6794.47
4870.68 5562.3 7390.11 5089.98 1962.18 1925.31 859.549 4106.83 7063.71 6469.11 4881.2 4878.01 4883 4222.78 4540.76 5945.92
